 0.00E+00
 0.00E+00
 0.00E+00
 0.00E+00
 0.00E+00
 0.00E+00
 0.00E+00
 0.00E+00
 0.00E+00
 0.00E+00
 0.00E+00
 0.00E+00
 0.00E+00
 0.00E+00
 0.00E+00
 0.00E+00
 1.42E+02
 2.85E+01
 4.29E+01
 3.32E+01
 2.98E+00
 1.45E+01
 6.96E+00
 7.58E+00
 2.42E+00
 0.00E+00
 4.31E-07
 4.79E-08
 8.54E-08
 1.14E-07
 5.53E+01
 6.25E+01
 5.79E+01
 5.79E+01
 1.53E+00
 3.98E+00
 1.39E+01
 7.96E+00
 7.91E+00
 2.47E+00
 0.00E+00
 0.00E+00
 0.00E+00
 0.00E+00
 0.00E+00
 2.14E+03
 3.94E+03
 3.16E+03
 3.11E+03
 4.01E+02
 1.93E+01
 3.31E+01
 2.62E+01
 2.64E+01
 3.36E+00
 1.23E+03
 6.90E+03
 1.78E+03
 1.94E+03
 8.34E+02
 7.96E+00
 1.22E+02
 4.49E+01
 4.14E+01
 2.48E+01
 2.50E+01
 4.09E+01
 3.09E+01
 3.12E+01
 3.52E+00
 9.59E+00
 4.07E+01
 2.93E+01
 2.94E+01
 5.20E+00
 1.25E+02
 5.91E+02
 3.44E+02
 3.46E+02
 1.46E+02
 6.28E+01
 4.65E+02
 2.61E+02
 2.75E+02
 8.63E+01
 2.25E+01
 4.94E+01
 3.05E+01
 3.20E+01
 5.99E+00
 1.71E+01
 3.11E+01
 2.44E+01
 2.45E+01
 3.94E+00
 5.76E+01
 3.50E+02
 1.21E+02
 1.47E+02
 7.44E+01
 2.02E+02
 2.22E+02
 2.10E+02
 2.11E+02
 4.06E+00
 1.00E+02
 3.97E+03
 1.00E+02
 3.65E+02
 9.24E+02
 4.15E+02
 4.64E+02
 4.34E+02
 4.34E+02
 8.16E+00
 4.99E+02
 5.16E+02
 5.06E+02
 5.06E+02
 3.85E+00
 4.80E+02
 5.63E+02
 4.80E+02
 4.89E+02
 2.47E+01
 3.00E+02
 1.31E+03
 9.06E+02
 7.06E+02
 4.06E+02
 5.03E+02
 5.40E+02
 5.23E+02
 5.22E+02
 7.75E+00
 4.59E+02
 5.08E+02
 4.59E+02
 4.67E+02
 1.79E+01
 3.09E+02
 4.06E+02
 3.45E+02
 3.47E+02
 1.97E+01
 5.79E+05
 6.89E+05
 6.14E+05
 6.18E+05
 3.62E+04
