 0.00E+00
 0.00E+00
 0.00E+00
 0.00E+00
 0.00E+00
 0.00E+00
 0.00E+00
 0.00E+00
 0.00E+00
 0.00E+00
 0.00E+00
 0.00E+00
 0.00E+00
 0.00E+00
 0.00E+00
 0.00E+00
 6.41E+01
 5.86E+01
 5.65E+01
 1.11E+01
 0.00E+00
 7.96E+00
 2.98E+00
 2.78E+00
 1.74E+00
 0.00E+00
 0.00E+00
 0.00E+00
 0.00E+00
 0.00E+00
 3.17E+01
 3.60E+01
 3.34E+01
 3.35E+01
 8.37E-01
 0.00E+00
 5.97E+00
 1.99E+00
 2.02E+00
 1.32E+00
 0.00E+00
 0.00E+00
 0.00E+00
 0.00E+00
 0.00E+00
 9.84E+02
 1.94E+03
 1.38E+03
 1.41E+03
 2.15E+02
 0.00E+00
 6.40E+01
 1.99E+00
 4.49E+00
 8.77E+00
 1.50E+01
 1.10E+03
 4.35E+02
 4.63E+02
 2.63E+02
 1.38E+00
 2.66E+01
 1.66E+01
 1.49E+01
 6.25E+00
 2.52E+00
 2.80E+01
 2.21E+01
 2.19E+01
 3.84E+00
 2.79E-01
 1.02E+01
 3.39E+00
 3.69E+00
 2.15E+00
 3.25E+00
 2.57E+02
 2.11E+01
 4.26E+01
 5.69E+01
 9.95E+00
 4.32E+01
 3.10E+01
 2.98E+01
 7.50E+00
 2.04E+01
 2.55E+01
 2.20E+01
 2.21E+01
 1.00E+00
 3.95E+00
 1.33E+01
 8.14E+00
 8.04E+00
 2.28E+00
 2.34E+01
 6.56E+01
 3.49E+01
 3.57E+01
 7.50E+00
 1.00E+02
 2.07E+02
 2.03E+02
 1.99E+02
 2.02E+01
 1.00E+02
 1.00E+02
 1.00E+02
 1.00E+02
 0.00E+00
 3.45E+02
 3.60E+02
 3.51E+02
 3.51E+02
 3.51E+00
 1.00E+02
 4.28E+02
 4.24E+02
 4.18E+02
 4.55E+01
 3.83E+02
 3.87E+02
 3.87E+02
 3.87E+02
 7.56E-01
 2.00E+02
 9.28E+02
 3.00E+02
 5.37E+02
 3.06E+02
 4.93E+02
 5.11E+02
 5.03E+02
 5.02E+02
 4.03E+00
 3.00E+02
 4.14E+02
 3.00E+02
 3.08E+02
 2.88E+01
 4.07E+02
 4.60E+02
 4.34E+02
 4.33E+02
 1.13E+01
 1.94E+03
 2.10E+03
 1.97E+03
 1.99E+03
 4.21E+01
