 0.00E+00
 5.15E-08
 0.00E+00
 1.33E-09
 7.52E-09
 0.00E+00
 3.78E+11
 95166
 1.27E+10
 5.99E+10
 7.61E-08
 5.20E-06
 1.86E-07
 2.99E-07
 7.04E-07
 0.00E+00
 2.18E+02
 1.97E+02
 1.93E+02
 3.09E+01
 1.79E+01
 4.28E+01
 2.79E+01
 2.87E+01
 5.28E+00
 5.13E-06
 3.41E-05
 1.47E-05
 1.63E-05
 7.13E-06
 1.16E+02
 1.38E+02
 1.21E+02
 1.22E+02
 4.47E+00
 1.79E+01
 4.68E+01
 2.79E+01
 2.97E+01
 7.48E+00
 0.00E+00
 8.95E-02
 0.00E+00
 1.76E-03
 1.25E-02
 6.77E+03
 1.34E+04
 9.50E+03
 9.91E+03
 1.91E+03
 3.38E+01
 1.42E+02
 6.15E+01
 6.56E+01
 2.00E+01
 2.45E+03
 6.06E+03
 4.13E+03
 4.19E+03
 7.89E+02
 1.19E+02
 5.50E+02
 2.14E+02
 2.45E+02
 8.84E+01
 8.17E+01
 2.06E+02
 1.36E+02
 1.38E+02
 2.96E+01
 8.60E+01
 2.70E+02
 1.63E+02
 1.65E+02
 3.87E+01
 7.86E+02
 2.53E+03
 1.36E+03
 1.41E+03
 3.76E+02
 5.35E+02
 1.69E+03
 1.18E+03
 1.21E+03
 2.57E+02
 1.08E+02
 4.05E+02
 2.31E+02
 2.37E+02
 5.94E+01
 8.16E+01
 1.72E+02
 1.12E+02
 1.15E+02
 1.88E+01
 7.80E+02
 2.09E+03
 1.35E+03
 1.36E+03
 3.09E+02
 2.44E+02
 3.15E+02
 2.58E+02
 2.60E+02
 1.06E+01
 1.00E+02
 1.44E+04
 1.02E+04
 1.02E+04
 2.70E+03
 5.50E+02
 6.23E+02
 5.76E+02
 5.77E+02
 1.31E+01
 8.99E+02
 9.74E+02
 9.16E+02
 9.19E+02
 1.32E+01
 5.77E+02
 7.74E+02
 7.05E+02
 7.16E+02
 3.71E+01
 3.00E+02
 3.53E+03
 3.19E+03
 2.77E+03
 1.08E+03
 5.48E+02
 6.19E+02
 5.86E+02
 5.88E+02
 1.53E+01
 3.00E+02
 5.77E+02
 5.19E+02
 5.10E+02
 6.01E+01
 8.61E+02
 1.84E+03
 1.28E+03
 1.28E+03
 2.42E+02
 2.18E+03
 2.79E+03
 2.36E+03
 2.40E+03
 1.51E+02
