 0.00E+00
 0.00E+00
 0.00E+00
 0.00E+00
 0.00E+00
 0.00E+00
 0.00E+00
 0.00E+00
 0.00E+00
 0.00E+00
 0.00E+00
 0.00E+00
 0.00E+00
 0.00E+00
 0.00E+00
 0.00E+00
 0.00E+00
 0.00E+00
 0.00E+00
 0.00E+00
 0.00E+00
 0.00E+00
 0.00E+00
 0.00E+00
 0.00E+00
 0.00E+00
 0.00E+00
 0.00E+00
 0.00E+00
 0.00E+00
 1.04E+01
 1.10E+01
 1.05E+01
 1.06E+01
 1.75E-01
 0.00E+00
 0.00E+00
 0.00E+00
 0.00E+00
 0.00E+00
 0.00E+00
 0.00E+00
 0.00E+00
 0.00E+00
 0.00E+00
 1.25E-01
 2.17E+02
 1.36E+01
 3.72E+01
 5.39E+01
 0.00E+00
 0.00E+00
 0.00E+00
 0.00E+00
 0.00E+00
 0.00E+00
 2.37E+02
 1.18E+02
 9.02E+01
 7.44E+01
 0.00E+00
 7.95E+00
 3.13E-02
 2.17E+00
 2.53E+00
 0.00E+00
 9.95E-01
 0.00E+00
 6.05E-02
 2.36E-01
 3.81E-05
 5.00E-01
 3.07E-02
 1.09E-01
 1.74E-01
 2.62E-02
 9.35E-01
 4.43E-01
 4.17E-01
 1.98E-01
 1.00E-02
 1.01E+00
 4.94E-02
 1.47E-01
 2.03E-01
 3.92E-04
 2.00E+01
 4.09E-01
 7.00E-01
 2.77E+00
 0.00E+00
 1.22E-01
 1.79E-02
 1.50E-02
 1.88E-02
 0.00E+00
 3.12E-01
 0.00E+00
 1.47E-01
 1.57E-01
 1.00E+02
 2.02E+02
 1.00E+02
 1.14E+02
 3.52E+01
 2.17E+01
 1.00E+02
 1.00E+02
 9.85E+01
 1.10E+01
 3.00E+02
 3.03E+02
 3.00E+02
 3.00E+02
 7.07E-01
 1.00E+02
 3.30E+02
 1.00E+02
 1.66E+02
 9.97E+01
 3.98E+02
 4.43E+02
 3.98E+02
 4.12E+02
 2.12E+01
 2.00E+02
 3.00E+02
 3.00E+02
 2.65E+02
 4.74E+01
 3.90E+02
 3.95E+02
 3.90E+02
 3.92E+02
 2.40E+00
 0.00E+00
 5.84E+02
 3.00E+02
 3.07E+02
 7.18E+01
 2.27E+02
 2.45E+02
 2.30E+02
 2.31E+02
 3.77E+00
 3.95E+02
 4.43E+02
 3.95E+02
 4.07E+02
 1.78E+01
