85.6958 88.1673 78.6147 67.0819 89.0156 92.2845 72.4552 90.6698 85.1384 90.6148 74.7873 80.5184 91.7316 83.3017 89.7097 84.7252 76.8209 96.9611 75.0529 61.6222 77.4496 86.3707 74.5764 75.9868 78.0498 67.0537 82.9635 86.9287 67.7287 79.7333 71.1572 77.8757 86.9234 80.6293 62.7484 68.9701 98.1551 94.9078 81.7397 85.6238 86.4078 79.8 91.1057 72.9395 85.5274 86.3803 82.8513 86.4852 84.1285 91.705 80.3171 
64.9183 57.378 70.4953 67.0819 62.9862 76.8719 67.3685 59.0586 64.0255 64.9752 60.4856 61.1424 65.6566 72.3092 74.6831 62.3953 53.8064 62.6648 63.818 47.1583 62.9749 64.7429 45.9969 75.9868 73.897 44.221 64.3926 70.0906 63.6463 53.5895 71.1572 64.5681 64.372 68.7648 61.1165 53.6912 63.1163 60.7449 67.6024 71.672 39.0388 62.7803 69.1825 68.6521 61.6884 58.1738 67.212 70.9258 69.3889 71.7932 63.3228 
64.9183 49.594 59.7011 61.371 58.7761 67.0597 48.9351 53.9313 56.6217 54.4498 58.4578 60.8363 55.4822 70.0194 62.0977 62.3953 53.8064 45.7996 63.818 44.4724 41.8864 54.7654 45.9969 60.8948 62.5782 44.221 60.798 61.4016 63.6463 53.5895 62.9492 64.5681 27.5298 65.2801 61.1165 53.6912 59.9547 46.3618 54.5417 27.2702 39.0388 49.9646 49.5813 48.5126 57.9497 58.1738 67.212 57.0217 69.3889 55.1752 55.1772 
51.0221 45.8647 46.1227 51.2291 55.1946 60.7494 43.5182 50.1565 43.9852 40.9066 37.1129 50.8918 44.3901 56.0893 54.7276 54.1837 50.9737 45.7996 47.4403 35.4381 41.8864 42.8352 45.9969 41.9545 52.3247 44.221 42.8413 43.5067 50.6321 41.6114 48.1104 50.7425 27.5298 51.0709 49.3508 46.1761 52.8558 46.3618 54.5417 27.2702 39.0388 46.0464 42.3806 35.9938 55.1197 58.1738 48.0466 55.4596 58.2994 47.7799 41.7079 
39.1459 40.7926 46.1227 36.02 36.2863 33.4575 36.0003 41.8064 35.112 39.28 37.1129 45.1886 43.3918 42.2251 46.1444 25.677 46.2777 39.8084 44.672 35.4381 39.2335 35.3614 29.0119 28.8121 36.9014 44.221 39.5526 43.5067 36.8479 39.1133 45.2356 32.1639 27.5298 35.6862 45.6483 40.87 45.1424 44.9842 33.1544 27.2702 39.0388 44.0525 42.3806 35.9938 30.6354 44.4813 39.4841 37.3815 45.2528 41.8379 35.6767 
35.7182 39.667 32.6852 33.249 23.2081 26.1161 36.0003 31.4656 33.3318 34.5485 25.2024 28.5542 32.7293 36.032 30.7823 25.3466 29.2466 31.6324 29.7477 34.9955 34.6249 31.4808 29.0119 22.5055 36.9014 44.221 34.5978 37.7511 36.8479 30.3302 30.3472 31.7394 27.5298 32.7445 33.9 34.0025 38.1836 36.3108 19.4725 24.7455 35.6127 31.3502 35.2061 29.7736 30.6354 30.6503 26.0489 35.7803 38.3865 32.3584 28.4216 
24.0179 19.6034 23.8544 21.0947 15.4736 26.1161 25.7342 25.6313 16.5074 23.1601 13.6652 16.655 18.0066 29.7524 12.765 15.9384 27.362 17.5161 21.6721 26.8392 27.788 27.8545 13.2407 18.8506 21.642 24.7342 24.039 24.1681 15.9621 23.0341 27.5001 16.7321 27.5298 24.5774 21.7194 32.2813 16.2536 34.7246 18.2398 24.7455 28.9976 20.6833 16.1926 21.5442 16.9227 22.7926 22.3415 14.2799 34.8192 20.4529 24.4193 
20.9397 13.8415 17.1402 14.4849 8.81069 15.7333 15.3674 14.755 12.8546 9.34973 9.4241 11.921 14.0979 16.0032 11.2026 11.6481 17.6372 12.6496 13.1655 14.6942 18.4931 9.99345 12.37 13.6597 16.2214 11.5232 11.0263 10.6795 9.7524 10.3028 13.603 14.0142 20.1267 15.9425 17.1291 15.6433 12.9629 16.546 9.79908 19.8917 15.583 14.3805 15.4961 9.131 12.0028 15.8226 13.4069 13.016 17.0021 11.4657 15.8866 
13.4131 9.17477 11.552 10.3426 8.57971 9.59648 12.4646 11.2152 8.67631 8.94729 5.13547 7.39174 10.5961 13.2431 6.94047 11.4584 14.3501 8.84948 7.72151 13.5821 6.85178 8.82981 9.10307 12.9255 13.5704 10.5859 9.7458 8.37713 6.66233 8.2665 10.001 9.8292 15.3509 13.0797 12.3803 7.45642 10.5253 8.59314 7.87605 16.3987 12.8362 12.7558 13.4819 8.58618 6.90485 12.7063 12.2219 9.73061 14.1438 9.3579 9.21767 
7.91591 6.9783 5.7852 6.89628 7.63102 8.05197 8.57155 4.97408 7.65141 6.6186 4.5763 7.09995 8.15225 11.0449 3.47478 10.6393 10.5367 8.78162 6.69505 9.01625 6.50469 7.06171 5.44039 8.2503 6.61637 8.69537 3.06733 7.21891 5.93529 4.9563 6.53039 4.41421 11.7403 7.26486 10.0229 5.81048 7.46277 8.19626 5.42659 10.3302 9.78877 9.91054 10.2279 6.28175 6.60692 8.44638 7.6684 8.1087 11.9403 8.95326 7.28878 
4.71164 2.69364 3.82547 2.84387 4.8024 6.75223 4.92277 2.10697 3.84691 5.32292 3.27742 5.34976 5.10599 5.6188 1.59702 6.48893 5.56887 7.40602 3.77951 5.1066 6.19146 4.19444 3.4895 3.53337 5.138 5.41278 2.58703 3.20988 4.44954 3.45927 4.76696 3.38953 5.37974 4.93804 5.66006 3.22941 5.09631 3.73253 2.96347 7.51199 6.53525 6.77459 7.13355 5.95042 2.22216 4.4577 3.90309 4.74901 6.07132 4.57372 4.93568 
2.67662 2.5634 2.43525 2.24927 3.36837 2.31265 3.35694 2.07389 2.32081 3.58716 1.5514 2.26868 3.56069 3.48786 0.331976 5.40996 3.20764 4.53435 3.26278 3.25539 3.45116 2.89057 1.55771 2.57981 3.57862 2.21672 1.56366 2.15404 3.44337 2.22258 3.56774 1.4028 3.61421 3.29952 3.36521 2.22697 2.32846 1.62846 1.4309 3.78783 2.55268 3.22615 2.94422 4.03569 1.17341 3.38734 2.71659 2.22602 2.49072 1.83751 3.32308 
1.99446 1.04465 1.99122 2.04129 2.99671 2.0326 3.0738 2.06254 2.0078 3.05426 0.997627 2.02056 2.98488 2.17203 0.0571128 3.40868 2.43517 3.09293 2.12696 3.02376 3.02885 2.0078 1.03704 2.0965 2.1674 2.02711 1.01635 2.01699 3.03375 1.99055 3.04415 0.994959 3.03666 2.03485 2.025 0.99509 2.04945 0.994959 1.01256 3.12503 2.02011 3.10589 2.01443 1.2205 0.996963 2.05143 1.98994 1.99337 1.98992 1.03071 3.00335 
1.98992 0.994959 1.98992 1.98992 2.98488 1.98992 2.98488 1.98992 0.994959 2.98488 0.994959 1.98992 2.98488 1.98992 0 1.98992 1.98992 2.98488 1.98992 2.98488 2.98488 1.98992 0.994959 1.98992 1.98992 1.98992 0.994959 1.98992 2.98489 1.98992 2.98488 0.994959 1.99035 1.98992 1.98992 0.994959 1.98992 0.994959 0.994959 2.98488 1.98992 2.98488 1.98992 0.994959 0.994959 1.98992 1.98992 1.98992 1.98992 0.994959 2.98488 
