95.5159 84.9748 79.6026 105.842 79.2091 68.9011 87.411 97.0536 85.8166 95.2012 75.3279 96.3652 81.2309 93.33 84.4957 85.196 85.1737 57.6312 101.178 93.5803 39.5376 90.6694 97.432 95.0326 79.5551 99.82 88.7744 81.4533 88.8251 88.8408 86.3844 97.959 107.487 62.5041 103.044 80.3176 77.7544 75.8683 92.5005 89.7152 105.759 77.5115 92.8429 94.4919 75.2876 97.2182 99.8237 90.1728 92.2591 63.9801 66.3815 
76.821 62.556 62.2009 45.3429 71.2033 68.2575 74.3296 68.9337 55.232 52.6075 63.3818 75.2561 62.0816 63.8094 56.0934 60.1124 54.5131 57.6312 80.4553 59.8677 39.5376 64.4794 30.3397 59.6238 63.2784 71.3022 62.9689 77.8922 74.113 52.4464 72.6264 55.3299 66.8657 57.0281 52.6487 68.4897 58.9658 71.4484 65.7133 55.7154 71.9203 59.0338 62.1473 70.6778 70.0225 67.9593 64.4122 54.2648 63.1692 60.1772 61.6607 
48.479 57.5966 62.2009 41.8043 60.4184 52.6571 58.2125 51.1188 55.232 52.6075 55.4574 56.8958 53.3175 63.8094 48.1051 45.5307 54.5131 55.4652 60.3744 48.2875 39.439 52.9208 30.3397 59.6238 36.1157 58.7759 58.5586 42.3689 55.6325 44.9922 59.5027 55.3299 58.3075 54.4711 48.9723 53.4898 52.3182 52.5142 35.7561 55.7154 56.2051 59.0338 50.2193 66.2533 59.6496 52.8845 57.6422 53.8321 57.0008 48.1826 36.2409 
37.7824 49.0277 47.3408 41.8043 47.5386 50.955 56.3876 44.7509 38.954 52.6075 52.8216 53.8983 50.8079 49.2267 36.625 43.5947 49.6606 42.5167 56.2451 41.9787 39.439 52.9208 26.6436 59.1719 36.1157 41.7333 24.9809 42.3689 48.5675 44.9922 50.8287 40.2484 57.7713 38.4422 48.9723 35.1338 41.4021 51.4844 35.7561 51.2769 46.4666 36.8294 50.2193 44.3817 47.9379 52.8845 48.3423 46.1402 19.4032 48.1826 36.2409 
26.9109 41.8622 35.2093 35.7548 43.4791 29.3382 31.2369 39.8768 33.374 38.6453 41.2705 36.409 38.097 42.2059 35.1417 30.1169 26.5325 36.6817 40.3393 35.0189 34.0715 36.8245 26.6436 39.4276 34.5345 41.7333 24.9809 42.3689 38.3327 42.1569 36.018 33.9229 35.7 38.4422 40.3817 35.1338 41.3786 35.7362 34.0826 41.4774 40.6904 36.8294 36.1799 32.2582 29.1704 39.1475 37.2129 21.9265 19.4032 40.9019 36.2409 
26.9109 34.4448 34.8252 35.7548 35.734 29.3382 31.2369 31.5633 21.9457 30.4876 25.5346 23.4672 34.2671 34.7234 35.1417 26.9456 26.5325 26.8156 39.1011 26.8044 31.7735 36.3565 24.6597 32.8414 32.8792 33.5767 24.9809 26.6957 31.287 35.091 24.1604 31.2703 28.2131 23.7716 26.5693 35.1338 29.9765 24.9203 28.6876 26.2134 29.5145 20.7856 36.1719 32.2582 26.1873 35.2429 21.3993 21.9265 19.4032 24.9746 32.8773 
20.6435 22.5131 18.6322 24.4911 16.6807 24.3394 23.1328 22.5102 21.3739 15.3335 20.8359 18.446 11.3725 23.6084 22.3317 19.0856 21.1689 24.5399 24.477 24.8224 18.7829 23.6509 18.3454 25.3952 23.89 16.358 24.3229 20.4802 16.1707 21.9807 15.8073 19.8542 21.1545 20.6036 17.5089 28.931 24.7769 23.4333 22.5676 24.3233 20.1419 17.7 18.4247 24.0637 17.2813 18.9736 21.3993 18.893 19.0373 20.1303 23.8231 
14.4034 14.1471 9.07036 16.9165 13.2971 10.1556 11.4742 14.5217 12.246 12.2056 8.53651 9.55041 8.30295 14.8998 18.7952 15.2739 14.4638 9.08385 18.0465 13.1069 13.3708 17.0834 12.3593 12.9847 10.714 15.271 11.4295 14.2483 11.2069 13.5911 8.36153 13.6522 7.9307 9.40827 12.8925 15.1981 10.8315 12.5188 12.2423 15.4149 14.2987 11.6024 13.4783 9.66899 11.7911 14.9416 11.5489 10.3058 8.64212 9.7669 12.3148 
10.7595 11.5028 5.70341 13.189 7.65526 8.56278 5.38994 9.07707 11.1752 9.8583 6.39486 7.01245 8.07745 8.90866 11.2935 11.7696 10.855 9.08385 14.452 6.88209 10.6808 12.1541 7.23059 10.8325 10.714 8.9873 7.45199 13.1817 6.45781 11.1074 7.23167 9.40374 6.96328 4.71367 9.08329 11.3207 8.64119 11.4879 7.75857 13.2565 12.6173 6.76779 11.2643 4.89508 11.1311 11.2698 7.17223 9.55661 6.71963 9.13032 8.13976 
7.25338 6.34823 5.19684 8.97756 7.61882 8.09798 5.26893 8.44525 8.30956 9.32833 5.64226 4.21992 6.24454 5.93609 9.47427 8.31461 7.63785 6.97119 8.62568 6.37501 7.83999 9.53169 6.40935 7.30494 7.21256 7.6214 6.29004 6.25935 6.19667 5.15539 4.62397 7.42895 6.08881 4.53326 6.99831 8.3099 5.35197 8.04041 4.39632 7.25227 8.32197 4.49974 7.99782 4.2293 8.85342 10.3966 5.66627 5.14055 3.10769 7.38352 5.04417 
5.21136 5.13305 4.58463 3.3683 4.21708 4.13585 4.10918 5.03908 4.82813 5.16618 4.40084 3.35208 2.67281 5.23611 7.26123 3.86411 4.91737 5.72419 7.52449 4.97273 5.24077 6.00405 4.45915 5.47857 4.53999 4.93198 5.27651 5.04555 3.17784 4.45355 3.10965 4.58224 3.60264 2.67179 4.06022 5.22349 5.34254 5.0645 4.30523 3.08747 5.80446 3.17545 3.52294 2.82666 5.59794 6.00041 3.15007 3.13033 2.75184 6.32891 2.63369 
3.28387 2.10762 2.90682 2.303 3.57239 2.76787 1.85209 2.33983 2.88635 3.54986 2.76355 3.02351 2.37866 1.80114 3.15396 3.17186 1.23015 3.31001 2.51889 3.87238 2.3086 4.18401 2.68486 2.34256 2.66539 3.22729 3.61365 2.88489 1.18364 3.35773 2.49284 2.4605 2.89732 2.12391 3.24182 2.30758 3.56583 2.28631 2.59695 1.36719 3.38714 1.21666 1.29539 1.52069 3.69324 3.61175 2.32107 2.35573 2.20303 3.25889 1.73804 
2.14046 1.02346 2.0493 2.04402 3.03603 2.10283 0.995046 2.09591 2.00007 3.01396 1.99486 2.10917 2.11926 1.01394 2.02574 2.36379 0.994959 2.99401 2.00476 3.04159 1.99039 3.08214 2.05357 1.98992 1.02534 1.98992 3.05283 2.07525 0.995008 3.02252 2.05884 2.07069 2.03669 1.06856 2.99121 2.08383 2.08939 2.04522 2.05412 0.994963 3.00744 1.00317 0.053985 0.994962 3.09291 3.02198 2.00828 2.03399 2.00561 2.03732 1.57178 
1.98992 0.994959 0.994959 1.98992 2.98488 0.994959 0.994959 1.98992 1.98992 2.98488 1.98992 0 1.98992 0.994959 1.98992 1.98992 0.994959 1.98992 1.98992 2.98488 1.98992 2.98488 1.98992 1.98992 0.994959 1.98992 2.98488 1.98992 0.994959 2.98488 1.98992 1.98992 1.98992 0.994959 2.98488 1.98992 0.994959 1.98992 0.994959 0.994959 2.98488 0.994959 0 0.994959 1.98992 0.994959 1.98992 1.98992 1.98992 1.98992 0.994959 
