967.844 980.147 959.982 926.421 949.621 955.989 955.278 953.43 966.033 905.253 906.85 990.91 997.259 920.6 967.552 890.942 946.698 940.496 948.993 922.915 960.826 920.052 1001.8 1027.62 881.959 965.486 940.266 1007.91 942.83 959.929 1001.06 957.262 954.82 939.565 850.576 974.561 940.337 973.988 985.493 989.771 938.591 1020.98 868.121 954.821 886.523 956.958 983.051 996.292 949.679 963.355 981.71 
799.325 801.644 765.769 771.23 748.15 787.124 782.137 741.068 809.562 773.152 764.301 810.626 770.714 778.492 804.421 807.797 800.712 818.59 794.174 757.09 761.178 751.878 772.033 844.392 788.429 806.17 791.671 760.051 794.259 791.652 789.043 807.922 793.628 794.205 809.979 815.222 821.905 787.845 799.05 742.428 808.177 789.806 806.554 793.365 769.666 786.998 794.098 831.341 810.506 787.31 800.347 
750.83 713.251 718.743 721.341 733.063 686.548 700.872 741.068 701.358 699.035 714.173 722.07 746.642 753.154 723.856 758.379 717.613 722.099 744.143 732.353 703.646 719.83 749.9 743.605 718.902 739.218 746.386 683.756 720.646 752.582 700.275 739.471 720.499 696.565 744.731 749.557 717.17 714.508 735.366 741.414 742.436 743.916 733.771 755.009 727.081 745.259 726.558 753.256 779.897 773.575 709.438 
619.846 648.061 680.449 666.634 660.661 663.061 681.818 691.672 688.802 691.233 668.878 676.411 663.907 671.731 667.307 684.814 604.182 689.736 669.483 641.009 674.937 661.581 678.512 703.847 631.822 682.543 625.769 670.048 685.598 667.198 663.884 666.833 649.571 696.565 692.771 679.208 666.312 659.137 643.817 678.818 687.7 690.117 674.38 675.76 696.703 649.262 673.391 669.844 675.222 675.407 654.759 
612.595 628.431 635.32 632.83 592.961 620.773 627.641 607.745 620.49 632.908 644.524 650.348 606.793 615.871 628.214 639.4 589.111 623.272 612.763 628.048 603.055 621.534 620.678 623.43 614.461 626.112 592.231 614.761 630.834 619.975 600.249 630.937 623.311 619.316 601.419 620.304 630.987 623.984 626.098 578.456 604.455 624.598 623.439 596.886 630.26 615.105 628.433 619.837 640.516 620.26 625.174 
572.842 580.831 579.587 556.963 572.716 559.822 587.543 587.537 573.253 592.756 562.766 600.659 541.226 590.25 595.73 581.296 589.111 578.409 590.368 579.304 577.964 583.722 560.065 580.695 574.678 587.599 583.635 594.828 586.671 576.791 599.883 603.892 588.236 593.028 587.523 555.846 562.81 566.444 590.896 566.489 574.793 569.388 566.135 575.742 579.84 570.894 577.015 576.43 591.647 586.911 574.103 
558.388 531.692 551.883 523.614 532.429 555.788 511.625 542.076 547.212 545.118 542.424 560.734 512.297 552.401 577.889 556.211 553.651 548.095 564.485 560.724 527.694 561.519 541.368 559.648 549.962 529.246 532.835 538.823 557.201 551.516 559.463 552.426 545.492 575.098 565.098 555.846 556.709 559.239 562.242 561.527 571.452 568.074 551.364 560.367 556.227 550.796 547.912 539.603 561.782 556.629 550.538 
494.003 502.442 504.26 506.521 505.414 516.768 482.701 485.168 487.908 503.712 523.785 510.845 489.585 511.542 518.785 512.822 481.14 499.401 499.834 500.404 516.933 502.612 523 508.873 483.401 512.365 517.811 504.763 515.89 526.032 525.898 508.734 492.093 515.878 520.403 530.066 508.844 518.015 523.946 519.023 529.82 513.607 502.358 491.907 509.306 507.596 482.399 491.424 490.229 533.469 510.26 
467.609 455.412 461.667 477.809 464.586 492.614 468.418 470.124 468.554 476.761 488.755 464.199 444.518 485.294 476.051 474.341 480.532 470.994 479.377 481.04 472.398 472.95 480.54 484.64 440.139 470.307 481.599 471.438 473.376 457.104 478.918 498.525 462.428 477.054 455.511 480.263 480.831 476.461 498.675 484.527 478.563 480.99 464.795 462.702 463.295 476.844 465.645 475.665 464.952 481.472 476.605 
455.47 429.116 429.415 445.193 461.209 445.881 413.446 437.362 426.334 418.206 444.377 450.319 422.252 441.44 430.024 432.845 452.648 449.853 436.195 441.958 446.577 441.801 454.277 447.198 417.228 448.368 443.563 423.788 420.371 437.497 461.466 444.314 436.71 439.087 445.626 446.738 456.415 442.765 439.054 430.93 446.05 418.433 450.885 443.469 432.749 465.599 442.939 428.786 448.488 454.175 450.974 
412.127 392.515 392.036 408.253 416.807 413.596 403.999 409.059 383.693 377.741 380.311 409.558 387.973 365.548 390.264 392.674 383.936 409.703 419.219 391.011 377.722 408.26 382.633 408.336 408.982 405.763 410.84 363.492 380.263 388.159 405.552 397.531 382.908 418.551 396.861 383.111 346.511 408.297 411.634 382.811 405.362 367.32 395.738 401.403 398.66 417.722 393.338 387.525 409.05 434.425 415.488 
323.857 306.443 325.624 348.419 337.465 313.08 322.623 310.146 329.684 321.142 310.228 322.506 318.156 309.944 330.178 315.677 325.444 329.758 343.395 315.119 297.184 321.431 314.491 330.642 323.881 313.417 316.423 315.679 319.308 327.728 334.464 305.658 331.714 332.655 322.132 313.926 319.06 328.06 334.715 301.395 317.2 306.178 324.414 326.03 312.6 332.689 307.257 325.908 331.338 344 347.365 
266.417 261.367 259.223 274.934 273.647 265.39 270.139 270.816 260.086 259.331 266.87 252.689 262.817 267.261 268.406 247.52 271.231 273.918 273.201 271.877 255.066 269.699 264.938 266.033 262.314 255.719 270.612 266.417 262.182 266.619 271.84 253.773 255.915 269.087 262.099 258.671 254.873 251.939 263.471 246.256 255.011 259.598 261.183 252.368 258.781 272.27 270.547 258.346 271.312 264.354 269.764 
217.535 218.313 223.672 218.089 222.092 212.202 222.631 216.735 220.812 215.416 220.827 219.252 221.549 219.196 219.163 213.649 219.5 221.938 218.429 217.545 218.322 218.563 216.788 222.179 220.524 212.971 229.186 223.561 218.473 222.169 220.378 221.229 212.527 218.019 222.403 227.828 219.782 215.434 218.482 213.377 218.318 219.184 214.191 220.253 211.739 222.005 223.647 214.913 222.166 224.79 217.231 
