2.62098e+09 6.71586e+09 5.52312e+09 4.72554e+09 3.36749e+09 3.58577e+09 3.30648e+09 5.07838e+09 4.33949e+09 4.91818e+09 4.73818e+09 5.80867e+09 3.24146e+09 3.90357e+09 3.97053e+09 3.10213e+09 4.57531e+09 3.09172e+09 4.26906e+09 2.92055e+09 6.36476e+09 5.4533e+09 3.12958e+09 3.8991e+09 2.14223e+09 5.7642e+09 6.55433e+09 2.7904e+09 6.17478e+09 5.53185e+09 2.93204e+09 5.04392e+09 3.48637e+09 4.61264e+09 4.53209e+09 4.30302e+09 2.20002e+09 4.17716e+09 6.16771e+09 6.21188e+09 3.34776e+09 6.50477e+09 3.97014e+09 4.60987e+09 6.19065e+09 5.82672e+09 7.1453e+09 3.74891e+09 5.97726e+09 4.7649e+09 7.29314e+09 
1.5533e+09 1.21871e+09 1.37511e+09 8.53829e+08 1.122e+09 9.79023e+08 1.52981e+09 1.62728e+09 1.13548e+09 9.75744e+08 1.40445e+09 1.81003e+09 1.35177e+09 8.03577e+08 1.66776e+09 1.9772e+09 1.17e+09 1.10987e+09 1.20771e+09 1.72956e+09 1.69902e+09 1.67516e+09 1.19063e+09 1.4395e+09 1.54586e+09 1.66888e+09 1.40576e+09 1.0322e+09 9.08339e+08 1.63658e+09 9.1295e+08 1.68404e+09 1.26563e+09 1.36326e+09 1.09095e+09 1.47156e+09 1.03981e+09 1.58081e+09 1.48772e+09 1.50364e+09 1.56104e+09 2.38998e+09 1.84799e+09 1.5979e+09 1.78659e+09 1.93328e+09 1.94173e+09 1.47768e+09 1.89727e+09 1.65036e+09 1.44308e+09 
8.0666e+08 6.05167e+08 6.67683e+08 4.77014e+08 9.01855e+08 6.83159e+08 5.97107e+08 4.4292e+08 4.47537e+08 7.01752e+08 8.03447e+08 5.52178e+08 1.27422e+08 3.20116e+08 3.71714e+08 5.19053e+08 5.5878e+08 8.02792e+08 7.56521e+08 6.80399e+08 4.54301e+08 6.92228e+08 5.76663e+08 2.29121e+08 4.23912e+08 4.84879e+08 4.36897e+08 5.45038e+08 9.08339e+08 8.25144e+08 6.2387e+08 7.47294e+08 5.30233e+08 4.16919e+08 7.17663e+08 9.28533e+08 1.20818e+08 6.55174e+08 7.51572e+08 3.01181e+08 7.45561e+08 8.16792e+08 3.4908e+08 2.85714e+08 5.77592e+08 5.74533e+08 5.55465e+08 5.61814e+08 5.62156e+08 4.70383e+08 6.30833e+08 
1.4388e+08 1.30257e+08 2.10977e+08 1.01286e+08 1.59322e+08 1.59706e+08 1.31901e+08 8.86939e+07 1.2013e+08 1.39092e+08 5.72729e+07 1.47288e+08 9.68404e+07 1.09207e+08 1.41793e+08 1.23412e+08 1.76688e+08 1.70954e+08 1.16251e+08 1.70089e+08 1.14072e+08 2.1067e+08 9.95764e+07 1.54161e+08 1.16848e+08 1.36019e+08 1.57168e+08 1.51507e+08 1.31246e+08 1.79874e+08 1.33752e+08 1.06445e+08 5.38723e+07 1.20653e+08 1.80069e+08 1.63529e+08 1.20818e+08 1.48184e+08 1.37513e+08 1.56882e+08 1.00208e+08 1.45713e+08 1.06781e+08 1.50319e+08 1.75716e+08 7.84151e+07 1.30135e+08 1.31378e+08 8.60216e+07 1.14522e+08 1.22914e+08 
4.52194e+06 5.85566e+06 5.21794e+06 4.61212e+06 2.31215e+06 8.34224e+06 2.56256e+06 4.34949e+06 4.98494e+06 5.06438e+06 4.72643e+06 7.20985e+06 5.20931e+06 4.78998e+06 4.10243e+06 4.76538e+06 5.1405e+06 6.75606e+06 2.99998e+06 3.25164e+06 3.51472e+06 3.83494e+06 6.42266e+06 2.78438e+06 4.81561e+06 3.15949e+06 4.42561e+06 4.84509e+06 4.01041e+06 4.25361e+06 6.09936e+06 3.73261e+06 8.25469e+06 7.4033e+06 2.44398e+06 3.77964e+06 2.25994e+06 3.60336e+06 2.93325e+06 2.1965e+06 6.61287e+06 3.40004e+06 3.19764e+06 2.67268e+06 2.57215e+06 4.15885e+06 5.21771e+06 5.31882e+06 5.47557e+06 3.47818e+06 3.64746e+06 
6682.45 4798.47 9570.19 4693.59 6246.01 8434.99 1985.3 6632.88 6143.32 8348.71 6484.94 6043.32 3161.43 9864.95 4017.51 5050.54 5711.28 5162.31 6375.89 4789.25 1864.39 6379.11 8253.54 3618.83 5136.39 4920.51 6544.66 7849.81 2950.86 4757.6 9002.06 10151.4 6290.57 6634.69 5405.41 4346.44 7265.73 3867.67 8429.33 6711.47 3137.75 7619.76 3518.12 2915.93 6603.72 7331.16 2963.93 7439.85 4080.85 4841.55 5510.18 
2.18218 1.06724 1.42062 1.25116 1.49523 1.9899 0.966939 1.43207 1.77539 1.62337 0.943438 1.81197 0.950955 1.8657 2.04579 1.60263 1.87658 1.36176 0.672601 1.50598 0.943247 2.34045 1.61033 0.985854 1.23609 1.53817 1.56747 1.56813 1.5148 1.03137 0.577791 1.05229 1.58619 1.2416 0.460255 0.738653 0.990228 1.11608 2.7844 1.1796 1.5238 0.689431 1.39545 2.04238 1.06996 1.24013 1.52917 0.697249 1.14027 0.601478 0.89323 
0.000105113 4.19872e-05 0.00019283 0.000120256 6.13908e-05 0.00012704 9.07057e-05 0.00011331 0.000101512 0.000176373 8.92595e-05 6.73537e-05 3.11487e-05 0.000101407 0.000154436 5.66961e-05 0.000125735 9.08263e-05 6.76672e-05 0.000148804 6.95997e-05 0.000136694 0.000101604 8.01252e-05 0.000127995 0.000114766 4.55887e-05 0.00011374 0.000135225 0.000131629 7.3638e-05 9.69775e-05 0.000183931 0.000137297 7.49397e-05 8.38341e-05 0.000128395 9.43301e-05 0.000159943 8.26065e-05 6.37185e-05 8.71978e-05 7.43211e-05 0.000141226 6.95043e-05 4.04283e-05 9.10698e-05 7.28453e-05 5.20543e-05 0.000117152 3.61733e-05 
0 0 0 0 0 0 0 0 0 0 0 0 0 0 0 0 0 0 0 0 0 0 0 0 0 0 0 0 0 0 0 0 0 0 0 0 0 0 0 0 0 0 0 0 0 0 0 0 0 0 0 
0 0 0 0 0 0 0 0 0 0 0 0 0 0 0 0 0 0 0 0 0 0 0 0 0 0 0 0 0 0 0 0 0 0 0 0 0 0 0 0 0 0 0 0 0 0 0 0 0 0 0 
0 0 0 0 0 0 0 0 0 0 0 0 0 0 0 0 0 0 0 0 0 0 0 0 0 0 0 0 0 0 0 0 0 0 0 0 0 0 0 0 0 0 0 0 0 0 0 0 0 0 0 
0 0 0 0 0 0 0 0 0 0 0 0 0 0 0 0 0 0 0 0 0 0 0 0 0 0 0 0 0 0 0 0 0 0 0 0 0 0 0 0 0 0 0 0 0 0 0 0 0 0 0 
0 0 0 0 0 0 0 0 0 0 0 0 0 0 0 0 0 0 0 0 0 0 0 0 0 0 0 0 0 0 0 0 0 0 0 0 0 0 0 0 0 0 0 0 0 0 0 0 0 0 0 
0 0 0 0 0 0 0 0 0 0 0 0 0 0 0 0 0 0 0 0 0 0 0 0 0 0 0 0 0 0 0 0 0 0 0 0 0 0 0 0 0 0 0 0 0 0 0 0 0 0 0 
