7928.96 5988.49 6273.29 5968.95 6562.15 7203.84 6624.11 7290.54 8338.37 6854.89 5977.08 6952.81 8007.25 7104.83 6492.2 7706.94 7616.58 6879.45 8297.1 7197.64 6442.61 7667.78 7384.89 6393.84 6240.39 7434.39 7015.59 6635.49 7385.7 6740.68 7292.33 6104.91 8055.54 8799.61 5113.52 8202.05 8242.74 7188.02 7629.43 6118.2 8113.96 6910.64 6324.05 6959.62 7583.65 6179.83 6390.25 6417.95 6257.5 6401.66 6238.67 
5645.31 5621.05 4357.99 4375.03 4879.27 4951.53 4822.09 6798.34 5896.76 5684.38 5494.68 3947.99 6107.6 5065.43 6492.2 5481.73 3326.26 4663.93 4633 3828.35 3721.36 4618.35 4724.86 4402.21 4659.22 6222.22 4300.64 4897.47 5130.47 6170.93 4322.28 4663.1 6703.65 6485.15 3748.44 5837.62 4987.65 4473.15 4184.43 4942.36 5048.67 5306.59 4340.35 6222.28 3847.15 4564.43 4079.07 3045.21 5140.7 4397.03 4251.34 
2623.53 3599.64 3066.19 2848.09 2756.39 3232.89 2905.87 3517.01 2531.04 3073.25 3435.04 2241.61 3474.98 2659.64 4182.94 3836.61 3326.26 2830.5 3216.73 2930.9 2714.93 2297.55 2454.06 3108 2214.61 3147.41 2881.06 2044.63 3370.32 3456.87 3460.77 3109.12 3240 3247.97 2453.88 2794.14 3006.66 3420.33 2888.29 2924.18 3725.05 2492.7 2329.42 3360.52 2781.43 3675.32 2663.14 2592.55 3045.14 2664.82 2838.23 
1380.33 1435.8 1599.48 1396.11 1020.36 1571.64 1140.03 1207.24 1276.22 1203.25 1805.26 1168.38 1655.63 1732.5 1683.58 1546.07 1549.21 997.332 1626.83 1583.35 1294.66 1207.58 1294.07 1278.73 1565.3 1679.35 1440.19 941.241 1382.06 1591.78 1568.66 1393.59 1581.61 1607.14 1195.45 1157.82 1346.86 1480.83 1062.16 1362.92 2006.56 1034.56 1229.84 1086.12 1565.12 1513.01 1187.47 976.036 1358.69 1331.85 1377.41 
318.526 363.014 273.329 320.034 297.255 303.508 289.94 372.473 294.383 293.791 330.585 290.01 350.286 362.391 397.068 339.879 321.075 299.684 366.391 292.026 266.811 315.42 274.549 308.051 300.057 360.651 333.532 274.979 313.357 390.067 319.287 264.188 365.706 357.862 266.973 337.607 285.92 286.685 279.04 332.999 385.742 246.936 275.038 344.528 323.039 301.735 246.664 280.602 364.456 273.554 325.154 
117.108 119.132 116.442 115.963 116.139 116.754 117.172 116.899 116.354 116.406 118.234 115.555 117.103 117.667 119.484 116.963 117.32 116.473 117.942 116.664 115.45 116.663 116.297 116.611 117.341 117.704 116.834 116.839 116.347 118.419 116.763 116.918 119.184 118.701 115.839 117.084 116.474 116.302 116.846 117.325 118.325 116.693 115.438 117.259 116.984 117.754 115.743 116.324 118.685 115.832 116.583 
100.212 100.288 100.224 100.169 100.191 100.234 100.196 100.215 100.18 100.244 100.284 100.168 100.248 100.203 100.275 100.224 100.23 100.179 100.225 100.238 100.159 100.176 100.138 100.202 100.217 100.2 100.28 100.199 100.222 100.212 100.188 100.23 100.292 100.27 100.197 100.128 100.197 100.247 100.201 100.194 100.254 100.222 100.169 100.21 100.211 100.182 100.163 100.195 100.255 100.185 100.197 
100.001 100.002 100.002 100.001 100.002 100.002 100.002 100.002 100.001 100.003 100.002 100.001 100.002 100.002 100.002 100.002 100.002 100.001 100.002 100.002 100.001 100.001 100.001 100.002 100.001 100.002 100.002 100.001 100.002 100.002 100.002 100.002 100.002 100.002 100.002 100.001 100.002 100.002 100.002 100.002 100.002 100.002 100.001 100.002 100.002 100.002 100.002 100.002 100.002 100.002 100.002 
100 100 100 100 100 100 100 100 100 100 100 100 100 100 100 100 100 100 100 100 100 100 100 100 100 100 100 100 100 100 100 100 100 100 100 100 100 100 100 100 100 100 100 100 100 100 100 100 100 100 100 
100 100 100 100 100 100 100 100 100 100 100 100 100 100 100 100 100 100 100 100 100 100 100 100 100 100 100 100 100 100 100 100 100 100 100 100 100 100 100 100 100 100 100 100 100 100 100 100 100 100 100 
100 100 100 100 100 100 100 100 100 100 100 100 100 100 100 100 100 100 100 100 100 100 100 100 100 100 100 100 100 100 100 100 100 100 100 100 100 100 100 100 100 100 100 100 100 100 100 100 100 100 100 
100 100 100 100 100 100 100 100 100 100 100 100 100 100 100 100 100 100 100 100 100 100 100 100 100 100 100 100 100 100 100 100 100 100 100 100 100 100 100 100 100 100 100 100 100 100 100 100 100 100 100 
100 100 100 100 100 100 100 100 100 100 100 100 100 100 100 100 100 100 100 100 100 100 100 100 100 100 100 100 100 100 100 100 100 100 100 100 100 100 100 100 100 100 100 100 100 100 100 100 100 100 100 
100 100 100 100 100 100 100 100 100 100 100 100 100 100 100 100 100 100 100 100 100 100 100 100 100 100 100 100 100 100 100 100 100 100 100 100 100 100 100 100 100 100 100 100 100 100 100 100 100 100 100 
