32019.7 31960.5 31827.2 32592.5 32382.4 31768.8 30549.9 31438.7 31552.5 31046.4 31730.1 31928.7 31761.7 32303.2 32400.4 31468.2 31863 32234.2 31685.7 31188.8 31363.9 32087.5 30874.5 31957.1 31428.3 32388 30571.7 30989.9 32121 31814.9 32637.3 32403.4 31192.7 32434.6 32541.1 32774.1 32227.7 32724.7 31797.5 32489.9 32845.4 31758 32753.7 31805.6 31939.8 32676 31868.3 32722.8 32242.6 32861.5 32090.7 
30978.6 31815.9 31827.2 32235.6 31278.6 31768.8 30549.9 31438.7 31552.5 31046.4 31670.3 31928.7 31761.7 31497.1 32062.3 31468.2 31863 32234.2 31685.7 31188.8 31363.9 31113.6 29069.9 31541.7 31428.3 31818.6 30571.7 30989.9 32121 31814.9 29848.1 32199.7 31192.7 31451.9 32143.4 32686.7 31374.4 31709.2 31797.5 30393.2 31543.8 31758 32198.2 31626.3 31939.8 31559.4 31868.3 31438.4 31950.1 32422.1 32090.7 
30978.6 30851.7 31827.2 32235.6 31278.6 31768.8 30549.9 31438.7 31552.5 31046.4 31465.6 31866.9 30196.7 31497.1 31793.9 31468.2 31863 31431 31685.7 31188.8 31116.2 31113.6 29069.9 31541.7 31428.3 31600.2 30571.7 30989.9 32121 31814.9 29848.1 32090.3 31192.7 31451.9 32011.8 31402.2 31374.4 31379.5 30025.8 30393.2 31543.8 30340.2 32198.2 30660.6 31939.8 31559.4 31868.3 31118 31950.1 32091.4 32085.8 
30978.6 30851.7 31827.2 31672.3 31278.6 31768.8 30549.9 31438.7 31444.4 31046.4 31465.6 31722.5 30196.7 30913.9 31793.9 31468.2 31459.1 31431 31685.7 31188.8 31116.2 30926.9 29069.9 30189.4 30707.2 31600.2 30571.7 30989.9 32116.8 31782.3 29848.1 31560.7 30932.9 31302.4 31476.8 31201 31215.2 31329.7 30025.8 30393.2 31543.8 30340.2 31887.3 30660.6 30925.1 30700.9 31575.5 31118 31950.1 31940.3 31347.3 
30978.6 30851.7 31278.6 30622.1 30241.5 31339.4 30549.9 31167.9 31155.3 30566.3 31299.5 30940.8 30196.7 30913.9 31139 31468.2 30809.2 31431 30983.2 31188.8 30850.6 30725.1 29069.9 30189.4 30321.2 31259 30571.7 30657.7 31024.7 31293.1 29848.1 30602.1 30932.9 30739.6 30624.5 31024.9 31215.2 31329.7 30025.8 30391.7 31543.8 29588.7 31559.8 30660.6 30925.1 30443.1 30699 29933.1 31084.6 31331.5 30746.9 
30978.6 30851.7 31187.7 30622.1 30241.5 30097.5 30549.9 30839.6 30097.7 30566.3 29941.4 30860.7 30196.7 30553.9 30459.7 30650.6 29883.8 30481.9 30285.9 30283.8 30286.1 30695.8 29069.9 29871.1 29582.4 31259 30139.6 30251.2 30799.8 28692.5 29702.5 29807.9 29701.1 30739.6 30459.9 30894.1 31071.9 29959.3 30025.8 30391.7 30283.4 29588.7 30352 30660.6 30113.1 30443.1 30699 28833.5 30873 30657.5 30639.9 
29973.7 30743 31025.4 29335.1 30241.5 29497.4 30166.3 30255.4 29560.4 30196.6 29941.4 30860.7 30196.7 29651.4 30459.7 30182.8 29883.8 30056.2 30201.6 30185.1 30057.5 30334.4 29069.9 29871.1 29582.4 28985.6 29874.9 30251.2 29377.6 28692.5 29702.5 29807.9 28884.8 30248.8 30459.9 30260.5 30019.6 29922.9 30025.8 30164.6 29844.8 29588.7 30193.7 30418.4 30113.1 30379.2 30699 28833.5 29372.2 30213.7 30639.9 
29055.3 28938.8 27351.2 29335.1 29314.7 28741.8 30166.3 28872.9 29560.4 29080.4 29060.2 29334.9 29609.9 28908.4 29479.6 29745.5 29756 29767.5 28362.3 28793 29256.2 28185.5 28826.3 29871.1 28283.6 28498.4 27903.4 28450.8 29377.6 28692.5 29613.3 29092.7 28493.1 29386.3 28827.6 29410.4 29628.6 29922.9 30025.8 28805.7 29844.8 29588.7 29564.6 29275.5 29305.2 29023.5 29187.9 27931.6 29028.2 28776.6 29828.4 
27991 28261.6 27351.2 27749.9 27676.9 28060.6 28450 27782.2 27842.2 27886.5 27877 28344.3 28834.5 28305.7 28673 28044.7 28505.1 28881.3 28116.2 28021 28130 27706.7 28134.5 28932.5 27859.9 28385.9 27619.2 28440.7 28332.4 28370 28935.4 26354.4 25825 28338.9 28519 28338.4 28438.5 28756.7 28664.9 28790.1 28101 27557.3 27904.1 29030.4 28018.6 28291.8 28750.2 27931.6 28440.7 28143.2 28327.3 
27051.4 27307.2 27351.2 27349.2 25878.4 26830.7 26980.7 26711.2 27842.2 27134.6 26687 27836.1 28318.8 27769.8 26941.9 27519.4 27781.6 27949.5 27646 27209.2 27410.7 26655.5 27376.6 27345.4 27343.5 27074.5 27013.8 27421.3 27443.4 28197.8 27626.9 25927.9 25541.5 26946 27872.6 27568.8 27883.3 28158.9 27566.3 26808.9 27765.5 27306.5 27323.7 27513.2 26947.2 27635.8 27505.5 27293.9 27582.1 27703.4 27866 
25757.8 25713.7 25487 23575.1 22957.5 25672.7 26552.8 24779.1 24009.5 25687 26171.5 26262.9 27095.6 24797.3 23394.4 27434 24988.9 23536.6 26371.5 23589.1 24444 26092.1 23990.1 27044.2 22681.3 26255.8 26345.3 24495.6 26227 26560.5 25693 24482.8 22897.8 26072.5 26714.7 24257.5 24511.4 25490.5 24966 25868.2 26571.3 26582 25210.5 25979.1 23372.5 24352.1 25021.7 26305.6 23165.8 27017.8 24885.5 
21360.1 21259 20921.6 20197.7 20652.4 21403.6 20978.2 20155 20642.8 20739.8 20362 20696.3 21804.4 20199.4 19519.8 21010.6 20707.4 20258.4 21631.4 20212.3 21307 20743.9 20705.3 21870.2 20347.7 21126.9 21597.3 20698 21543 21155.8 21339 20292.2 20868.4 21683.3 20637.6 20595 20373.2 20379.2 22338.9 21704.2 21228.6 20572.2 19988.5 21301.6 20490.7 20942.7 20809.8 20529 20364 21449 20197.8 
18484.8 17730.9 17850.4 16582.2 17943.8 18286 16869.1 18198.6 18424.8 17714.4 17053.7 17786.8 18771 17033.4 17142.1 18194.2 17108.7 17026.2 17717.4 17675 18163.6 16929 17246.1 18604 17235.5 17917.5 18402 17150.4 17779.6 18106.5 16893.7 17444.9 17292.6 17000.4 17541.8 18189.8 17979.4 17468 18335 18057.4 17685.3 17766.5 17411.1 18078.4 17665.7 18033.1 18014.6 18026.5 18134 17561.4 17136.2 
9726.24 9655.97 9122.66 9151.01 10009.4 9058.03 10217.8 9227.74 11011.5 10455.5 9138.54 9715.6 9883.99 8830.24 9953.04 9320.61 9750.65 9270.08 10694.3 9963.08 10090 8465.89 8692.65 10224 10309.9 10455.2 7540.98 9289.67 10212.8 10555.7 8994.53 9290.78 9858.74 9520.67 9642.77 9653.53 9402.27 8802.52 10516.6 10654.8 10108.3 9770.84 10163 9188.19 8738.96 9946.95 10171.5 10283.8 10859 9311.88 10050.3 
