9.5324e+06 1.8407e+07 7.28599e+06 1.24758e+07 9.56617e+06 7.19776e+07 1.77609e+07 4.76827e+07 1.81191e+07 4.62625e+07 8.42681e+07 2.90806e+07 4.96994e+07 1.62564e+07 1.84695e+07 5.3572e+07 1.93442e+07 4.4742e+07 2.92522e+07 7.16905e+07 2.61629e+07 2.17399e+07 5.82708e+07 3.49554e+07 2.15167e+07 2.06496e+07 3.27e+07 3.7507e+07 1.88446e+07 3.19016e+07 1.29356e+07 7.75078e+07 2.31984e+07 5.14674e+07 1.79075e+07 2.0489e+07 5.23083e+07 2.67998e+07 5.2376e+07 1.04017e+07 4.30024e+07 4.63681e+07 1.61936e+07 5.03939e+07 2.34339e+07 3.57813e+07 3.76778e+07 3.86911e+07 2.26116e+07 3.70781e+07 2.62996e+07 
9.5324e+06 1.8407e+07 7.28599e+06 4.52907e+06 9.56617e+06 1.23708e+07 1.03041e+07 1.28591e+07 1.41369e+07 2.61407e+07 8.05828e+06 5.45603e+06 1.17591e+07 6.9594e+06 1.78985e+07 1.1362e+07 7.22515e+06 1.77545e+07 1.64981e+07 9.50155e+06 6.35326e+06 1.35008e+07 1.0011e+07 1.1045e+07 1.69733e+07 1.26413e+07 3.27e+07 5.92309e+06 8.82187e+06 1.14763e+07 1.20701e+07 1.73452e+07 1.83789e+07 1.17376e+07 3.98978e+06 1.46035e+07 2.75769e+06 1.31166e+07 1.31884e+07 6.79345e+06 2.17209e+07 1.01795e+07 1.12306e+07 1.20712e+07 1.46609e+07 7.2168e+06 1.44332e+07 1.17205e+07 4.85183e+06 2.40251e+07 2.21122e+07 
2.50246e+06 5.85839e+06 7.28599e+06 4.52907e+06 9.56617e+06 7.62346e+06 3.98893e+06 7.47225e+06 3.30909e+06 3.58983e+06 7.61202e+06 4.23688e+06 5.3149e+06 6.9594e+06 4.39859e+06 3.90603e+06 5.52301e+06 7.64462e+06 5.08558e+06 1.42021e+06 6.35326e+06 9.11502e+06 4.98999e+06 4.50329e+06 7.71632e+06 5.89253e+06 2.93169e+06 5.92309e+06 3.23628e+06 3.51068e+06 1.06527e+07 2.32892e+06 2.53764e+06 6.77548e+06 3.98978e+06 7.83377e+06 2.75769e+06 7.88464e+06 6.83904e+06 6.21614e+06 5.01724e+06 8.79731e+06 8.01932e+06 4.22131e+06 4.13582e+06 7.2168e+06 9.90662e+06 3.70164e+06 4.85183e+06 5.46899e+06 2.73775e+06 
1.39908e+06 2.44317e+06 1.80865e+06 1.20568e+06 1.56504e+06 2.12981e+06 2.13689e+06 784934 933623 322736 1.36385e+06 2.44031e+06 1.79511e+06 2.08734e+06 2.11801e+06 986618 1.31997e+06 3.18746e+06 2.68805e+06 1.42021e+06 672067 1.17751e+06 1.65022e+06 898274 616456 2.994e+06 2.93169e+06 1.89674e+06 1.83446e+06 1.54652e+06 869048 1.68777e+06 577698 2.43433e+06 2.04854e+06 1.12543e+06 1.30611e+06 1.69289e+06 1.25108e+06 1.51827e+06 1.1542e+06 573688 1.71862e+06 1.5594e+06 3.16448e+06 684235 2.4887e+06 2.02288e+06 1.44063e+06 2.14034e+06 2.73775e+06 
109414 140301 116037 72854.8 108189 51326.9 70379 129912 98683.6 87201.5 112039 94108.1 108204 98909 65884.9 104202 143351 58657.5 82654 128109 156073 104714 124320 149418 89849.6 115252 153855 98376.1 86865.1 131299 101085 69499.7 119676 108535 161836 119817 97637.3 136858 90069.2 101108 97470.5 108607 162876 99932.5 97162.2 45557.4 181539 115937 122908 90618.5 94807.2 
760.16 840.235 747.555 824.086 795.21 573.944 896.859 802.509 1079.53 810.719 830.549 578.219 653.457 926.538 874.805 761.245 881.729 826.081 845.798 761.935 578.222 869.023 749.32 666.945 761.585 670.985 761.664 756.844 706.495 704.707 861.028 639.212 631.333 785.882 538.3 880.819 720.203 785.06 899.894 840.559 837.496 813.36 739.627 673.739 625.583 799.875 962.865 681.18 784.877 649.211 909.106 
56.1569 55.4082 55.1836 57.2328 60.6644 60.0118 53.9002 52.4477 58.3905 53.1121 60.4555 55.5676 53.9107 53.8542 54.1 58.7404 55.43 59.223 58.1525 55.7806 67.626 56.485 53.7042 56.902 57.5601 61.6897 61.2508 53.8857 46.6361 53.6035 54.0821 51.2209 50.2274 55.4427 57.9857 56.9299 52.801 56.8211 55.2896 57.4538 49.6067 51.1027 54.1281 52.7864 60.7033 60.9102 58.6559 53.6697 57.2796 56.4149 60.6299 
36.1094 38.3567 37.2256 42.6784 41.5788 36.9953 36.6805 38.297 37.215 42.2646 33.4874 34.3754 41.3073 38.8906 41.4405 38.7969 40.7546 41.8063 43.2883 43.2517 40.2397 38.4261 40.8364 41.5359 36.7546 38.0951 41.1763 38.9557 40.6624 37.3695 39.732 43.3438 40.2189 39.0905 42.9749 38.645 37.2844 42.8482 38.1486 35.0777 42.0533 37.6179 41.4037 41.4879 43.5115 37.7839 35.7362 40.3487 37.0504 41.9606 38.3101 
32.2514 28.1305 28.376 34.2081 30.74 30.3832 32.1443 26.8956 34.0928 30.4752 31.0322 30.4398 29.0871 30.129 29.6801 31.2218 29.5299 30.6752 31.2338 30.8811 32.2543 29.068 31.8131 30.3076 30.6826 31.1018 33.3979 31.2816 33.4148 30.4312 28.2239 31.6068 28.4984 30.759 33.1822 33.1868 30.0534 26.0736 29.3223 32.3988 32.3201 30.0703 30.6945 29.6035 29.2764 28.2619 31.6201 28.5304 29.4766 28.7279 26.844 
26.1592 26.2814 24.6741 25.4324 24.939 25.9355 26.7079 25.0265 27.3784 27.2556 26.7921 23.8808 25.8175 25.1439 27.0791 24.3517 26.2123 24.8227 26.105 27.0819 25.8716 26.6466 25.4313 25.6855 26.7706 25.0323 24.3687 24.1547 26.0322 24.766 27.078 25.8273 25.1162 24.8502 26.0272 26.544 23.4906 25.4931 23.1851 26.4626 28.5672 25.787 23.7029 26.9342 23.8775 23.0209 25.2291 26.8453 23.8339 25.4226 23.4292 
24.5657 21.1834 21.1723 24.696 22.0577 4.41383 21.8676 21.1616 24.1739 22.1886 24.6422 21.118 21.1988 21.199 22.2978 21.3886 21.3728 21.5545 24.0696 24.7638 21.4999 22.6384 21.3965 23.2205 24.4052 21.6806 21.4589 20.9311 21.5061 22.6413 23.3602 21.1799 21.2435 21.0575 23.968 22.4288 21.0484 21.0039 21.132 25.2387 25.1558 24.6486 21.1968 25.0491 21.0047 21.2101 22.9185 25.2014 21.0901 21.277 21.0231 
22.0289 20.8608 20.8123 21.124 21.9326 0.570777 21.0282 20.9089 21.2326 21.9581 22.0235 20.7745 20.9203 20.9546 22.0655 20.9651 21.08 21.0117 21.1408 22.3141 20.7549 21.8547 21.0626 22.0007 21.2965 21.0864 20.8455 20.9311 21.1272 21.2534 21.1455 21.0285 21.0194 20.8987 21.007 21.1238 20.9023 20.9898 21.0418 21.3024 22.3955 21.1328 20.8535 21.2059 20.8708 20.9219 21.1518 21.1546 20.8748 21.0499 20.9773 
21.8205 20.6896 20.7573 21.075 21.8054 0.499788 20.9613 20.7607 20.9967 21.8864 21.8774 20.7679 20.7519 20.8103 21.8021 20.7955 20.7617 20.854 20.8604 22.1216 20.7456 21.6519 20.8719 21.7709 20.8325 20.8306 20.8249 20.7326 20.9633 20.9361 20.873 20.8102 20.8159 20.6837 20.8953 20.8884 20.7769 20.8623 20.8098 20.9115 21.9062 20.8065 20.7721 20.9022 20.7456 20.7858 20.8485 20.9248 20.7561 20.8796 20.7984 
21.5276 20.4339 20.6357 20.7388 21.7156 0.485874 20.7219 20.5121 20.8195 21.6741 21.7539 20.5836 20.605 20.5706 21.6133 20.6688 20.606 20.5803 20.7745 21.5826 20.6584 21.4357 20.6041 21.6251 20.6106 20.7162 20.5309 20.6058 20.6947 20.7945 20.6497 20.5699 20.5563 20.6216 20.4428 20.7287 20.5498 20.6264 20.7656 20.6879 21.6601 20.5778 20.4322 20.7001 20.6343 20.6965 20.6822 20.6291 20.5632 20.6749 20.6366 
