4.04425e+09 5.42515e+09 3.70962e+09 2.41687e+09 3.53718e+09 5.18411e+09 3.97208e+09 3.53845e+09 3.48853e+09 3.96385e+09 5.05213e+09 4.6056e+09 3.11303e+09 4.34534e+09 4.67278e+09 5.66243e+09 4.24669e+09 3.3135e+09 4.85616e+09 5.25593e+09 3.51017e+09 4.62967e+09 1.96287e+09 4.24487e+09 3.79147e+09 4.9816e+09 3.34723e+09 2.74663e+09 4.16625e+09 3.61691e+09 3.83916e+09 3.63607e+09 1.8742e+09 4.0401e+09 5.39546e+09 4.43214e+09 4.85393e+09 3.924e+09 1.77563e+09 2.98942e+09 5.1467e+09 1.87166e+09 4.29575e+09 1.40757e+09 5.36967e+09 4.94646e+09 4.47343e+09 3.78818e+09 3.84599e+09 2.19576e+09 4.1089e+09 
9.1779e+08 1.35679e+09 1.07564e+09 1.50388e+09 1.36849e+09 1.08653e+09 1.52119e+09 1.07641e+09 1.0827e+09 1.30802e+09 1.5869e+09 6.08329e+08 8.79344e+08 1.54244e+09 8.51392e+08 8.61781e+08 1.14118e+09 1.56623e+09 1.11248e+09 9.73309e+08 1.54977e+09 8.60505e+08 4.74606e+08 5.93326e+08 3.60785e+08 8.5908e+08 8.40741e+08 1.5235e+09 1.0487e+09 9.6093e+08 7.42141e+08 6.18542e+08 1.20857e+09 1.11339e+09 1.25109e+09 1.00482e+09 8.24122e+08 8.55952e+08 6.95025e+08 1.47237e+09 8.71091e+08 7.94049e+08 1.08995e+09 1.35009e+09 1.39176e+09 1.49858e+09 6.66222e+08 9.74781e+08 1.27361e+09 8.0205e+08 1.7242e+09 
4.66056e+08 2.67087e+08 5.79831e+08 5.44144e+08 4.06474e+08 4.66841e+08 1.88038e+08 4.1163e+08 5.2849e+08 2.8426e+08 2.10371e+08 2.87941e+08 3.30505e+08 4.65093e+08 2.09185e+08 3.60105e+08 2.80197e+08 2.72347e+08 4.54927e+08 3.1716e+08 4.76279e+08 4.17572e+08 3.75691e+08 3.84048e+08 3.60785e+08 4.13457e+08 3.00438e+08 3.7535e+08 3.55736e+08 3.80995e+08 3.59727e+08 4.20924e+08 4.48226e+08 4.08917e+08 5.34035e+08 3.46207e+08 4.46573e+08 4.62083e+08 3.02772e+08 5.15111e+08 3.31967e+08 2.6251e+08 2.87507e+08 4.64616e+08 5.27059e+08 4.90806e+08 6.43292e+08 2.09806e+08 4.37638e+08 4.04374e+08 4.14407e+08 
8.83731e+07 5.95403e+07 1.01116e+08 5.0139e+07 8.95187e+07 7.06668e+07 3.29608e+07 7.2961e+07 8.48856e+07 5.27729e+07 7.18301e+07 9.47594e+07 6.02097e+07 8.5102e+07 4.9707e+07 8.6481e+07 1.02172e+08 3.85905e+07 6.78917e+07 1.01496e+08 7.51554e+07 9.41691e+07 7.49223e+07 7.82373e+07 6.87998e+07 9.20608e+07 8.28453e+07 4.41531e+07 7.20032e+07 7.42316e+07 8.35618e+07 4.38432e+07 1.0266e+08 8.98311e+07 7.25737e+07 6.15562e+07 6.147e+07 8.20746e+07 7.32233e+07 9.70175e+07 9.0688e+07 6.14609e+07 8.54226e+07 8.00081e+07 5.8185e+07 8.12324e+07 5.75282e+07 1.00769e+08 5.65546e+07 4.66685e+07 5.26144e+07 
1.93162e+06 1.41037e+06 1.16055e+06 2.41264e+06 2.22233e+06 1.0248e+06 2.37667e+06 2.16636e+06 4.29882e+06 2.07716e+06 1.14804e+06 2.25636e+06 3.32114e+06 1.61302e+06 2.62871e+06 2.04355e+06 2.44804e+06 1.60053e+06 1.35567e+06 764535 2.19196e+06 1.68166e+06 1.51633e+06 2.12324e+06 1.70394e+06 1.11169e+06 2.11708e+06 1.94831e+06 1.01214e+06 1.82396e+06 2.07848e+06 2.88954e+06 2.69248e+06 2.06097e+06 2.39082e+06 1.89669e+06 1.61193e+06 1.28859e+06 1.83269e+06 1.56079e+06 1.78576e+06 950538 2.46793e+06 2.401e+06 2.16327e+06 1.31369e+06 817996 2.50163e+06 2.6681e+06 2.03611e+06 2.22673e+06 
5427.22 4571.82 4795.12 4172.67 5398.48 4139.01 2949.48 4781.62 5504.53 3491.6 5539.4 4992.36 3769.95 5314.88 5527.52 4902.64 4472.57 6352.04 4803.99 5814.48 4793.05 5895.82 6960.08 4496.41 4465.43 5070.72 5602.91 4975.65 4476.03 6533.53 6573.22 4696.35 4394.14 5535.52 4630.58 3986.11 4963.03 5482.9 4209.16 5188.84 5170.9 5301.65 4884 5607.89 4378.77 5355.91 4523.97 5459.71 6052.84 5902.7 4992.27 
191.209 213.814 167.746 211.031 190.886 191.615 206.962 183.834 181.99 187.374 194.354 190.04 201.402 174.087 192.759 170.696 222.792 198.581 187.114 198.702 183.442 211.719 214.207 187.431 188.28 169.758 189.72 172.437 187.04 178.675 199.357 182.193 202.266 153.337 176.279 195.625 179.78 231.781 189.144 196.238 187.526 169.645 199.123 146.088 193.72 174.976 190.971 183.375 172.988 212.197 176.944 
116.385 112.261 108.494 107.443 94.9534 101.27 125.908 119.301 120.979 110.239 113.59 113.922 97.0481 109.801 110.087 92.8312 105.167 119.854 116.336 103.182 116.479 96.6133 128.486 108.513 110.261 109.979 102.966 104.513 107.677 123.719 108.916 122.851 129.77 119.105 109.276 119.812 116.715 129.445 98.3149 102.443 112.201 108.063 121.759 115.71 94.9659 105.326 108.429 122.48 101.895 110.476 96.1125 
89.9983 88.3276 89.7447 85.1907 70.9203 77.165 89.9923 96.5991 83.2709 80.3234 81.7128 77.4515 88.9815 83.1775 96.4274 54.1569 90.9072 93.3815 84.0504 94.8318 78.0986 77.6428 91.9811 91.1466 81.2858 79.6964 78.008 69.5123 79.1027 83.9541 81.0051 85.225 98.902 85.6481 76.3769 80.5264 87.5346 88.8177 78.5045 77.4203 86.728 81.1517 91.7641 67.2979 94.9659 77.1928 75.8461 89.8018 80.9921 77.3432 93.0575 
60.3405 67.8701 64.3653 44.8519 53.9199 54.2597 74.0904 64.4844 60.9343 36.1571 57.981 56.7376 62.1124 30.2872 62.062 52.5727 67.0455 79.2858 55.6863 80.0643 65.6977 65.6432 73.7342 63.8286 52.5416 52.0559 48.4377 62.8087 68.0553 46.8351 77.1802 65.1858 69.7445 57.0622 58.907 72.1006 54.82 61.2451 56.6628 57.6947 73.5916 57.3158 68.2187 62.051 55.1476 51.6695 60.3601 57.8829 66.1421 54.6804 73.6829 
35.2183 48.7721 33.5573 21.1281 22.2657 23.3543 19.6601 24.2863 28.9738 27.9497 28.5159 22.8311 47.2567 22.3223 29.8999 22.3068 57.2319 36.9593 26.3337 67.7661 31.7035 31.6346 51.0404 50.2917 22.8794 21.6601 24.56 26.6585 24.7753 25.2981 30.8573 28.2176 54.3439 40.9758 44.5307 36.2442 27.4177 28.0976 26.5391 25.2694 68.2156 36.9862 42.3714 22.1791 23.7727 25.4843 51.5603 23.4867 56.7021 26.5682 61.1059 
21.1927 25.9355 27.1414 21.0407 22.0842 23.0881 19.0656 22.2435 24.9379 27.4677 28.3277 22.4874 25.4329 22.2429 22.55 19.5063 26.9576 22.1452 26.2231 35.9508 22.8276 26.4194 26.6603 28.1968 22.3423 21.0668 24.3742 24.0216 23.3835 25.1242 27.9704 27.8667 21.7297 23.7176 24.4348 23.7382 27.1085 27.8488 25.7712 22.8104 41.5388 24.5959 23.4239 21.4276 22.5173 24.7526 24.1205 23.4171 23.223 26.4085 24.3916 
21.0604 25.5354 27.0845 21.0199 22.0543 23.0166 18.9205 22.01 24.3618 27.3131 28.1881 22.4598 25.3822 22.014 22.019 19.1972 26.3828 21.6974 26.1114 28.4377 22.2139 25.5877 26.5474 24.2008 22.304 21.0318 24.1229 23.4919 23.0091 24.9634 27.9251 27.0662 21.0767 23.5176 24.1291 23.3408 27.0201 27.338 25.5929 22.182 29.2133 24.1322 23.3952 21.3231 22.327 24.7208 23.3926 23.404 21.1574 26.3432 22.1777 
20.9681 25.4284 27.0511 21.0139 22.0004 23.0056 18.879 21.9745 24.337 27.3088 28.1841 22.4526 25.3749 21.9501 21.8938 19.1168 26.0549 20.9458 26.1005 28.4285 22.1936 25.1386 26.4845 23.942 22.2844 21.0124 24.0823 23.4196 22.9847 24.9477 27.9241 26.9981 20.919 23.4422 23.9884 23.049 26.9995 27.3319 25.5628 22.1097 28.8658 23.9833 23.3667 21.3046 21.9021 24.7185 23.0824 23.4037 20.8501 26.3153 22.0052 
