2.51665e+11 2.58084e+11 2.6222e+11 2.43523e+11 2.85305e+11 2.44308e+11 2.77506e+11 2.39638e+11 2.69346e+11 2.60223e+11 2.55118e+11 2.76984e+11 2.47427e+11 2.38668e+11 2.77609e+11 2.85027e+11 2.42263e+11 2.42782e+11 2.63127e+11 2.56284e+11 2.5339e+11 2.72182e+11 2.62819e+11 2.79661e+11 2.50438e+11 2.64498e+11 2.5437e+11 2.43828e+11 2.94465e+11 2.69359e+11 2.74316e+11 2.65596e+11 2.60111e+11 2.53907e+11 2.78522e+11 2.6764e+11 2.52508e+11 2.59638e+11 2.5877e+11 2.61509e+11 2.62521e+11 2.63923e+11 2.74672e+11 2.71544e+11 2.52466e+11 2.38718e+11 2.59897e+11 2.48143e+11 2.80241e+11 2.48825e+11 2.81001e+11 
1.47346e+11 1.52737e+11 1.50112e+11 1.47481e+11 1.58285e+11 1.48465e+11 1.58736e+11 1.5169e+11 1.39492e+11 1.45951e+11 1.53694e+11 1.62419e+11 1.4483e+11 1.45027e+11 1.61597e+11 1.15046e+11 1.59262e+11 1.42475e+11 1.6256e+11 1.48167e+11 1.55394e+11 1.50894e+11 1.62288e+11 1.68926e+11 1.52801e+11 1.56344e+11 1.38013e+11 1.58381e+11 1.27468e+11 1.4937e+11 1.24739e+11 1.45796e+11 1.53736e+11 1.3543e+11 1.57656e+11 1.39526e+11 1.46507e+11 1.44795e+11 1.5134e+11 1.54813e+11 1.51075e+11 1.45836e+11 1.52481e+11 1.47321e+11 1.51206e+11 1.43536e+11 1.49243e+11 1.53389e+11 1.66462e+11 1.48984e+11 1.52315e+11 
9.07338e+10 8.31927e+10 9.19365e+10 8.17167e+10 9.33088e+10 8.597e+10 8.65936e+10 9.03986e+10 8.86829e+10 8.86247e+10 9.39155e+10 8.54613e+10 8.25232e+10 9.53474e+10 9.21661e+10 9.59861e+10 8.76339e+10 9.31698e+10 9.17768e+10 9.07911e+10 8.13804e+10 9.17995e+10 9.2745e+10 9.42807e+10 8.67756e+10 9.58955e+10 9.54807e+10 8.92573e+10 9.93691e+10 8.31922e+10 9.35075e+10 9.27492e+10 9.54498e+10 8.68072e+10 9.05772e+10 8.08006e+10 8.53875e+10 8.50007e+10 9.21934e+10 9.20964e+10 8.15829e+10 9.02756e+10 8.90197e+10 8.98451e+10 8.44566e+10 9.37848e+10 8.9258e+10 9.22501e+10 8.80915e+10 9.68183e+10 8.71875e+10 
3.26352e+10 3.25238e+10 3.35497e+10 3.0661e+10 3.10681e+10 3.07061e+10 3.21223e+10 3.31518e+10 3.27958e+10 3.28297e+10 3.36413e+10 3.23286e+10 3.1408e+10 2.82498e+10 3.52901e+10 3.22936e+10 3.54979e+10 2.87813e+10 3.00249e+10 2.89632e+10 2.81551e+10 3.15419e+10 3.1386e+10 3.29023e+10 3.09315e+10 2.72525e+10 3.15977e+10 3.35765e+10 3.45253e+10 3.36594e+10 3.03126e+10 3.31477e+10 2.97036e+10 2.76149e+10 3.1173e+10 3.09518e+10 3.13307e+10 3.20972e+10 3.32396e+10 3.28889e+10 3.6119e+10 3.06464e+10 3.45819e+10 3.18655e+10 2.99562e+10 3.54196e+10 3.1514e+10 2.72232e+10 3.13723e+10 3.28373e+10 2.70621e+10 
1.93368e+09 1.9782e+09 1.9154e+09 1.03756e+09 1.84669e+09 1.56465e+09 1.80857e+09 1.65605e+09 1.79996e+09 1.89819e+09 1.87108e+09 1.81377e+09 1.6851e+09 1.55192e+09 1.89573e+09 1.71494e+09 1.66054e+09 1.64056e+09 1.66881e+09 1.70615e+09 1.99388e+09 1.84398e+09 1.92686e+09 1.50169e+09 1.67581e+09 1.96377e+09 1.57839e+09 2.08447e+09 1.80862e+09 2.09925e+09 1.56248e+09 1.93123e+09 1.54101e+09 2.02949e+09 1.85677e+09 1.77203e+09 1.75686e+09 2.11884e+09 1.82748e+09 1.85023e+09 1.85123e+09 1.5599e+09 1.77549e+09 1.68736e+09 1.74066e+09 1.97178e+09 1.6483e+09 2.02514e+09 1.8659e+09 1.63265e+09 1.80511e+09 
2.95431e+06 3.89439e+06 3.02241e+06 3.14339e+06 3.26525e+06 3.17238e+06 3.7508e+06 2.88808e+06 5.15763e+06 3.62008e+06 2.95799e+06 3.20192e+06 3.34071e+06 3.06649e+06 3.07522e+06 3.40943e+06 2.60379e+06 2.65828e+06 3.42334e+06 2.53091e+06 3.64594e+06 3.21197e+06 3.62853e+06 2.46778e+06 2.82928e+06 2.70839e+06 3.41335e+06 3.56821e+06 3.746e+06 3.68645e+06 2.55031e+06 4.28125e+06 3.65966e+06 4.87113e+06 3.17724e+06 2.85202e+06 3.43522e+06 3.75807e+06 3.43561e+06 3.05577e+06 4.04348e+06 3.76675e+06 2.77043e+06 4.13085e+06 2.42511e+06 4.26953e+06 3.04034e+06 3.42835e+06 4.50236e+06 3.08616e+06 3.7582e+06 
2871.04 6216.09 6663.3 4404.36 1078.26 3787.72 8724.09 3139.04 10571.6 5886.79 13629.2 1472.3 18469.6 2555.94 4807.24 5537.36 968.454 4462.96 1608.59 6911.21 1366.01 6888.07 2477.6 6996.8 1839.3 2123.65 7861.08 8597.3 4949.63 8750.16 11629.1 10259.3 5162.49 7859.52 1672.13 8561.03 8488.12 1731.74 8942.68 5008.63 13527.7 8697 1436.77 5650.01 2544.27 9200.4 6503.94 9672.85 3263.02 2033.01 2753.83 
1917.17 4960.82 5324.17 3329.05 19.0368 2681.08 7289.07 2244.49 8721.14 4596.93 12188.6 229.611 17476.7 1665.73 3939.14 4074.46 93.2539 3305.65 467.933 5854.84 61.7 5817.72 840.736 6194.19 174.248 642.173 6480.96 7237.79 3631.68 7779.82 10947.4 8873.74 3298.47 6204.97 414.959 7143.17 6819.32 593.226 7673.38 3644.34 11944.9 7439.16 441.012 4167.45 1630.88 7852.71 5386.54 8492.75 1909.69 819.677 1140.71 
344.461 287.453 666.729 163.905 17.1679 384.001 606.166 365.729 741.08 461.662 599.442 142.053 383.269 293.533 620.424 160.719 31.1297 481.437 129.413 739.554 48.3807 339.02 127.019 314.775 154.874 157.86 478.323 698.463 350.25 514.14 322.381 428.31 318.945 711.871 162.488 450.626 729.639 267.81 771.266 336.88 346.825 747.854 157.964 1171.57 165.283 543.588 757.682 288.94 158.573 216.73 129.201 
0.186191 0.21471 0.475976 0.106186 0.0154998 0.160812 0.530755 0.270778 0.38858 0.287366 0.236506 0.0551451 0.154443 0.224075 0.461578 0.0797645 0.016363 0.767471 0.0546926 0.483131 0.0593548 0.203675 0.107443 0.140615 0.116027 0.0719622 0.211781 0.632647 0.140859 0.35102 0.263855 0.146255 0.158149 0.4223 0.07732 0.212557 0.497856 0.125313 0.270032 0.116267 0.130528 0.714305 0.16109 0.604423 0.170966 0.280771 0.184982 0.24493 0.0529938 0.156712 0.0917391 
0.000272348 0.000147818 0.000711309 5.10892e-05 4.94714e-06 0.000105275 0.000812515 0.000361864 0.000148353 0.000322937 0.000786727 5.79051e-05 0.000194319 0.000140135 0.000219049 3.83489e-05 1.08668e-05 0.000602506 7.05794e-05 0.000202635 3.39841e-05 0.000108432 0.000406903 0.000204012 3.22403e-05 6.34272e-05 0.00017351 0.000215533 0.0002846 0.000197871 0.000167884 0.000147364 0.000188409 0.000222182 7.32079e-05 0.000174697 0.000231996 7.86742e-05 0.000173933 4.18962e-05 5.56167e-05 0.000544005 0.000330672 0.00127963 0.000168634 0.000160843 0.000351209 0.000150559 3.10509e-05 0.000239074 4.885e-05 
1.59071e-07 2.01346e-07 4.74711e-07 6.49954e-08 1.17623e-08 3.40488e-08 2.46461e-07 7.25253e-08 3.01931e-07 9.98365e-07 7.19239e-07 9.52258e-08 2.2912e-07 2.87433e-08 3.43216e-07 6.46393e-08 0 1.32927e-07 4.95805e-08 9.42464e-08 9.75631e-08 1.71825e-07 9.60186e-07 6.1904e-08 4.00761e-07 1.46751e-07 4.24153e-08 1.91542e-07 6.13014e-07 7.87483e-08 3.82917e-08 6.34178e-08 2.19736e-07 3.25255e-07 3.73733e-08 5.23153e-07 4.03074e-07 2.50324e-07 5.62624e-07 1.84703e-07 1.31219e-08 4.66758e-07 7.58718e-08 5.44309e-07 1.02852e-07 2.06879e-07 1.06221e-07 6.41533e-08 6.57551e-08 1.86221e-07 1.5404e-07 
0 0 0 0 0 0 0 0 0 0 0 0 0 0 0 0 0 0 0 0 0 0 0 0 0 0 0 0 0 0 0 0 0 0 0 0 0 0 0 0 0 0 0 1.15776e-08 0 0 0 0 0 0 0 
0 0 0 0 0 0 0 0 0 0 0 0 0 0 0 0 0 0 0 0 0 0 0 0 0 0 0 0 0 0 0 0 0 0 0 0 0 0 0 0 0 0 0 0 0 0 0 0 0 0 0 
