1399.43 1111.01 1587.27 1233.35 1421.13 1576.76 1107.66 832.774 1437.08 888.612 950.6 1362.47 1828.01 1034.22 560.86 1453.24 1399.95 1388.92 678.58 990.4 1283.52 1342.01 1488.35 1499.91 1323.26 940.888 1359.17 1513.15 989.822 808.625 1563.69 1150.29 1232.13 1472.39 1819.96 943.7 1220.51 684.713 1441.6 904.772 1571.57 761.926 1786.38 1399.86 1737.31 1787 1817.65 1683.18 1375.3 1440.05 1408.19 
545.443 579.316 590.095 802.48 789.292 689.781 676.252 705.458 903.411 730.956 423.77 255.07 915.674 743.244 560.86 725.7 911.888 387.855 502.132 309.121 627.263 824.707 897.459 909.207 732.619 522.059 408.474 593.069 695.147 718.805 314.333 582.245 587.075 468.396 697.972 716.841 730.774 499.819 725.641 832.392 1058.79 678.352 742.02 746.336 1062.79 742.179 416.79 490.707 370.208 384.645 482.226 
420.952 329.922 141.837 564.872 443.736 222.744 362.76 386.044 229.449 391.722 423.77 255.07 238.753 273.756 486.257 457.701 337.513 245.249 296.433 304.742 321.932 540.071 491.645 346.782 429.582 521.736 331.814 250.173 356.377 402.057 314.333 223.387 506.072 235.157 533.324 314.547 263.731 482.979 374.82 322.406 496.523 387.872 396.358 452.11 493.76 509.29 407.259 470.292 91.6883 384.645 373.211 
179.663 152.109 141.837 216.137 192.367 103.878 196.67 89.7873 226.503 214.481 225.037 174.32 177.248 216.088 148.232 103.536 174.433 175.167 135.665 87.3802 197.008 180.223 144.352 212.474 183.258 206.494 189.689 133.603 213.861 171.763 122.083 176.002 223.405 159.332 132.708 202.954 197.25 169.04 102.93 203.742 176.593 67.3125 239.141 63.1958 92.8525 182.907 151.159 94.1219 91.6883 186.249 157.869 
15.2432 32.9013 28.271 30.6172 22.9717 20.0118 21.2637 21.7094 38.1556 14.1177 20.5162 39.8754 36.5769 19.1822 14.6083 19.695 8.99615 21.5309 33.9165 21.6111 34.6178 32.3528 31.3058 22.6416 33.6403 36.1948 17.409 26.3372 31.6475 22.7153 25.1851 15.1719 15.9678 12.0554 24.269 13.934 27.8536 15.2699 31.7518 21.4118 22.3505 14.3205 37.5877 24.7283 17.8582 15.0728 24.6076 19.0305 27.2761 38.8324 23.9624 
0.469338 0.307499 0.146308 0.458832 0.407298 0.19151 0.337382 0.318904 0.420301 0.308119 0.366686 0.353892 0.462788 0.178805 0.148549 0.334861 0.327429 0.293737 0.370739 0.41785 0.341189 0.637041 0.285967 0.478839 0.334332 0.426474 0.532918 0.2709 0.369034 0.481329 0.37783 0.392064 0.36617 0.30568 0.448905 0.370421 0.372745 0.279695 0.545252 0.221916 0.325639 0.482554 0.327802 0.380477 0.345833 0.542372 0.306658 0.383626 0.332285 0.510468 0.20658 
0.000294014 2.75725e-05 5.25671e-05 0.000267249 9.21678e-05 4.72905e-05 4.12865e-05 0.000103778 0.000166253 0.000122631 9.96372e-05 0.000427259 0.000254173 4.29058e-05 4.51493e-05 5.86722e-05 0.000171778 2.24752e-05 7.51592e-05 0.000113466 9.64754e-05 0.000478343 0.000117543 0.000246367 0.000106714 0.000248994 0.0001457 2.75755e-05 0.000179668 0.00016699 7.52077e-05 9.47189e-05 6.39896e-05 7.31803e-05 7.58362e-05 0.000128947 0.000102421 8.70059e-05 0.000126208 0.000102816 0.000303873 0.000247406 0.000126314 0.000109129 4.37392e-05 0.000121029 6.66736e-05 9.84239e-05 7.26945e-05 0.000153514 4.13576e-05 
0 0 0 0 0 0 0 0 0 0 0 0 0 0 0 0 0 0 0 0 0 0 0 0 0 0 0 0 0 0 0 0 0 0 0 0 0 0 0 0 0 0 0 0 0 0 0 0 0 0 0 
0 0 0 0 0 0 0 0 0 0 0 0 0 0 0 0 0 0 0 0 0 0 0 0 0 0 0 0 0 0 0 0 0 0 0 0 0 0 0 0 0 0 0 0 0 0 0 0 0 0 0 
0 0 0 0 0 0 0 0 0 0 0 0 0 0 0 0 0 0 0 0 0 0 0 0 0 0 0 0 0 0 0 0 0 0 0 0 0 0 0 0 0 0 0 0 0 0 0 0 0 0 0 
0 0 0 0 0 0 0 0 0 0 0 0 0 0 0 0 0 0 0 0 0 0 0 0 0 0 0 0 0 0 0 0 0 0 0 0 0 0 0 0 0 0 0 0 0 0 0 0 0 0 0 
0 0 0 0 0 0 0 0 0 0 0 0 0 0 0 0 0 0 0 0 0 0 0 0 0 0 0 0 0 0 0 0 0 0 0 0 0 0 0 0 0 0 0 0 0 0 0 0 0 0 0 
0 0 0 0 0 0 0 0 0 0 0 0 0 0 0 0 0 0 0 0 0 0 0 0 0 0 0 0 0 0 0 0 0 0 0 0 0 0 0 0 0 0 0 0 0 0 0 0 0 0 0 
0 0 0 0 0 0 0 0 0 0 0 0 0 0 0 0 0 0 0 0 0 0 0 0 0 0 0 0 0 0 0 0 0 0 0 0 0 0 0 0 0 0 0 0 0 0 0 0 0 0 0 
