8.96376e+06 8.43566e+06 3.76946e+06 585601 63514.1 2.79895e+06 8.30029e+06 4.99828e+06 1.38561e+07 5.92266e+06 6.07785e+06 2.55446e+07 7.55419e+06 3.44515e+06 1.75591e+07 1.89707e+06 1.48963e+07 5.52121e+06 3.95159e+06 1.34282e+06 2.22236e+07 4.6334e+06 9.89533e+06 555139 2.14537e+07 5.79175e+06 91089.8 3.90824e+07 1.76591e+07 3.73779e+06 1.86403e+06 1.42621e+07 759049 3.41551e+06 5.30328e+06 1.33135e+06 567044 1.91262e+07 1.3858e+06 6.94281e+06 5.73981e+06 8.70202e+06 1.86482e+06 4.80775e+06 336660 1.18715e+06 4.20406e+07 3.97996e+06 7.03747e+06 7.05886e+06 7.80445e+06 
1.30172e+06 1.37964e+06 104747 51079.9 63514.1 2.79895e+06 821711 235782 1.63748e+06 2.63167e+06 1.31726e+06 70879.1 1.47175e+06 310624 29720.8 1.1306e+06 1.69141e+06 1.28493e+06 1.41234e+06 557727 1.19607e+06 564814 1.98175e+06 555139 577044 2.24232e+06 67959.5 1.81546e+06 544198 676493 949483 1.87215e+06 105344 3.07528e+06 300208 371434 567044 322004 852277 4.40619e+06 708859 548869 1.38302e+06 2.16291e+06 336660 1.18715e+06 108593 69519.1 630332 3.60535e+06 767595 
307411 46024.6 104747 51079.9 53699.6 223849 251579 59844.6 305856 69831.3 101743 70879.1 29113.8 310624 29720.8 236425 186378 302333 40078.1 216095 7879.86 41642.4 376109 310573 255446 330125 67959.5 215768 239050 123653 180101 48632.6 105344 469209 129510 45000.3 170550 3914.19 475044 281647 39038.5 176643 274260 35025.5 59465 36433.4 85807.9 69519.1 55407.4 40675.6 18077.8 
22713.9 13539.4 10799.7 18856.5 4109.2 2157.8 7597.89 18544.3 3404.91 11190.5 20894.1 10178.5 17367.3 28897.7 19388.9 21510.3 6421.08 5944.18 14945.8 19706.2 7879.86 12788.2 12185.7 8635.38 18024.9 10412 27853 15246.1 28425.9 9128.05 20323 4213.97 6037.29 14472.5 10414.7 9457.08 48785 1659.57 4552.36 9342.9 1595.15 2739.51 19136.2 14971.2 40052.2 18693.7 20926.1 10212.6 7387.56 8020.49 10971.5 
220.302 198.551 222.598 295.442 270.177 244.911 230.869 223.237 263.605 357.287 370.058 419.147 215.111 247.236 78.582 263.189 211.27 303.269 162.114 285.445 174.744 195.632 258.691 401.992 420.267 237.771 185.584 221.374 142.138 288.933 182.818 197.928 285.354 288.757 229.594 206.525 429.202 238.799 215.41 209.257 152.477 306.365 334.676 323.766 329.654 161.061 168.638 162.563 254.028 228.702 235.101 
26.3813 25.6354 25.0207 19.7301 25.2173 18.557 21.6102 22.108 13.0707 25.3387 24.8725 25.6422 24.7491 23.825 21.5105 14.5511 22.9966 22.3171 23.8239 18.8966 24.9198 25.0164 24.0048 24.3462 25.5635 25.543 24.5319 18.4101 25.1171 22.295 14.6685 21.1125 23.3128 19.528 21.9466 23.6099 23.5318 23.6911 23.5162 24.7637 25.0507 11.6592 23.0714 20.8432 22.3405 23.0002 25.7538 23.4023 25.5741 20.9892 24.2184 
16.3569 17.5061 15.8517 12.4978 9.27575 15.2253 8.62975 9.56161 13.0707 12.7676 16.0971 15.07 11.8172 9.33539 12.3712 14.5511 12.2296 7.29093 8.86642 9.14946 14.5158 8.138 11.9995 12.7748 11.8242 10.2533 9.38957 11.3804 12.6136 10.4511 9.77045 9.53129 21.7643 12.7899 18.353 16.797 11.6889 10.8094 12.8438 16.3982 14.0907 11.6592 16.4911 10.4387 11.4827 12.0245 11.6722 9.11683 12.1591 16.8256 12.7184 
8.73612 7.4865 7.4669 8.21588 5.31223 6.93912 8.51358 6.71647 6.28489 8.40314 7.78006 7.1813 8.64158 2.69683 6.85872 6.32408 9.1663 4.97241 4.06234 4.27682 4.13522 8.04451 9.82071 8.20721 6.92974 4.32785 3.80909 6.96466 7.27287 4.9623 6.51384 4.94443 7.01214 6.57992 7.92448 6.66923 9.02249 9.28557 5.59985 7.14466 7.70251 8.52556 7.528 5.03222 5.37659 7.49897 3.2217 6.94733 6.23221 5.30647 5.30202 
0.512033 0.504041 0.518999 0.645025 0.467673 0.592868 0.528722 0.61775 0.120075 0.527912 0.592882 0.496739 0.515206 0.49966 0.526268 0.508508 0.716284 0.380693 0.365457 0.303007 0.467655 0.582948 0.430083 1.54334 0.373055 0.52804 0.403765 0.521896 0.510018 0.500879 0.339275 0.334494 0.168561 0.502359 0.217892 0.240268 0.75065 0.539923 0.646059 0.1361 0.312177 0.429516 0.478055 0.477364 0.500865 0.245754 0.500177 0.540126 0.498116 0.537846 0.503476 
0.492649 0.499961 0.5 0.0946274 0.392818 0.500001 0.49994 0.238515 0.0162916 0.500001 0.465579 0.285946 0.5 0.479202 0.500001 0.5 0.500005 0.0504532 0.214662 0.233489 0.392822 0.045729 0.318856 0.500024 0.194788 0.391492 0.381827 0.443043 0.5 0.499468 0.0539492 0.146034 0.0108909 0.493214 0.0200403 0.0443454 0.499989 0.498895 0.313088 0.1361 0.197157 0.222618 0.34419 0.248152 0.5 0.0219606 0.495664 0.428399 0.268132 0.327229 0.494095 
0.485776 0.499936 0.499999 0.0204955 0.388663 0.5 0.499908 0.177552 0.00203573 0.499999 0.454615 0.157485 0.5 0.479013 0.499998 0.5 0.5 0.0064081 0.211398 0.233242 0.390114 0.0384494 0.0475249 0.5 0.193558 0.379017 0.337671 0.428742 0.5 0.499462 0.00638556 0.143067 0.00198604 0.492275 0.00401384 0.0105096 0.499887 0.494671 0.248935 0.0164825 0.196839 0.221226 0.342455 0.228624 0.499999 0.0111009 0.495185 0.404825 0.264708 0.299719 0.489042 
0.485705 0.499936 0.499999 0.0149642 0.388647 0.5 0.499908 0.177281 0.00123577 0.499999 0.454566 0.149827 0.5 0.479012 0.499998 0.5 0.5 0.000177543 0.211392 0.233241 0.390109 0.0384207 0.000655434 0.5 0.193554 0.378976 0.337172 0.428732 0.5 0.499462 0.00482316 0.143059 0.00132393 0.492273 0.000522961 0.0022105 0.499882 0.494442 0.24854 0.00859722 0.196838 0.221225 0.342454 0.228583 0.499999 0.0110318 0.495185 0.404672 0.264701 0.299677 0.489004 
0.485704 0.499936 0.499999 0.0120435 0.388647 0.5 0.499908 0.177281 0.00123323 0.499999 0.454566 0.149823 0.5 0.479012 0.499998 0.5 0.5 2.64729e-06 0.211392 0.233241 0.390109 0.0384206 0.000338085 0.5 0.193554 0.378976 0.337172 0.428732 0.5 0.499462 0.00478262 0.143059 0.00132182 0.492273 0.000457342 0.00174842 0.499882 0.494442 0.24854 0.00859632 0.196838 0.221225 0.342454 0.228583 0.499999 0.0110316 0.495185 0.404672 0.264701 0.299677 0.489004 
0.485704 0.499936 0.499999 0.0120435 0.388647 0.5 0.499908 0.177281 0.00123323 0.499999 0.454566 0.149823 0.5 0.479012 0.499998 0.5 0.5 2.63848e-06 0.211392 0.233241 0.390109 0.0384206 0.000338079 0.5 0.193554 0.378976 0.337172 0.428732 0.5 0.499462 0.00478261 0.143059 0.00132182 0.492273 0.000457306 0.00174837 0.499882 0.494442 0.24854 0.00859631 0.196838 0.221225 0.342454 0.228583 0.499999 0.0110316 0.495185 0.404672 0.264701 0.299677 0.489003 
