9271.97 9387.29 8728.86 8601.72 8350.78 9070.96 8317.84 8443.5 9198.67 8415.3 10090.1 8531.35 8043.8 8675.97 8789.81 9518.6 7880.06 7433.25 8765.45 7796.74 6904.62 9286.97 9506.33 9112.82 9422.73 8594.62 7660.8 8749.6 7913.78 8859.64 9129.16 8897.59 8827.24 9167.79 9728.22 9217.31 9395.1 9438.45 7718.71 8168.41 9593.44 8002.89 9083.02 8033.04 8134.05 9017.42 8342.25 7901.6 9714.13 9022.37 8772.04 
5418.23 5773.08 5265.67 5531.01 5629.51 4112.61 4463.7 5482.2 4980.72 4761.77 5928.89 5251.76 5335.66 5408.14 5595.6 5552.72 5311.37 5267.87 5873.21 4877.9 5638.66 5934.17 5404.66 5352.59 5149.75 5949.24 5277.42 6065.54 5256.91 5469.91 5572.31 4995.2 5492.96 5751.99 6738.3 6100.27 6022.95 4897.37 5579.56 6005.01 5637.14 5354.34 5168.62 5881.29 5183.95 5552.14 6136.26 4668.98 5212.8 6078.34 5699.91 
3321.24 3468.09 2894.32 3673.8 3354.7 3565.51 3221.08 3796.29 3949.57 3408.59 4106.78 3693.38 3587.65 3316.72 2858.55 3470.22 3562.75 3558.94 3447.89 3791.33 3572.23 4059.36 3688.8 3621.55 3927.14 3939.64 3487.24 3448.33 4343.5 3626.28 3357.42 3247.99 3596.2 3669.84 4633.48 3658.64 4071.09 2935.79 4139.7 3078.37 3413.58 3751.02 3763.83 3927.68 3488.21 3138.02 3753.12 2860.22 4209.26 3922.86 3842.53 
1754.64 1241.44 1325.53 1749.06 1593.29 1498.26 1638 1414.57 1672.11 1425.37 1690.18 1520.9 1337.48 1433.44 1577.56 1527.49 1572.51 1367.31 1464.28 1649.86 1557.08 1653.84 1449.74 1490.44 1802.4 1791.27 1414.03 1975.75 1701.89 1724.09 1412.51 1382.6 1609.89 1346.57 1613.77 1545.48 1977.83 1394.02 1634.25 1609.03 1286.87 1529.3 1394.59 1317.41 1531.81 1640.47 1674.75 1382.6 1630.22 1583.59 1651.51 
674.52 669.448 681.626 651.436 654.726 665.395 672.841 678.298 662.772 641.928 670.702 635.807 655.829 667.516 650.148 663.94 658.95 666.638 662.338 660.487 678.339 653.578 680.906 692.635 672.561 683.075 667.467 710.609 654.873 649.984 651.916 670.053 671.306 672.817 709.512 681.633 691.108 651.902 698.129 671.967 672.141 675.453 661.237 658.416 672.625 670.883 652.944 649.488 666.903 676.581 697.93 
465.123 467.121 465.649 465.349 466.15 470.325 465.284 465.313 468.357 464.438 466.011 466.151 467.978 466.608 467.141 464.679 465.274 468.255 468.286 465.215 468.829 467.435 468.136 470.548 469.726 465.9 467.509 465.296 468.795 465.893 465.63 476.029 465.923 466.8 468.102 466.05 475.619 465.244 512.727 465.536 466.518 465.581 467.425 466.964 466.487 466.649 465.097 465.7 470.576 466.773 469.455 
458.877 458.953 458.89 458.883 458.893 459.235 458.962 458.907 458.955 458.868 458.956 458.869 459.156 458.957 458.926 458.872 458.936 459.013 459.32 458.88 458.949 458.875 459.198 458.999 459.278 459.259 458.952 458.893 460.072 458.892 458.887 459.629 458.903 459.031 458.923 459.016 459.097 458.915 507.73 458.887 458.889 458.915 459.03 458.917 458.956 458.902 458.882 459.041 458.955 458.918 459.237 
458.849 458.849 458.849 458.849 458.849 458.849 458.849 458.849 458.849 458.849 458.849 458.849 458.849 458.849 458.849 458.849 458.849 458.849 458.849 458.849 458.849 458.849 458.849 458.849 458.849 458.849 458.849 458.849 458.85 458.849 458.849 458.849 458.849 458.849 458.849 458.849 458.849 458.849 507.695 458.849 458.849 458.849 458.849 458.849 458.849 458.849 458.849 458.849 458.849 458.849 458.849 
458.849 458.849 458.849 458.849 458.849 458.849 458.849 458.849 458.849 458.849 458.849 458.849 458.849 458.849 458.849 458.849 458.849 458.849 458.849 458.849 458.849 458.849 458.849 458.849 458.849 458.849 458.849 458.849 458.849 458.849 458.849 458.849 458.849 458.849 458.849 458.849 458.849 458.849 507.695 458.849 458.849 458.849 458.849 458.849 458.849 458.849 458.849 458.849 458.849 458.849 458.849 
458.849 458.849 458.849 458.849 458.849 458.849 458.849 458.849 458.849 458.849 458.849 458.849 458.849 458.849 458.849 458.849 458.849 458.849 458.849 458.849 458.849 458.849 458.849 458.849 458.849 458.849 458.849 458.849 458.849 458.849 458.849 458.849 458.849 458.849 458.849 458.849 458.849 458.849 507.695 458.849 458.849 458.849 458.849 458.849 458.849 458.849 458.849 458.849 458.849 458.849 458.849 
458.849 458.849 458.849 458.849 458.849 458.849 458.849 458.849 458.849 458.849 458.849 458.849 458.849 458.849 458.849 458.849 458.849 458.849 458.849 458.849 458.849 458.849 458.849 458.849 458.849 458.849 458.849 458.849 458.849 458.849 458.849 458.849 458.849 458.849 458.849 458.849 458.849 458.849 507.695 458.849 458.849 458.849 458.849 458.849 458.849 458.849 458.849 458.849 458.849 458.849 458.849 
458.849 458.849 458.849 458.849 458.849 458.849 458.849 458.849 458.849 458.849 458.849 458.849 458.849 458.849 458.849 458.849 458.849 458.849 458.849 458.849 458.849 458.849 458.849 458.849 458.849 458.849 458.849 458.849 458.849 458.849 458.849 458.849 458.849 458.849 458.849 458.849 458.849 458.849 507.695 458.849 458.849 458.849 458.849 458.849 458.849 458.849 458.849 458.849 458.849 458.849 458.849 
458.849 458.849 458.849 458.849 458.849 458.849 458.849 458.849 458.849 458.849 458.849 458.849 458.849 458.849 458.849 458.849 458.849 458.849 458.849 458.849 458.849 458.849 458.849 458.849 458.849 458.849 458.849 458.849 458.849 458.849 458.849 458.849 458.849 458.849 458.849 458.849 458.849 458.849 507.695 458.849 458.849 458.849 458.849 458.849 458.849 458.849 458.849 458.849 458.849 458.849 458.849 
458.849 458.849 458.849 458.849 458.849 458.849 458.849 458.849 458.849 458.849 458.849 458.849 458.849 458.849 458.849 458.849 458.849 458.849 458.849 458.849 458.849 458.849 458.849 458.849 458.849 458.849 458.849 458.849 458.849 458.849 458.849 458.849 458.849 458.849 458.849 458.849 458.849 458.849 507.695 458.849 458.849 458.849 458.849 458.849 458.849 458.849 458.849 458.849 458.849 458.849 458.849 
