1037.61 1059.68 1103.73 1077.13 1070.97 1012.46 1031.11 1058.56 1007.65 987.317 1067.91 1080.1 1053.58 1147.44 1044.95 944.421 1116.91 1028.03 986.388 943.884 1003.88 998.549 1166.3 969.384 1002.81 1031.25 979.4 1077.45 1063.92 1055.06 1080.34 1002.97 965.435 938.856 983.783 1082.82 1031 1129.5 964.563 1073.98 1031.38 993.92 877.505 1044.87 917.793 992.676 1013.51 1111.05 959.421 1112.95 1061.16 
790.617 824.226 778.636 813.797 798.609 794.579 811.58 748.293 796.42 805.05 768.44 837.758 808.436 834.516 784.174 821.659 846.621 703.066 825.568 794.461 815.85 837.541 849.768 788.399 863.226 793.933 810.246 799.354 814.238 852.817 795.113 824.505 774.965 783.596 701.776 824.899 814.357 820.706 830.885 773.787 834.356 809.765 793.898 823.67 773.374 812.255 802.837 861.932 807.065 796.322 811.779 
729.415 732.283 751.026 736.706 697.291 706.431 728.699 707.838 699.378 729.143 722.509 744.822 706.043 725.572 719.479 712.957 719.686 703.066 711.734 687.161 715.596 703.858 742.371 689.746 715.922 738.901 721.819 736.28 734.946 731.884 708.172 703.281 685.194 730.117 701.776 710.006 739.828 732.951 726.117 719.087 746.301 703.142 704.78 709.312 677.416 703.04 729.503 710.717 703.443 725.333 700.108 
667.216 654.74 678.19 657.518 645.64 652.398 684.56 645.537 659.677 666.983 637.928 670.809 672.922 653.287 644.634 666.473 660.729 673.135 666.923 650.903 657.345 668.38 674.204 671.42 642.818 660.899 671.05 655.611 669.122 668.174 671.457 673.45 643.461 670.946 652.506 660.807 628.236 684.464 649.806 680.055 659.709 653.408 660.953 644.146 675.432 658.492 660.508 669.768 663.765 673.223 677.241 
612.813 625.901 615.523 597.629 606.813 613.225 627.947 622.353 614.724 634.518 626.456 635.829 641.396 615.766 635.854 621.103 633.945 635.901 639.551 643.963 633.311 621.61 630.706 637.306 637.112 649.731 621.881 624.995 639.511 646.131 614.263 641.018 618.74 624.598 609.257 637.486 628.236 624.883 632.987 642.759 630.634 630.016 638.04 641.872 622.919 628.016 614.624 648.667 625.994 633.728 639.84 
608.599 591.975 615.523 597.629 606.813 603.723 602.935 607.798 613.515 562.205 579.92 591.178 610.675 615.766 610.854 590.734 618.515 607.608 615.139 626.825 607.288 615.659 614.214 615.698 615.715 598.672 607.568 605.673 620.112 591.624 588.541 599.89 609.466 615.916 608.002 594.917 602.518 617.151 611.652 585.896 582.925 603.64 603.488 612.359 613.503 602.249 611.533 616.525 612.982 618.147 601.435 
577.601 565.735 598.772 585.122 586.919 568.168 569.174 590.335 564.223 562.205 579.92 589.99 578.323 586.408 606.958 571.095 593.141 605.716 585.059 548.728 591.615 599.686 571.026 579.172 573.936 587.527 590.045 592.332 583.562 591.624 573.568 592.648 557.596 589.314 582.106 570.649 564.761 566.62 589.238 582.888 582.925 574.847 580.395 558.275 597.858 591.414 572.106 591.786 595.308 593.939 599.635 
549.841 553.543 543.728 545.18 548.415 546.936 556.068 524.443 543.532 551.437 559.943 557.453 549.762 545.354 551.454 556.899 528.194 559.184 556.669 541.039 539.908 535.085 555.992 545.626 540.784 528.902 535.037 555.837 549.833 546.894 532.395 563.957 538.716 553.425 563.844 560.6 546.023 558.237 570.39 532.254 541.991 546.088 561.588 540.783 563.124 559.347 543.268 534.142 558.933 542.086 564.692 
527.273 512.729 533.325 528.461 531.793 519.424 537.931 511.926 534.529 528.744 525.567 542.713 535.969 535.889 527.549 529.376 523.617 528.695 531.203 524.361 527.622 530.865 531.498 535.83 520.613 523.608 525.129 543.928 530.79 539.895 526.479 516.019 531.089 526.889 533.411 526.556 520.107 553.427 550.596 531.778 534.195 529.39 538.943 536.259 543.013 531.61 527.207 530.985 529.384 531.173 547.204 
515.131 495.872 517.61 512.308 514.706 504.068 520.847 502.454 510.326 505.487 501.367 517.71 500.587 513.734 511.813 517.556 519.545 505.527 502.607 522.62 519.416 507.072 523.098 500.122 513.467 516.02 509.506 509.28 501.53 525.179 521.556 503.923 512.124 516.635 520.187 512.569 509.932 530.973 532.532 525.413 526.924 516.023 521.726 505.932 520.25 529.923 491.215 514.586 501.322 512.856 518.162 
458.772 473.124 481.881 490.167 492.615 482.413 493.152 477.798 496.966 482.79 491.733 486.43 474.303 498.74 499.055 498.088 489.305 483.067 461.648 481.377 495.928 481.075 485.54 481.129 496.271 489.115 495.842 500.345 481.873 499.196 500.912 485.87 482.487 494.722 502.489 477.388 498.879 502.01 500.395 498.166 498.336 493.816 489.997 479.283 489.343 497.861 485.407 492.699 477.651 489.845 489.802 
447.042 455.906 457.636 458.032 447.928 454.31 453.178 449.506 456.176 447.773 448.843 456.768 446.686 441.165 448.698 450.195 449.551 455.89 442.657 448.762 454.353 462.5 452.736 449.833 453.665 457.606 459.405 462.16 449.523 460.272 455.629 451.916 455.396 456.984 467.119 450.377 457.164 459.913 458.517 457.275 456.58 459.003 453.581 451.429 458.704 459.344 461.006 465.928 458.311 444.262 453.77 
429.236 433.929 438.247 432.32 434.648 434.786 436.646 433.682 435.508 435.038 430.887 437.028 433.23 428.153 435.336 434.205 435.942 431.789 429.226 434.479 439.668 438.204 437.217 436.208 435.004 437.425 433.861 438.014 437.308 430.357 439.919 433.635 437.313 432.033 438.327 436.626 438.533 436.55 438.942 435.661 429.296 433.452 428.956 435.548 436.96 437.111 440.457 437.477 432.043 429.074 435.806 
423.39 421.96 431.69 426.147 426.905 422.211 424.154 425.573 428.949 429.679 425.101 426.317 425.088 422.188 427.183 426.894 428.888 424.291 423.052 425.633 427.122 428.879 429.589 430.428 426.204 428.316 426.677 430.015 427.043 424.575 425.987 427.78 426.722 426.316 431.996 428.277 427.003 428.785 423.27 429.355 424.736 426.083 423.913 422.61 427.774 426.758 427.852 423.845 424.437 423.772 427.864 
