1.37842e+10 1.13982e+10 1.74082e+10 1.88401e+10 1.63413e+10 1.64933e+10 1.84342e+10 1.37065e+10 1.92629e+10 1.60965e+10 1.61214e+10 1.09503e+10 1.38248e+10 1.50594e+10 1.57863e+10 1.56824e+10 1.27004e+10 1.77124e+10 1.57713e+10 1.49329e+10 1.63206e+10 1.09632e+10 1.65268e+10 1.69781e+10 1.87787e+10 1.29709e+10 1.41008e+10 1.36233e+10 1.69207e+10 1.69822e+10 1.52412e+10 1.02349e+10 1.33405e+10 1.55377e+10 1.92745e+10 1.36736e+10 1.52478e+10 1.72381e+10 1.59751e+10 1.81673e+10 1.82432e+10 1.61695e+10 1.61186e+10 1.57102e+10 1.67518e+10 1.78221e+10 1.70152e+10 1.56203e+10 1.86759e+10 1.73156e+10 1.13724e+10 
5.70892e+09 5.24237e+09 5.36529e+09 5.46801e+09 5.96029e+09 5.42034e+09 5.43201e+09 5.4279e+09 4.77853e+09 5.51468e+09 4.85628e+09 5.21896e+09 4.80264e+09 6.19823e+09 4.99676e+09 4.90521e+09 4.48152e+09 4.13529e+09 6.46798e+09 5.61297e+09 4.85493e+09 4.8568e+09 5.51385e+09 5.26571e+09 4.94195e+09 5.36191e+09 5.28498e+09 6.53069e+09 4.68685e+09 6.75386e+09 5.29452e+09 3.87032e+09 5.97543e+09 5.75233e+09 6.37022e+09 5.46496e+09 6.7945e+09 5.28672e+09 5.63075e+09 4.77233e+09 6.05199e+09 5.87604e+09 4.92355e+09 5.77183e+09 5.58951e+09 3.83568e+09 5.90996e+09 5.363e+09 6.45342e+09 4.57697e+09 5.25874e+09 
2.57642e+09 2.13502e+09 2.46964e+09 2.26954e+09 2.46779e+09 2.80974e+09 1.61606e+09 2.65287e+09 2.70391e+09 2.12929e+09 2.64004e+09 2.28512e+09 2.0484e+09 2.32597e+09 1.89599e+09 2.31596e+09 2.54502e+09 2.57845e+09 2.33248e+09 2.56615e+09 2.51102e+09 2.3459e+09 2.26714e+09 2.48441e+09 2.50462e+09 2.63975e+09 2.23879e+09 2.36615e+09 2.42248e+09 2.50171e+09 2.06385e+09 1.87785e+09 2.80952e+09 2.81744e+09 2.41591e+09 2.48691e+09 2.53744e+09 2.48872e+09 2.19013e+09 2.60504e+09 1.94397e+09 1.98698e+09 2.0722e+09 2.67325e+09 2.63311e+09 2.25564e+09 2.3919e+09 2.39079e+09 2.73701e+09 1.99359e+09 2.68442e+09 
6.65692e+08 7.49158e+08 7.68924e+08 7.00977e+08 7.31989e+08 6.05975e+08 6.02041e+08 6.72812e+08 6.73799e+08 4.58761e+08 7.26325e+08 6.16924e+08 5.43481e+08 4.90913e+08 7.42123e+08 7.58032e+08 6.6245e+08 6.61342e+08 4.5324e+08 5.22683e+08 7.26952e+08 7.73156e+08 6.17222e+08 6.18471e+08 6.85741e+08 7.25052e+08 7.28653e+08 7.00155e+08 6.7153e+08 7.20113e+08 7.38091e+08 4.57241e+08 7.8349e+08 6.26549e+08 5.99199e+08 6.66388e+08 7.15198e+08 6.53486e+08 5.67102e+08 6.49735e+08 7.76307e+08 8.01422e+08 6.8526e+08 7.59632e+08 5.53961e+08 8.37374e+08 6.32518e+08 6.51004e+08 7.73892e+08 8.16846e+08 6.82759e+08 
3.32365e+07 4.23629e+07 3.93657e+07 3.92943e+07 4.2878e+07 3.8593e+07 2.6073e+07 4.01626e+07 3.6423e+07 4.12686e+07 4.77297e+07 4.06123e+07 3.53191e+07 3.91178e+07 4.65745e+07 2.71524e+07 3.97434e+07 3.88144e+07 3.39395e+07 3.36889e+07 3.85599e+07 4.3221e+07 4.78547e+07 3.00468e+07 4.27055e+07 4.33541e+07 3.15316e+07 3.85033e+07 4.27206e+07 3.22851e+07 3.99015e+07 4.93241e+07 3.83419e+07 3.22781e+07 5.14183e+07 2.87054e+07 3.07396e+07 3.82522e+07 3.26657e+07 3.64191e+07 4.24629e+07 3.82851e+07 4.15114e+07 3.8359e+07 3.85544e+07 4.08303e+07 3.66283e+07 2.77303e+07 4.48971e+07 3.75861e+07 3.73257e+07 
164734 241659 205684 195040 210705 196895 234387 227627 198064 186242 201338 207850 192809 217860 232352 239651 223323 172073 208071 200234 271537 172753 197156 280212 182701 240158 197763 246973 234138 225963 191488 204977 209349 213670 288666 178538 187390 218543 271984 225283 217261 207634 204087 178336 200177 189677 184979 164164 168960 175578 172840 
6416.81 8059.96 6374.34 9542.87 7049.68 8343.92 7744.31 7920.26 6898.11 5710.73 8913.89 8579.98 5675.9 6604.88 7492.62 8681.36 6834.44 6815.69 9905.24 6471.45 9315.29 6237.61 6378.19 5608.66 8550.33 6546.69 7535.32 8920.82 6944.46 7306.58 9267.94 6727.31 7142.03 8975.86 7841.29 7427.16 6809.43 6655.11 6474.02 7776.96 8208.24 7672.72 5928.67 8282.36 7587.38 5526.81 6672.93 7859.72 9411.65 7304.2 8229.96 
2811.2 3503.5 3020.52 3275.89 3026.56 2795.77 3055.44 3141.11 3428.96 2838.78 3153.66 3197.92 2830.25 2771.63 2864.84 3160.95 2881.6 3504.45 4115.94 2933.36 3439.19 2628.52 3031.41 3197.51 3027.4 2783.64 3177.38 3269.18 3113.91 3614.67 2983.06 3162.04 2836.46 3123.58 3021.74 2988.79 3030.27 3017.34 2936.78 3459.75 3114.8 3759.54 2872.02 3013.3 3315.76 3029.46 3154.42 3609.02 3408.06 3029.99 2860.83 
2352.29 2805.44 2450.65 2633.7 2361.59 2171.23 2357.71 2308.76 2516.93 2359.2 2505.97 2554.14 2383.28 2448.3 2421.31 2540.31 2411.53 2683.33 2547.86 2422.7 2344.18 2185.05 2506.05 2629.14 2286.39 2326.28 2450.93 2471.1 2504.63 2899 2615.25 2670.92 2445.9 2541.78 2326.35 2351.42 2533.75 2638.74 2348.76 2731.84 2438.28 2565.82 2310.85 2397.39 2658.01 2358.8 2400.05 2412.73 2464.44 2459.49 2421.62 
2335.01 2514.5 2365.35 2448.86 2242.52 2149.47 2292.43 2253.7 2494.27 2337.56 2281.86 2528.39 2218.22 2315.17 2356.18 2350.72 2388.47 2603.47 2449.49 2392.24 2177.4 2167.11 2467.66 2608.15 2237.97 2303.27 2375.71 2422.49 2437.77 2758.46 2465.64 2449.86 2330.76 2509.82 2283.46 2247.8 2472.86 2420.29 2313.7 2705.7 2394.24 2438.98 2290.19 2299.15 2343.4 2330.26 2197.2 2349.82 2328.68 2378.79 2382.5 
2329.79 2503.05 2358.67 2304.1 2232.54 2143.43 2286 2247.28 2475.41 2332.05 2274.33 2523.53 2213.96 2311.05 2347.56 2335.59 2385.79 2599.78 2444.89 2385.94 2171.25 2162.26 2462.55 2601.2 2173.43 2291.19 2367.47 2419.5 2432.03 2599.25 2451.47 2438.32 2310.28 2501.97 2277.34 2243.77 2468.28 2411.64 2308.32 2699.45 2388.12 2434.89 2285.62 2293.04 2335.61 2323.62 2188.93 2344.54 2317.15 2373.52 2375.61 
2326.88 2499.39 2354.81 2299.05 2227.65 2137.69 2281.31 2243.12 2465.65 2327.69 2269.62 2520 2210.43 2306.2 2343.57 2331.84 2380.05 2595.85 2441.03 2381.28 2166.46 2159.28 2457.45 2598.76 2170 2285.66 2362.98 2416.97 2429.17 2594.54 2448.32 2434.34 2298.84 2496.26 2272.86 2240.13 2464.3 2409.56 2303.63 2696.95 2385.69 2429.05 2280.01 2289.39 2329.65 2321.01 2183.91 2341.3 2313.09 2371.24 2373.92 
2317.44 2496.77 2339.81 2295.69 2225.42 2114.77 2272.11 2203.66 2453.01 2315.72 2267.39 2505.27 2207.88 2233.7 2338.83 2329.15 2377.79 2594.85 2313.49 2378.51 2150.62 2144.1 2454.48 2581.65 2166.53 2284.21 2347.19 2415.89 2428.47 2592.29 2446.29 2432.69 2291.55 2485.77 2244.69 2239.09 2462.6 2406.75 2293.55 2651.26 2383.11 2407.96 2274.34 2288.39 2321 2319.89 2181.44 2332.88 2293.35 2369.29 2371.04 
2317.11 2484.92 2334.94 2277.33 2213.94 2114.68 2257.69 2191.56 2448.74 2315.38 2247.73 2500.95 2190.57 2230.13 2323.59 2318.06 2356.77 2435.32 2305.42 2361.73 2141.54 2141.1 2439.16 2538.62 2149.99 2252.48 2346.26 2398.46 2414 2579.12 2432.1 2403.28 2218.15 2483.75 2243.65 2219.98 2448.09 2384.49 2241.43 2647.73 2367.7 2385.26 2262.57 2273.18 2307.5 2302.05 2165.15 2181.27 2292.38 2351.28 2361.2 
