11760.2 9195.12 9082.02 10596 9300.73 12962.1 12856 10016.8 11788.5 11764.8 13093.3 8873.57 10097.7 11860.6 11850 9988.77 9266.19 12967.2 6649.34 13328.9 11702.6 13757.8 11579.2 10200.7 7412.26 11384.4 8654.03 10312.6 9692.28 7610.06 13696.1 9185.71 8052.22 7850.98 9976.83 10911 14599.1 5317.92 10607.6 10796 12242.1 4872.39 12102.3 5920.8 7885.34 11217.3 12862.9 9136.59 10918.7 11181.5 9536.86 
5453.49 5408.72 5959.02 5715.04 7486.75 3700.52 4943.88 6676.15 6387.12 4940.13 7392.19 8060.73 3568.61 6960.42 6281.57 6994.07 5232.8 5272.47 4870 7813.47 3756.97 5985.66 6954.25 7690.14 5343.14 5947.04 6470.09 5355.64 6927.09 5389.36 5121.89 5875.14 5501.53 4246.7 5381.46 6381.26 4596.35 3459.56 5773.4 7212.12 4719.92 4668.94 6039.61 5920.8 7885.34 3924.23 6956.36 4106.08 6630.71 5737.01 5250.39 
1101.29 2708.35 3098.73 3623.11 3836.85 3700.52 2881.75 2092.28 4209.27 3082.8 2954.26 2039.56 2678.77 2913.95 2716.89 2157.97 3450.31 3500.23 3867.92 3753.9 3319.52 3390.89 3422.26 4482.96 3946.57 2723.71 2788.72 3529.34 4387.74 2359.4 4696.73 1277.06 3014.97 2261.63 2526.33 4087.6 2584.14 2644.35 3254.85 4497.38 3134.98 3916.74 3266.66 2027.85 1653.7 3083.23 2935.62 2284.09 3638.85 4149.09 3199.95 
1101.29 1209.56 987.695 1219.05 1102.56 956.225 1130.26 1272.86 930.469 1395.28 1231.44 1132.86 1301.39 1127.73 963.403 1374.9 762.165 1252.93 967.254 953.854 1335.68 1190.86 1340.85 1443.81 1009.35 1329.59 1163.84 1350.46 1110.4 1198.15 1374.94 841.924 924.798 1256.42 601.429 1261.67 1141.75 1392.24 1225.89 1354.24 1297.69 1126.08 758.356 1084.51 1507.12 857.966 1051.32 1313.49 1278.04 812.24 920.162 
308.889 243.032 341.017 286.449 365.899 298.192 292.621 275.674 288.101 344.021 306.493 280.273 315.443 321.521 302.967 330.172 315.228 334.232 302.483 283.08 351.51 310.418 270.318 329.918 330.068 274.822 316.05 323.129 312.021 323.466 361.613 303.841 339.28 298.414 313.418 305.389 299.018 315.032 333.228 316.978 329.251 271.994 297.152 230.227 322.379 281.562 293.163 322.955 319.536 291.294 293.119 
95.5744 136.702 111.525 102.605 124.035 125.933 102.28 133.922 124.081 153.318 86.5196 85.7077 91.1044 102.658 84.153 110.542 101.307 112.766 92.3861 85.5368 119.264 99.6357 127.039 112.048 114.131 132.037 141.076 107.913 105.498 90.3142 119.918 89.8203 116.014 131.223 145.828 83.716 98.1872 134.453 96.1401 133.046 95.6365 103.604 120.673 106.102 97.453 67.7456 112.745 102.958 85.8002 144.402 114.366 
48.6692 124.424 67.1712 71.6204 90.3626 76.8956 60.2163 74.5496 72.3372 109.524 68.6227 57.3199 53.9603 50.0835 62.0127 71.2909 57.0018 75.9419 55.5413 68.8857 73.3599 56.7465 88.3163 57.9947 51.8373 112.206 81.5991 69.1156 60.1332 67.7556 80.9587 62.4397 69.5013 111.654 119.744 61.5171 73.847 65.8693 59.668 76.5234 62.6142 70.0026 53.4067 62.0705 52.1895 61.5713 80.0499 47.8178 60.8987 81.4145 66.697 
48.6692 107.89 36.0054 37.8452 61.027 60.521 47.6146 55.0157 45.1913 91.7054 46.0233 37.4616 42.4037 44.9589 29.3178 50.4206 38.4621 47.1172 36.309 44.6189 43.8201 35.7378 49.5351 42.3163 32.0058 66.4957 54.8902 48.6494 31.6194 42.0476 52.1043 44.5315 37.5961 69.1526 93.4886 30.3345 51.1555 41.7718 44.8099 55.0399 49.0752 36.6504 49.6808 46.2889 42.6376 37.228 47.4011 47.8178 32.0848 53.1354 41.5755 
30.6406 87.4585 30.9681 25.049 42.8493 36.691 24.3694 41.9484 28.3903 64.5078 26.7055 25.326 24.5111 26.4565 17.4776 32.6035 19.4579 29.501 18.91 23.2679 29.0645 26.047 31.018 22.2366 19.0597 48.3666 40.738 34.6173 21.864 26.457 30.4732 25.3008 16.3732 48.7355 78.868 27.1112 31.7288 31.0678 32.5104 31.0786 32.2465 27.8952 29.711 34.6033 28.3669 25.7 25.2327 32.7111 21.1427 30.8977 28.2422 
18.6009 78.1156 20.7801 12.2136 25.1223 20.7655 22.9455 20.1521 16.0041 36.1964 19.5571 20.1862 13.0818 12.9415 12.4029 20.3887 17.4739 19.7374 16.3823 16.9162 17.3353 17.5291 20.0344 7.24158 12.4974 34.3112 15.4327 24.7587 13.7456 15.2962 16.7861 16.2323 10.774 21.6926 51.8355 13.9431 25.0462 13.7404 23.5284 20.8281 24.8212 18.7286 14.7927 22.7066 9.90017 20.5259 17.6342 16.6159 10.1666 20.2186 15.0965 
12.2412 71.3588 14.1281 11.3607 14.1139 14.3234 15.6646 7.22567 15.6013 21.5267 16.5054 10.2782 6.93919 10.3934 7.07969 14.393 9.09242 17.6227 10.799 15.2776 12.9531 9.15165 13.426 6.28377 11.009 14.0795 0.620084 17.0149 10.9443 8.14625 11.8918 11.1276 8.03063 15.8554 35.5455 8.83252 14.7259 7.60769 16.7409 13.2819 10.7338 10.6564 9.92447 16.9848 7.20549 16.1884 14.2528 11.702 9.36612 12.7403 10.6014 
8.23888 50.7563 12.3698 2.93712 8.28812 10.45 10.0715 4.9833 6.67614 15.7032 11.5694 6.1249 5.4979 5.39357 2.36619 11.6294 4.78856 12.8266 6.27523 9.55515 6.55344 1.4456 6.15899 5.03191 7.91028 2.00828 5.49457e-07 11.6652 2.03814 5.61272 4.14106 7.19637 3.13828 4.49772 9.25722 4.53496 10.9388 6.23106 12.5232 8.36486 8.56218 8.84988 6.5109 11.4131 1.99168 10.7668 9.8791 7.93872 6.64777 6.63262 6.22215 
4.94476 20.5829 6.47606 0.994977 1.10083 4.15057 5.17239 4.98158 5.97654 10.1397 8.74399 4.62452 3.20826 2.95993 3.8601e-05 4.64464 2.15806 9.37974 3.98469 6.62694 4.9816 1.49514e-05 3.98727 2.92532 1.69563 1.98992 0 7.41421 0.000103081 2.22698 3.98662 3.22542 0.994976 3.97984 8.96142 1.8435 7.83911 2.53594 8.89726 5.06342 8.09408 5.68421 3.9867 8.05206 4.7164e-05 8.18571 8.46118 3.70183 3.18389 1.5334 1.99016 
1.97784 9.19251 5.97655 0.994959 0.994997 1.00332 3.99993 4.98158 5.97654 7.64473 7.45413 2.2426 0.956799 0.162958 0 3.9867 0.0161333 5.99418 2.40943 4.02964 4.98158 0 3.98662 1.0083 1.00179 1.98992 0 4.93493 0 0.0489628 3.98662 0.995596 0.994959 3.97984 8.96142 0.00188667 5.05725 0.0121579 5.99651 1.48422 5.62011 1.80354 3.98662 6.93331 0 6.32729 5.21171 1.38204 1.24279 0.99513 1.98992 
