6047.12 5067.28 5340.25 6014.72 5743.25 5272.73 5738.92 5798.45 5540.19 5541.66 5787.84 5750.06 5989 4999.82 5467.38 6047.01 5001.64 5888.95 6286.13 5492.62 5208.71 4989.15 5931.22 5614.75 5562.78 5130.43 5332.78 5671.12 5442.81 6286.1 5673.62 5353.31 5769.68 6377.71 6078.74 5697.31 5808.17 5623.72 6092.95 5688.02 5808.4 5895.78 5186.92 5887.79 5562.46 5465.49 5005.46 5531.6 4933.08 5107.48 5170.74 
4621.61 4490.06 4239.68 4696.75 4413.87 4187.99 3777.4 4693.93 4438.51 5048.78 4054.91 4577.66 4390.63 4442.04 4554.81 4563.29 4416.4 4084.01 4711.27 4844.07 4798.22 4715.88 4661.13 4740.66 4529.86 4712.34 4046.81 4240.35 4346.54 4935.57 4505.84 4754.12 4208.31 4521.1 4180.81 4286.03 4506.13 4614.09 4682.89 3883.9 4672.62 4382.99 4808.11 4733.9 4624.41 4589.67 4543.61 4269.43 4062.73 4574.88 4859.43 
3907.95 4123.71 4225.38 4386.46 4389.86 4187.99 3734.95 4118.79 4267.03 3715.57 4045.64 4535.65 3710.93 4064.29 4230.66 4372.36 4184.17 3888.3 4023.51 3991.18 3828.41 3758.95 4408.47 4408.27 4279.69 4319.49 3178.5 4180.74 4001.35 4225.89 4505.84 4183.59 4208.31 4137.71 3542.08 4282.33 3676.19 4215.81 4419.17 3883.9 4031.52 3965.24 4132.59 4118.58 3585.14 4158.19 3848.55 4013.08 4062.73 4334.18 4188.52 
3810.72 3988.98 4015.55 3567.74 3413.31 3681.77 3734.95 3572.61 2884.02 3715.57 3571.03 3942.48 3519.4 3595.81 3783.61 3513.17 3792.39 3808.25 3612.76 3347.61 3784.53 3714.95 3942.35 3650.24 3696.28 3774.49 3178.5 3583.93 4000.03 3780.99 3873.48 3689.79 3793.6 3956.1 3487.69 3656.25 3676.19 3669.51 4112.73 3732.66 3925.49 3610.88 3375.36 3655.79 3202.97 3508 3848.55 3845.37 3546.59 4076.63 3831.05 
2834.85 3875.42 3203.02 3510.06 3413.31 2450.8 3516.67 3553.54 2884.02 3246.5 2667.68 3437.4 3519.4 3595.81 3587.8 3513.17 3304.29 2927.23 3314.97 3074.29 3784.53 3379.65 3504.84 3650.24 3658.86 3162.53 3083.45 3583.93 3425.42 3587.04 3609.35 3414.65 3461.37 3637.42 3487.69 3625.56 3082.07 3367.56 3234.22 3539 3233.92 3610.88 3375.36 3158.85 3202.97 3508 3359.26 3129.76 3546.59 3474.8 3426.3 
2834.85 3187.38 3203.02 2731.9 3218.78 2450.8 3187.38 3123.63 2884.02 3246.5 2667.68 3065.02 3325.25 3142.16 3242.94 2816.05 3127.61 2927.23 3073.71 3066.36 3047.98 2977.03 3303.96 2919.79 3215.49 3006.56 3083.45 3414.94 3118.18 3153.05 3062.47 2817.76 3285.72 3361.73 3340.3 2849.09 3041.51 3260.3 3130.65 3062.75 3066.8 3320.16 2942.29 3084.32 2997.86 3230.46 3264.05 3113.93 3370.51 3042.2 3421.63 
2716.56 2797.7 2960.87 2731.9 2954.5 2450.8 2509.23 2901.28 2884.02 2588.92 2667.68 2604.88 2840.6 2894.59 2861.48 2743.91 2970.1 2629.79 2434.96 2778.34 2985.78 2977.03 2976.96 2919.79 2877.62 2831.88 2488.85 2660.18 2752.78 2426.69 3062.47 2462.33 2811.84 3223.28 2692 2849.09 2742.18 2956.21 2751.05 2786.44 2790.01 2630.41 2889.01 2776.07 2793.54 3041.1 2791.18 2920.34 3028.05 2907.46 2872.73 
2110.67 2339.54 2364.86 2654.14 2495.02 2245.97 2509.23 2214.24 2322.89 2359.09 2449.15 2209.89 2054.68 2421.59 2428.3 2364.37 2852.73 2465.91 2128.99 2256.39 2741.6 2352.78 2344.65 2194.92 2396.23 2578.02 1863.96 2534 1862.57 2048.48 2304.45 2462.33 2205.41 2522.64 2465.65 1892.98 2456.44 2440.65 2106.07 2315.6 2560.62 2414.64 2105.47 2506.14 2496.38 2478.17 2277.9 2674.71 1890.85 2422.22 2732.99 
1889.03 2114.43 1794.28 2081.59 2097.06 2064.9 2165.75 1702.35 1973.54 1662.51 1875.65 2114.63 1682.34 2219.04 2073.42 2307.55 2464.92 2198.68 2098.23 1708.61 2015.66 1886.49 1953.31 1901.6 2049.1 1800.33 1863.96 1871.02 1707.06 1783.3 2302.49 1863.62 1973.08 1616.14 2063.64 1784.22 2231.29 1806.58 2106.07 1640.86 1988.71 1694.29 1923.19 2146.86 1850.86 2124.95 2064.59 2205.52 1681.77 1981.5 1980.78 
1456.34 1636.15 1591.08 1805.28 1756.09 1766.38 1571.59 1600.75 1798.56 1273.97 1792.78 1942.9 1203.48 1752.98 1814.08 1712.99 2167.96 2090.72 1851.06 1464.41 1931.18 1775.98 1743.52 1827.6 1725.66 1351.71 1618.71 1659.23 1570.63 1056.92 1611.94 1755.62 1645.64 1465.19 1890.88 1507.52 1712.33 1373.82 1499.54 1318.12 1782.06 1435.16 1612.46 1643.47 1494.87 1580.31 1651.6 1977.2 1329.4 1645.87 1730.11 
1428.33 1209.73 1410.21 1605.74 1672.39 1553.09 1453.86 1094.23 1389.66 1167.87 1501.75 1122.15 830.996 1652.91 1552.19 1671.29 1670.18 1289.68 1713.85 1279.83 1561.99 1486.25 1511.54 1575.84 1479.12 1294.38 1267.44 1488.17 1289.02 1009.05 1187.11 1417.86 1304.77 1406.49 1574.88 1151.47 1561.88 1202.03 1270.72 1257.51 1563.87 1332.04 1401.87 1334.72 1163.57 1531.31 1363.25 1442.79 1232.73 1470.16 1487.04 
1013.06 1138.12 1191.15 1122.16 1426.6 1342.89 1246.5 1041.58 1268.4 1071.12 1264.83 741.693 698.696 1210.26 1175.26 1380.1 1366.81 1169.28 1530.13 1183.51 1265.03 1295.68 1388.12 1135.41 1238.97 1202.93 1131.82 1270.52 993.927 847.447 989.729 1121.01 942.032 1205.23 1317.83 1020.92 1263.37 1002.27 1123.13 1004.82 1303.72 1058.49 1151.03 1095.99 1050.4 1080.77 1265.87 1391.96 1091.91 1268 1240.09 
783.076 917.488 874.639 889.338 859.415 1080.94 837.86 914.153 1110.61 811.582 716.287 538.542 596.08 1100.94 921.454 1031.98 1189.74 966.337 1086.06 879.597 990.136 880.5 1015.76 923.006 1104.87 1040.43 973.183 968.215 852.719 675.816 841.051 892.168 760.896 1002.35 1012.01 884.387 994.33 853.452 795.499 839.562 748.012 749.931 806.911 1009.7 906.494 884.533 1139.69 1063.19 957.923 1053.71 1061.16 
472.839 383.116 481.748 430.261 468.357 536.511 539.593 606.126 454.696 355.953 150.584 198.041 349.416 491.803 375.362 477.249 581.382 367.905 661.864 268.069 506.54 478.94 684.197 609.326 484.152 500.95 643.219 258.071 494.267 353.694 302.837 504.041 356.494 134.734 664.725 366.71 370.819 496.839 269.386 322.588 553.997 205.578 426.124 370.844 616.329 432.778 506.291 569.959 603.874 618.82 618.58 
