446.191 411.892 411.907 421.979 425.104 405.437 403.904 429.722 415.982 372.987 381.586 411.499 399.278 418.902 377.752 411.208 404.318 408.593 411.121 421.867 398.365 385.521 382.694 390.001 415.489 443.67 432.578 418.673 412.472 383.385 444.004 431.451 408.217 435.731 420.458 433.596 354.514 406.788 435.498 416.902 434.637 415.595 385.964 428.254 395.548 404.81 422.313 409.646 428.823 394.657 423.709 
367.873 357.743 372.676 374.734 344.374 374.519 351.395 376.265 374.803 370.499 381.586 362.901 370.09 376.424 351.981 359.159 361.712 386.555 359.161 378.105 367.386 341.205 377.945 359.536 371.29 399.538 382.637 357.741 368.908 344.882 372.673 362.299 379.804 382.008 384.952 377.042 354.514 370.225 374.996 360.884 373.395 368.073 365.942 378.9 356.819 357.453 365.275 362.9 382.457 353.536 374.153 
358.929 357.368 360.662 360.429 344.374 366.111 349.241 360.374 352.359 347.327 353.085 346.31 346.073 358.641 346.107 357.262 356.208 347.906 356.94 363.33 344.548 341.205 360.95 359.536 347.983 361.94 347.57 357.741 367.556 344.882 363.924 362.299 360.442 365.672 352.405 352.956 350.602 359.918 361.895 358.465 353.898 354.076 344.067 361.565 356.819 351.726 345.889 360.572 364.902 350.183 354.191 
352.149 349.058 347.904 349.973 344.374 346.43 339.084 341.989 333.639 340.904 346.593 346.31 344.827 345.533 340.243 343.811 351.242 345.85 342.841 341.647 344.548 339.72 345.612 349.983 339.881 342.656 347.359 339.696 351.472 344.882 337.509 344.434 343.12 356.152 349.796 334.301 343.807 345.509 350.474 349.194 345.014 349.627 344.067 347.639 336.935 345.977 345.138 349.451 358.924 339.437 340.869 
332.369 333.049 336.637 339.579 338.513 327.3 334.207 341.094 333.639 335.333 332.021 336.579 337.911 336.993 335.542 333.783 333.562 331.42 342.841 337.006 324.782 339.72 335.942 336.28 339.881 335.136 345.491 338.664 329.923 335.128 333.387 328.716 332.282 337.178 338.444 334.301 335.972 330.267 340.3 342.518 337.932 337.68 327.178 333.167 336.935 341.604 335.489 343.812 350.031 328.135 338.117 
329.296 332.666 325.161 322.445 328.889 322.674 325.17 332.131 327.189 331.722 332.021 324.54 326.399 327.745 327.457 333.783 318.671 323.158 332.495 329.519 324.782 328.317 325.01 333.431 335.319 328.89 319.959 330.488 329.923 328.901 327.523 326.791 315.58 335.238 319.184 319.166 335.943 330.267 338.139 337.875 329.242 326.635 323.273 326.468 318.752 338.244 326.959 317.717 335.107 328.135 326.61 
318.105 316.163 315.463 316.883 318.839 316.562 318.64 319.628 318.606 310.452 316.572 317.409 320.818 318.384 313.914 315.592 316.088 310.858 322.382 315.789 312.695 316.358 313.586 316.353 318.686 318.833 314.528 319.398 315.036 318.724 314.444 320.603 312.789 317.313 319.184 313.955 312.32 308.481 321.427 313.884 311.18 312.007 317.263 311.729 318.752 320.826 314.778 310.933 312.668 312.167 315.424 
314.561 305.88 311.073 311.694 306.043 310.965 309.166 312.497 311.697 309.563 312.242 310.492 315.99 309.278 312.348 313.123 310.198 307.686 312.312 309.973 310.683 310.993 308.287 309.854 312.495 314.008 308.902 308.658 310.306 309.782 313.351 312.494 310.076 310.425 313.805 308.05 310.778 306.39 310.742 311.423 308.852 308.696 311.967 311.642 313.656 312.413 313.193 309.102 308.105 310.201 313.87 
310.17 305.07 305.427 306.025 305.47 309.664 306.09 310.471 308.558 308.61 308.469 307.257 308.957 305.317 308.326 310.32 307.296 301.756 311.615 308.182 309.255 302.109 306.252 307.247 310.427 307.239 307.162 306.465 308.257 309.762 308.297 307.824 308.474 307.74 309.749 305.285 304.492 303.445 308.669 311.214 306.686 307.491 308.624 305.967 309.096 307.276 307.111 304.631 305.403 308.561 307.733 
307.327 304.293 305.112 305.449 305.02 306.051 306.09 308.032 307.033 307.038 306.145 304.111 305.272 302.358 308.067 307.954 304.924 301.637 309.483 305.09 306.276 300.907 305.203 303.276 309.357 304.537 304.823 305.835 307.255 309.285 307.209 305.328 305.85 305.701 308.515 302.948 303.105 303.07 307.35 306.133 304.668 305.632 307.238 305.318 303.408 306.383 306.407 301.233 303.164 303.54 307.304 
303.879 302.525 303.439 304.631 303.981 304.862 304.414 305.263 304.17 306.737 305.03 303.593 305.008 300.59 306.316 304.447 302.625 301.097 305.557 302.792 303.624 300.903 304.625 301.066 304.545 303.671 302.347 303.93 302.156 308.462 304.272 304.609 304.752 303.614 306.002 301.931 301.074 302.033 305.221 305.702 300.983 304.796 305.486 304.37 302.014 305.557 305.915 300.855 300.513 302.273 304.047 
300.62 300.465 302.882 303.196 303.391 303.514 302.877 303.879 303.563 306.336 300.827 303.39 303.711 300 305.352 303.502 300 300 303.457 300.942 303.237 300.001 300.255 300.001 303.345 301.143 300.537 302.555 300.706 306.477 302.594 302.215 303.16 302.882 303.205 300.181 300.405 300.885 304.341 304.886 300 303.229 304.893 302.576 300.586 303.549 304.021 300 300 300.014 300.987 
300.004 300 302.882 300.036 303.007 300 302.576 302.882 303.214 305.875 300.001 300.004 302.576 300 302.882 302.882 300 300 300.005 300 300.218 300 300 300 302.882 300 300.012 300 300 303.827 300 300 300 302.882 302.688 300 300 300 304.111 303.12 300 302.685 302.577 302.576 300 303.007 302.598 300 300 300 300 
300 300 302.882 300 303.007 300 302.576 302.882 303.214 305.875 300 300 302.576 300 302.882 302.882 300 300 300 300 300 300 300 300 302.882 300 300 300 300 303.827 300 300 300 302.882 302.576 300 300 300 304.111 303.12 300 302.576 302.576 302.576 300 303.007 302.576 300 300 300 300 
