100922 102131 101794 112958 113168 112852 111528 110256 98318.4 110181 107376 94586.3 101322 106574 112015 100965 115615 104088 90931.1 108058 109427 109760 98506.3 112529 94192.6 94883.2 113169 107040 106293 105052 95382.7 111381 100717 105720 107982 99721.9 113700 119038 109908 115951 109016 106055 106435 93982.6 100261 113743 108293 112372 108144 112941 108000 
66249.7 66652.7 85525.6 69355.3 74626.6 75199.9 75707.3 69477.2 72264.1 73965.3 73431.3 65451.3 77814.9 73153.9 82704.3 77737.5 70420.8 77290.7 82194.3 67945.3 70794.7 70246.2 63676.4 75433.8 78001.4 75052.1 76904.2 69338 68832.4 61699.9 72393.3 70131.7 74124.8 69612.4 69409.6 81187.5 72490.3 74667.7 79696 66916 73857.4 79856.5 75216.5 70416.4 66882 75528.5 72847.3 70675.6 72556.5 77120.4 72880.4 
51601.4 41221.6 47342.6 41696.8 44805.2 57434 54293.4 47739.6 51713.6 48799.6 55423.3 49947.8 45070.6 40207.7 47274.9 54044.4 52654.5 56608.2 57036.4 52601.5 46337.2 47455.2 53260.8 56613.8 54077.6 48287.3 48774 41971.1 51713.1 53217.2 52464.5 46756.8 49026.2 49440.2 53863.9 53717.2 50331.6 47793.4 47840.3 46300.8 54231.1 46821.7 47794.7 51451.3 47251.5 47291.5 54552.6 53543 53898.5 58104.5 50871 
25844.3 22966.7 23999.4 23827 24634 25124.6 25654.1 21416.1 22308.9 25517.9 28732.5 20410.3 21951.9 25571 23970.6 24858.3 28430.7 25487.1 25530.3 26963.1 22767 21773.8 24448.7 28376.2 25662.3 26707 29138.6 24236.2 25409.5 24235.3 23263.4 27612.2 19940.1 28117.3 27049.4 28513.5 28184.4 26824.4 26329.1 25674.6 25262.9 26746.2 24315.6 25158.3 22698.6 25622 26622.1 29821.5 23514.2 28169.4 22196.9 
4385.79 3761.69 4181.16 4697.9 4226.44 4018.9 4085.32 3922.21 4243.39 4559.55 5050.55 3455.31 4556.22 3793.13 4661.5 4405.73 4008.94 4279.16 3737.02 3898.36 3741.08 4091.25 4772.83 4569.33 4037.52 4208.3 4548.34 3988.54 4255.04 4108.08 4036.24 4402.68 3759.6 4380.98 4500.54 3936.97 4527.01 4359.99 3930.56 5066 4395.37 2448.25 4081.14 4147.78 2901.43 5167.38 3861.77 4326.53 3998.59 4978.3 3133.19 
41.9927 47.3722 49.8413 59.6883 50.1285 40.3282 40.3029 40.1507 39.4535 69.5786 69.9536 45.6176 43.2947 79.35 54.6268 63.0952 54.4725 46.7085 46.3154 61.2754 52.36 50.7939 44.4949 73.5075 64.1113 33.9991 62.7073 66.6141 53.1671 103.189 35.0242 83.391 60.7726 48.9815 48.6885 60.646 53.8328 44.5215 62.0918 55.1579 57.1476 31.8442 50.6419 76.406 46.5432 84.554 43.793 58.9403 39.5272 56.1674 43.9378 
0.133 0.161816 0.205842 0.317791 0.145188 0.205575 0.180103 0.197823 0.214994 0.151654 0.268895 0.210577 0.178023 0.384611 0.352862 0.844737 0.285457 0.122542 0.190534 0.312427 0.192598 0.243204 0.178579 0.247123 0.370867 0.243146 0.321881 0.22945 0.728474 0.471012 0.191407 0.29717 0.184435 0.145885 0.249054 0.157255 0.258856 0.113316 0.525328 0.221136 0.153551 0.126148 0.134932 0.450242 0.125842 0.651164 0.148886 0.207706 0.179053 0.280891 0.207741 
4.72146e-05 4.48838e-05 4.00135e-05 0.00011092 5.69075e-05 0.0895597 3.81594e-05 6.6919e-05 6.06857e-05 3.52921e-05 7.99984e-05 5.10979e-05 4.82495e-05 9.36669e-05 0.0895678 0.543885 6.99238e-05 4.4968e-05 2.80227e-05 0.179081 2.16604e-05 4.4491e-05 3.17652e-05 4.34856e-05 4.97279e-05 0.179067 5.92598e-05 0.0895655 0.543906 0.0895949 0.089549 9.78933e-05 5.95714e-05 5.8405e-05 6.73983e-05 3.45053e-05 0.179073 4.21425e-05 0.089619 3.67869e-05 1.84528e-05 5.94208e-05 3.92341e-05 0.179114 1.76353e-05 0.000174455 2.98144e-05 2.87441e-05 4.69705e-05 6.47154e-05 5.99316e-05 
0 0 0 0 0 0.0895283 0 0 0 0 0 0 0 0 0.0895283 0.543852 0 0 0 0.179057 0 0 0 0 0 0.179057 0 0.0895283 0.543852 0.0895283 0.0895283 0 0 0 0 0 0.179057 0 0.0895283 0 0 0 0 0.179057 0 0 0 0 0 0 0 
0 0 0 0 0 0.0895283 0 0 0 0 0 0 0 0 0.0895283 0.543852 0 0 0 0.179057 0 0 0 0 0 0.179057 0 0.0895283 0.543852 0.0895283 0.0895283 0 0 0 0 0 0.179057 0 0.0895283 0 0 0 0 0.179057 0 0 0 0 0 0 0 
0 0 0 0 0 0.0895283 0 0 0 0 0 0 0 0 0.0895283 0.543852 0 0 0 0.179057 0 0 0 0 0 0.179057 0 0.0895283 0.543852 0.0895283 0.0895283 0 0 0 0 0 0.179057 0 0.0895283 0 0 0 0 0.179057 0 0 0 0 0 0 0 
0 0 0 0 0 0.0895283 0 0 0 0 0 0 0 0 0.0895283 0.543852 0 0 0 0.179057 0 0 0 0 0 0.179057 0 0.0895283 0.543852 0.0895283 0.0895283 0 0 0 0 0 0.179057 0 0.0895283 0 0 0 0 0.179057 0 0 0 0 0 0 0 
0 0 0 0 0 0.0895283 0 0 0 0 0 0 0 0 0.0895283 0.543852 0 0 0 0.179057 0 0 0 0 0 0.179057 0 0.0895283 0.543852 0.0895283 0.0895283 0 0 0 0 0 0.179057 0 0.0895283 0 0 0 0 0.179057 0 0 0 0 0 0 0 
0 0 0 0 0 0.0895283 0 0 0 0 0 0 0 0 0.0895283 0.543852 0 0 0 0.179057 0 0 0 0 0 0.179057 0 0.0895283 0.543852 0.0895283 0.0895283 0 0 0 0 0 0.179057 0 0.0895283 0 0 0 0 0.179057 0 0 0 0 0 0 0 
