2.14266e+08 2.56474e+08 1.65011e+08 2.66889e+08 2.20488e+08 3.27537e+08 3.25191e+08 1.72113e+08 4.03168e+08 2.59764e+08 4.46959e+08 2.11273e+08 1.79009e+08 1.23218e+08 1.2422e+08 3.23586e+08 2.775e+08 3.37023e+08 1.78928e+08 1.3379e+08 2.56319e+08 9.80851e+07 2.878e+08 2.95115e+07 2.50011e+08 3.1265e+08 4.32605e+08 2.22035e+08 4.48616e+08 3.1074e+07 3.32577e+07 2.50159e+08 4.22507e+07 2.52362e+08 3.02741e+08 6.16973e+07 1.60557e+08 5.14335e+07 2.23897e+08 2.47426e+08 2.75932e+08 2.31223e+08 1.32359e+08 1.5104e+08 2.64338e+08 2.75481e+08 1.32304e+08 3.94235e+08 9.84463e+07 2.004e+08 1.82409e+08 
4.17533e+07 3.6398e+07 4.47303e+07 9.27813e+07 4.60458e+07 3.89541e+07 1.85971e+07 5.47665e+07 5.03157e+07 1.52215e+07 3.80102e+07 2.85647e+07 1.83871e+07 8.81217e+07 2.57354e+07 6.5945e+07 2.30088e+07 2.65269e+07 1.78212e+07 1.69948e+07 7.66346e+07 5.44357e+06 1.03867e+08 2.95115e+07 4.32423e+07 3.56664e+07 2.32421e+07 1.96994e+07 3.77787e+07 3.1074e+07 3.32577e+07 2.67186e+07 4.22507e+07 4.52081e+07 4.73887e+07 3.68406e+07 4.557e+07 1.08449e+07 3.96376e+07 6.098e+07 4.23165e+07 4.97472e+07 5.32933e+07 5.8452e+07 2.01738e+07 3.6186e+07 7.15852e+07 4.8998e+07 9.52734e+07 1.02138e+08 2.42748e+07 
6.73617e+06 2.3264e+07 1.47112e+07 6.59455e+06 1.61456e+07 1.298e+07 1.85971e+07 7.09209e+06 2.64934e+07 1.52215e+07 8.79411e+06 2.36731e+07 1.28558e+07 2.22985e+07 1.70917e+07 2.58158e+07 2.30088e+07 4.52655e+06 3.67775e+06 1.69948e+07 1.77678e+07 5.44357e+06 1.6414e+07 1.25467e+07 1.63356e+07 1.18556e+07 1.53629e+07 1.53272e+07 1.26119e+07 1.51445e+07 1.84645e+07 1.86779e+07 2.72597e+07 4.85628e+06 1.97451e+07 1.88312e+07 1.06165e+07 1.08449e+07 1.9752e+07 1.09284e+07 2.31142e+07 2.06704e+07 3.2456e+07 7.03081e+06 1.27429e+07 1.79085e+07 5.14968e+06 2.07035e+07 7.98683e+06 9.5504e+06 1.67694e+07 
2.61436e+06 2.81396e+06 6.07336e+06 4.78835e+06 1.97595e+06 2.71102e+06 2.55927e+06 2.05124e+06 3.9208e+06 3.63166e+06 3.59117e+06 6.69622e+06 3.41237e+06 1.87885e+06 2.24909e+06 4.28824e+06 4.16637e+06 2.5284e+06 3.67775e+06 2.59383e+06 3.70762e+06 4.72191e+06 2.82665e+06 3.33502e+06 4.68426e+06 2.4587e+06 4.4539e+06 3.08863e+06 2.80382e+06 4.17784e+06 3.71042e+06 3.10791e+06 1.72529e+06 4.33118e+06 5.01138e+06 2.45243e+06 4.0504e+06 2.75293e+06 2.98737e+06 5.06066e+06 4.17757e+06 2.90558e+06 464528 7.03081e+06 6.55648e+06 2.60244e+06 1.9196e+06 7.04853e+06 4.70758e+06 3.98613e+06 6.83982e+06 
36052.8 48783.4 67274 120109 164999 105148 124434 78007.8 130931 28448.2 76431.5 146511 92024.6 96025.5 151969 77817.6 94013.5 79630.2 95876.5 118702 94698.8 61519.8 103535 100848 90986.4 71209.9 84001.5 81850.5 65622.4 144052 25330.6 56224.2 94950.5 69772.8 119497 76971 65517.1 112917 60617.9 172253 58897 54267.4 88325.5 42772.1 112024 77105.7 19992.3 91185.8 85464.7 26933.5 96746.8 
776.329 620.101 699.011 590.054 635.638 540.819 575.128 802.218 565.596 497.154 679.976 610.762 624.05 663.313 531.957 652.718 590.61 390.542 434.597 748.582 683.846 758.342 649.362 708.666 272.548 574.865 440.846 627.55 872.354 638.04 574.127 726.902 483.131 398.313 733.214 746.543 776.586 621.764 587.468 799.683 530.42 787.852 673.836 839.636 730.348 582.661 603.467 418.41 828.34 631.119 676.898 
249.947 87.0839 281.994 162.189 134.014 84.1305 159.901 130.719 115.084 178.146 161.727 223.332 95.5117 170.33 230.92 161.759 83.8602 55.7463 150.091 216.017 274.034 213.114 174.92 106.681 185.235 192.34 172.543 101.547 83.3401 236.94 138.502 101.681 104.561 126.961 191.19 145.499 295.305 240.567 135.047 186.154 199.736 233.598 111.472 236.078 85.3805 100.318 217.808 155.112 84.0838 236.66 151.252 
65.8587 40.9545 53.964 75.8203 51.7116 66.7315 75.3106 39.8125 55.1778 90.5932 40.5009 75.8333 37.3156 47.5928 69.7654 50.5142 35.4932 35.7606 38.543 105.21 77.0589 46.1246 37.2233 65.0989 26.455 115.927 42.7236 81.0295 23.9757 78.5659 53.6599 57.5901 80.5907 25.034 63.2529 111.625 203.874 46.7088 33.232 54.84 78.8528 68.9971 27.7139 56.603 54.8662 63.4792 38.4313 65.1179 55.8241 127.221 83.9895 
13.4597 40.9545 52.5213 27.7306 17.5288 19.2553 24.1354 8.72996 30.5826 28.6443 11.9786 50.7881 12.7646 11.6649 32.8085 17.9236 7.47454 14.9499 12.1203 47.8683 30.1596 13.5286 13.6033 14.5722 14.488 33.2524 21.9787 11.0292 5.67233 32.0564 18.6413 9.8039 29.0364 7.0088 16.0365 39.3043 130.147 11.0263 24.6307 27.6733 17.8459 24.3444 10.5869 20.9871 20.1579 8.21136 20.6454 29.0246 25.4043 60.6193 19.5173 
0.7028 2.82728 0.690319 0.428806 0.753358 0.268315 8.54444 0.228811 3.70903 0.383013 0.431948 3.8925 3.74085 1.5513 4.2047 2.06811 0.699215 0.667002 0.371881 1.11048 1.76771 0.491699 0.865633 1.07795 5.19197 0.947596 0.549282 1.55123 0.208687 6.06246 0.998024 0.687598 1.36969 0.419495 12.1003 4.28186 120.155 9.24076 0.441554 0.820055 0.25611 0.787316 0.483353 0.20938 0.682114 0.272221 0.616521 0.913934 0.240776 1.92765 0.208563 
0.416286 0.208143 4.84333e-08 0.416286 0.624429 0.208143 0.208381 0.208143 0.416293 8.44631e-07 0.416286 0.624441 0.0342506 0.416295 0.416287 0.416288 0.416286 0.416286 0.208143 0.624429 0.208144 0.416286 8.22884e-05 0.41942 0.21416 0.416286 0.416286 0.416286 0.208143 0.416963 0.416286 0.416286 0.624429 0.208143 0.231803 0.208147 120.154 0.523838 0.208143 0.416286 0.208143 0.416286 0.208143 0.208143 0.416286 0.208143 0.416286 0.208143 0.208143 0.208143 0.208143 
0.416286 0.208143 0 0.416286 0.624429 0.208143 0.208143 0.208143 0.416286 0 0.416286 0.624429 0 0.416286 0.416286 0.416286 0.416286 0.416286 0.208143 0.624429 0.208143 0.416286 0 0.416286 0.208143 0.416286 0.416286 0.416286 0.208143 0.416286 0.416286 0.416286 0.624429 0.208143 0.208143 0.208143 120.154 0.208143 0.208143 0.416286 0.208143 0.416286 0.208143 0.208143 0.416286 0.208143 0.416286 0.208143 0.208143 0.208143 0.208143 
0.416286 0.208143 0 0.416286 0.624429 0.208143 0.208143 0.208143 0.416286 0 0.416286 0.624429 0 0.416286 0.416286 0.416286 0.416286 0.416286 0.208143 0.624429 0.208143 0.416286 0 0.416286 0.208143 0.416286 0.416286 0.416286 0.208143 0.416286 0.416286 0.416286 0.624429 0.208143 0.208143 0.208143 120.154 0.208143 0.208143 0.416286 0.208143 0.416286 0.208143 0.208143 0.416286 0.208143 0.416286 0.208143 0.208143 0.208143 0.208143 
0.416286 0.208143 0 0.416286 0.624429 0.208143 0.208143 0.208143 0.416286 0 0.416286 0.624429 0 0.416286 0.416286 0.416286 0.416286 0.416286 0.208143 0.624429 0.208143 0.416286 0 0.416286 0.208143 0.416286 0.416286 0.416286 0.208143 0.416286 0.416286 0.416286 0.624429 0.208143 0.208143 0.208143 120.154 0.208143 0.208143 0.416286 0.208143 0.416286 0.208143 0.208143 0.416286 0.208143 0.416286 0.208143 0.208143 0.208143 0.208143 
