1573.39 1780.73 1857.84 1942.77 1726.72 1597.19 1775.16 1924.32 1691.01 1898.02 1925.23 1944.08 1696.17 1595.98 1882.38 1837.81 1791.81 1961.49 1765.54 1595.17 1897.86 1901.47 1918.47 1781.87 1799.65 1935.18 1786.67 1610.03 1851.71 1673.63 1860.22 1727.4 1690.47 1670.4 1714.24 1618.22 1720.23 1809.5 1876.72 1768.47 1666.49 2025.99 1767.86 1823.23 1762.16 1667.17 1812.15 1825.28 1693.04 1861.74 1696.38 
1232.09 1364.88 1357.5 1320.16 1404.26 1263.78 1298.74 1352.78 1362.28 1380.91 1344.2 1378.16 1227.57 1255.62 1373.55 1352.57 1369.91 1337.27 1395.21 1283.65 1253.4 1171.42 1308.05 1275.18 1307.72 1247.54 1285.57 1282.56 1323.43 1295.94 1352.78 1299.35 1249.81 1253.21 1347.62 1297.96 1287.11 1287 1377.2 1364.67 1222.69 1369.18 1288.36 1380.41 1307.73 1240.14 1382.3 1323.4 1332.36 1370.1 1259.82 
1085.2 1080.05 1075.63 1125.66 1136.19 1089.28 1108.55 1204.18 1147.62 1127.08 1125.24 1160.98 1098.69 1120.11 1158.69 1117.37 1094.38 1140.52 1185 1023.1 1064.36 1105.62 1160.4 1069.34 1144.65 1160.46 1116.37 1080.03 1167.46 1176.8 1120.93 1085.79 1027.76 1120.63 1194.4 1090.4 1153.61 1134.98 1124.47 1138.73 1115.03 1203.73 1117.45 1154.93 1108.96 1066.63 1143.24 1129.72 1128.75 1141.47 1129.7 
934.994 1012.12 988.98 985.704 998.085 996.546 983.044 996.042 1016.12 1012.49 947.667 1012.89 973.835 987.266 983.75 985.24 991.901 1032.34 1007 972.542 987.192 971.197 998.928 999.044 983.157 1028.7 987.875 987.599 990.91 976.149 1011 989.186 985.55 1005.62 966.13 1017.32 1005.92 994.28 974.948 954.087 1010.35 1016.81 977.726 1026.31 971.381 1000.38 1008.36 988.202 986.862 1023.89 1002.72 
922.249 930.128 929.568 929.662 876.868 927.608 939.036 932.787 912.641 930.675 921.766 931.148 894.12 926.784 913.112 929.896 915.832 912.681 919.699 921.811 916.791 904.268 889.73 920.496 922.526 922.022 921.838 919.746 943.891 913.019 898.818 881.308 926.426 865.609 909.931 930.076 907.237 919.728 922.289 930.714 926.774 916.818 921.681 914.907 914.556 906.982 929.559 905.591 919.716 921.322 853.922 
886.361 847.868 867.529 881.967 873.645 881.345 868.107 868.209 879.384 861.422 884.656 870.671 873.926 818.33 875.456 855.831 866.09 876.663 877.761 864.559 849.197 879.233 858.278 851.598 856.399 882.394 889.146 885.242 875.414 858.257 875.75 864.311 862.742 864.565 878.368 858.777 874.345 865.861 857.165 875.566 877.127 864.285 867.638 855.979 886.072 896.599 870.777 850.067 857.838 859.653 853.922 
822.188 823.416 853.298 848.692 834.162 841.378 831.645 833.891 857.454 834.733 832.31 829.899 846.329 818.33 836.131 833.878 838.979 810.966 849.951 837.086 835.326 849.674 838.96 813.302 848.417 822.795 850.874 830.232 796.983 824.337 816.048 813.303 846.868 826.449 809.43 829.039 832.271 835.818 825.609 831.494 838.192 823.161 810.666 818.666 835.47 830.255 823.782 841.348 845.424 827.129 843.675 
786.963 771.489 784.619 798.463 772.676 781.503 768 789.562 785.32 772.271 779.269 779.637 770.627 764.279 791.753 783.58 767.284 775.15 782.036 771.07 764.596 791.511 746.371 750.725 768.616 796 794.494 798.465 772.212 738.22 795.957 779.867 788.199 763.886 755.365 793.721 769.961 767.663 793.07 792.4 751.249 778.455 744.909 787.722 782.722 775.24 791.961 757.287 791.15 780.694 787.316 
743.901 746.131 727.115 746.008 730.767 689.683 748.549 758.919 774.281 733.836 741.796 760.548 767.303 754.258 756.747 716.916 752.847 738.085 753.273 703.06 751.231 747.85 742.076 731.326 758.716 750.292 781.634 722.455 746.952 730.237 741.56 707.952 766.537 741.25 742.184 743.496 750.529 696.94 744.022 749.833 748.917 752.245 714.8 754.182 737.725 745.566 752.376 726.37 773.028 755.545 753.058 
701.081 728.895 712.017 714.187 697.529 673.075 720.478 720.783 714.903 705.3 722.922 725.212 742.645 724.114 729.188 701.765 740.668 715.971 722.681 692.345 738.375 737.925 717.279 726.27 742.122 687.227 723.388 710.029 725.337 716.076 737.252 701.779 742.027 725.215 689.693 729.309 711.972 689.05 714.569 701.795 703.254 721.376 703.919 721.581 701.566 719.208 734.296 723.06 737.543 704.676 712.071 
654.416 695.191 655.176 669.919 681.39 639.192 664.041 688.948 687.678 673.81 686.014 688.278 683.366 694.307 682.784 665.307 695.604 661.062 680.955 670.823 700.003 671.331 679.74 665.074 683.949 654.512 696.407 700.412 686.045 661.613 687.927 665.507 688.657 680.33 664.518 661.621 683.362 658.103 683.148 675.795 676.928 676.976 667.625 673.807 674.821 692.409 700.979 674.196 697.82 669.308 670.423 
592.608 615.013 616.644 576.38 573.661 597.013 595.415 625.358 640.455 597.752 593.055 609.564 614.42 593.9 572.714 597.04 629.536 601.475 597.611 587.93 611.954 592.527 591.873 613.876 631.235 582.682 590.226 608.662 595.956 595.08 593.252 599.271 617.186 587.146 598.249 587.301 609.822 594.582 593.532 601.342 585.804 593.187 618.027 607.026 599.823 612.14 614.324 617.672 605.781 611.55 582.416 
537.823 544.427 534.082 539.013 525.425 531.242 532.26 547.697 551.23 532.832 536.886 556.053 547.058 534.544 537.245 530.722 543.85 539.408 531.763 530.628 552.235 547.279 552.836 539.176 558.345 540.797 540.891 547.487 538.856 543.077 548.144 536.009 538.559 535.954 539.942 535.402 541.919 546.985 549.135 539.596 532.978 541.399 530.815 532.035 542.078 539.407 538.636 535.939 542.109 525.951 534.49 
510.46 504.419 507.702 509.177 506.536 503.041 507.277 506.95 507.25 502.784 511.111 514.209 517.003 507.626 505.029 504.543 505.945 506.323 503.441 504.265 502.18 513.539 505.256 507.511 508.123 507.422 509.74 514.874 510.341 499.568 513.908 506.217 513.233 503.398 502.331 502.007 511.206 510.305 508.069 509.27 513.027 509.067 505.983 501.287 510.742 501.183 505.002 512.926 510.127 500.378 506.64 
