2.10523e+07 1.1084e+07 1.37496e+07 1.63594e+07 4.58107e+07 6.18413e+06 9.10138e+06 2.88774e+07 2.99727e+07 1.59307e+07 2.98125e+07 3.51178e+07 2.73666e+07 7.16302e+06 1.24538e+07 2.11271e+07 2.31417e+07 2.06843e+07 3.21221e+07 1.17969e+07 1.41655e+07 1.69444e+07 3.52848e+07 1.80456e+07 3.5191e+07 1.67817e+07 3.20563e+07 2.16487e+07 1.69743e+07 1.41174e+07 1.37394e+07 2.75991e+07 2.54396e+07 3.70517e+07 2.65284e+07 1.19492e+07 1.84246e+07 2.60882e+07 1.82465e+07 1.45979e+07 1.47842e+07 1.03666e+07 2.07054e+07 2.68884e+07 1.36633e+07 2.89947e+07 2.3046e+07 2.10377e+07 2.59194e+07 1.1444e+07 1.09522e+07 
1.47876e+06 6.21768e+06 6.08439e+06 8.6023e+06 5.4172e+06 6.18413e+06 3.64836e+06 5.79119e+06 7.36653e+06 9.73252e+06 3.07791e+06 3.9665e+06 4.1778e+06 7.16302e+06 7.16343e+06 3.49329e+06 6.93109e+06 5.28678e+06 7.51251e+06 6.82788e+06 6.03566e+06 5.7274e+06 6.95817e+06 5.67934e+06 3.28787e+06 7.93455e+06 4.85942e+06 4.22992e+06 9.29367e+06 5.5849e+06 1.23617e+07 5.31859e+06 5.11593e+06 1.13887e+07 7.41258e+06 7.05376e+06 3.57144e+06 1.01873e+07 5.00601e+06 5.26596e+06 6.07332e+06 6.4932e+06 6.56911e+06 9.92937e+06 1.15561e+07 8.12472e+06 1.4312e+07 1.12564e+07 5.55202e+06 5.85188e+06 4.82433e+06 
1.47876e+06 1.32872e+06 1.68835e+06 3.48008e+06 3.13789e+06 4.10037e+06 2.54875e+06 2.7613e+06 3.48177e+06 1.85197e+06 3.07791e+06 2.49616e+06 2.65238e+06 2.66748e+06 3.63451e+06 2.59087e+06 3.06227e+06 2.16587e+06 1.65224e+06 1.68522e+06 2.8057e+06 4.1381e+06 3.31907e+06 2.89045e+06 3.28787e+06 3.9054e+06 2.95188e+06 2.90765e+06 3.07451e+06 3.23555e+06 4.05703e+06 3.78252e+06 2.78565e+06 1.68579e+06 2.86201e+06 3.32784e+06 3.57144e+06 1.80146e+06 2.89548e+06 2.29497e+06 2.00624e+06 1.13907e+06 4.05505e+06 4.86982e+06 1.25311e+06 4.36209e+06 2.41407e+06 4.44224e+06 2.08521e+06 3.1443e+06 2.691e+06 
666157 55000 241606 729576 718143 718353 866276 673314 664661 981853 511695 792467 458912 627014 560356 852430 1.16764e+06 620550 706617 847329 386907 717526 742688 693057 529417 911821 329448 792776 776538 430950 189136 972012 230875 572078 487855 852859 600114 464762 694815 621206 886476 660528 776809 684472 477485 404418 593702 498437 868257 743690 772966 
26731.8 29260.5 28043.8 30861.2 32630.3 22804.6 40791.4 31253.7 32826 21471.7 44676.2 32802.7 31355 21119.4 37860.7 31563.9 19596.1 32759.8 29106.5 37044.7 27463.1 21774.5 33079.3 42321.3 24956.5 36540.8 18549.1 24214.5 41169.2 27578.5 34395.3 28380.7 26287.8 46026.2 23494.3 23593.6 28972.4 29402.1 25045.6 25757.2 33886.8 43416.3 25199 32615.1 31686.9 30756.8 39080.8 9044.12 30588.2 12042.3 26475.7 
318.437 305.191 306.76 266.282 327.336 293.416 337.779 340.457 285.113 290.991 284.701 314.219 272.993 333.854 326.801 273.555 318.465 297.428 276.389 304.021 332.558 339.914 350.46 311.657 296.679 302.126 332.682 349.428 333.905 273.722 321.723 334.813 267.652 330.064 316.082 324.597 321.04 370.66 323.999 324.371 344.389 300.552 310.921 309.919 265.063 316.858 306.596 319.741 267.552 299.949 336.202 
137.489 139.478 147.847 158.935 141.82 149.428 142.171 134.231 153.478 146.128 152.526 128.32 144.073 159.099 138.426 157.968 149.889 147.315 125 161.829 132.316 142.812 143.611 141.812 127.665 146.874 131.919 139.158 140.772 152.06 149.765 135.359 151.85 146.004 165.49 148.85 141.65 156.113 145.798 144.555 148.641 137.716 123.169 162.088 141.314 147.302 151.505 145.941 166.559 146.009 129.685 
129.651 117.965 113.009 124.061 115.518 117.794 122.956 125.418 110.723 121.121 126.193 113.781 135.323 129.586 130.956 130.615 140.936 112.712 125 135.588 132.316 122.976 138.721 113.464 127.413 118.325 130.135 121.222 130.164 126.248 122.97 135.226 132.254 114.481 117.032 128.964 123.696 125.38 120.399 136.126 125.415 126.469 114.581 132.606 125.439 101.64 115.287 127.624 125.427 136.971 126.076 
110.225 102.672 102.357 105.308 108.373 92.9854 99.8578 98.7151 102.613 108.898 104.437 103.006 98.4961 105.969 101.105 90.0018 94.7607 100.295 100.389 100.416 102.777 107.884 113.158 102.312 91.5388 109.355 99.4089 105.289 92.4354 104.521 77.8935 91.9478 88.4691 102.346 98.8453 89.2616 110.058 114.18 96.4234 110.142 100.422 110.969 104.793 104.23 87.3863 91.5066 107.825 86.2655 100.348 99.2729 109.24 
81.8075 92.8037 85.3252 79.1742 71.7674 91.3243 92.312 88.6367 84.0246 70.8343 81.1446 73.6262 91.9098 84.6427 85.4701 82.2736 74.0262 71.7183 77.474 88.3825 65.1263 69.4172 87.0897 84.0363 82.9105 79.3034 84.3017 62.1983 73.9305 87.5304 77.7005 89.5615 80.3864 82.0151 89.7893 80.7802 84.8716 89.158 73.6145 74.6227 88.824 87.4603 84.2923 87.0997 74.2562 67.0007 79.2573 83.5663 87.9322 84.8924 84.3163 
66.0619 82.5043 63.8756 71.703 63.8662 66.2654 71.9737 72.064 58.4325 60.4201 74.4292 69.7451 73.543 74.3977 59.5146 68.5193 60.8215 63.5666 63.0441 74.6435 56.4965 64.4455 76.2442 63.7502 74.7721 74.4604 77.2281 58.4709 61.7021 85.9533 64.5504 76.4285 67.9366 70.3161 71.8354 73.0704 73.5928 70.2085 56.3902 63.8176 78.1817 66.7493 77.7108 72.9674 46.224 66.4499 73.7278 72.1023 80.4289 70.3639 72.0162 
54.7845 62.5581 52.8329 60.9521 58.3381 57.8302 60.1219 62.4911 52.3082 46.8802 54.8967 43.188 67.1948 66.1676 28.7284 59.9516 55.784 55.691 45.7477 57.9398 52.6431 50.7151 59.1638 53.2986 57.3346 60.0907 65.8218 51.8159 60.2496 73.3431 51.1616 69.4813 57.6958 53.6301 60.4054 51.0586 60.5065 68.271 50.0798 59.0458 72.7443 64.8535 58.0976 53.5067 34.4473 63.3144 69.071 63.3322 65.9451 54.9465 67.0448 
25.2552 54.626 25.0936 26.045 25.8498 27.5138 25.2363 53.1682 33.442 24.509 24.864 25.541 47.0807 26.2802 25.6245 35.3292 28.2805 24.915 25.7863 25.0082 28.8096 25.2303 25.9973 30.1963 24.7478 34.4404 49.1296 26.4213 35.028 49.9443 24.6086 55.946 23.6199 23.3337 23.9892 26.5441 27.1029 35.2048 26.5341 27.0034 28.704 26.9516 47.4113 28.0138 22.7055 46.5819 26.1987 24.788 25.5494 25.4632 41.7066 
24.4512 29.6624 24.2087 23.9195 24.138 26.4998 23.3292 26.6496 25.3133 23.3523 24.2731 24.2415 23.2702 24.539 25.2236 27.1243 27.2729 23.2349 24.3509 24.112 27.2228 24.3203 25.1553 27.5191 24.0399 25.2519 24.028 25.3073 23.2285 27.9898 23.2622 28.5988 22.4609 22.5196 20.3016 25.4782 25.3421 27.4475 24.6338 26.2014 27.3634 24.2604 25.3663 24.2787 22.0842 27.7099 24.1721 23.2431 23.2209 24.2418 27.7306 
