4.13169e+09 3.14911e+09 3.05722e+09 1.21098e+09 4.28176e+09 4.70439e+09 3.47863e+09 4.10212e+09 2.50736e+09 3.59811e+09 3.58371e+09 3.75759e+09 3.98714e+09 3.01798e+09 1.75105e+09 2.25117e+09 3.36027e+09 3.35775e+09 1.83589e+09 4.02694e+09 1.85021e+09 3.81148e+09 2.13577e+09 3.86073e+09 3.99774e+09 1.95426e+09 1.55201e+09 5.00984e+09 2.80338e+09 2.73464e+09 3.98243e+09 2.61805e+09 1.83339e+09 4.49642e+09 4.14207e+09 3.57054e+09 3.11336e+09 4.17664e+09 3.69904e+09 3.63756e+09 3.77377e+09 3.53044e+09 4.43142e+09 1.4734e+09 2.63388e+09 3.75298e+09 3.26548e+09 2.59244e+09 2.49001e+09 5.86371e+09 3.01695e+09 
6.63727e+08 5.40578e+08 8.39424e+08 7.03923e+08 8.92609e+08 9.7085e+08 9.42246e+08 8.81649e+08 1.19713e+09 7.97624e+08 1.04563e+09 1.00701e+09 1.31617e+09 1.07504e+09 8.64619e+08 7.36726e+08 5.77414e+08 8.84636e+08 1.09635e+09 1.66408e+09 1.17193e+09 1.12092e+09 9.62112e+08 1.0509e+09 1.02245e+09 9.31325e+08 7.77971e+08 7.92887e+08 9.03281e+08 1.05427e+09 7.16505e+08 4.79873e+08 1.21557e+09 6.09043e+08 1.28439e+09 8.69539e+08 7.00287e+08 1.09114e+09 6.08773e+08 9.53414e+08 5.98652e+08 3.8495e+08 1.41106e+09 1.06105e+09 1.13835e+09 6.40263e+08 7.31769e+08 9.75247e+08 1.22579e+09 9.87673e+08 9.43913e+08 
4.02339e+08 4.73552e+08 2.43167e+08 1.62983e+08 1.81961e+08 2.71445e+08 3.33678e+08 1.5611e+08 3.56924e+08 3.29674e+08 2.92583e+08 5.77003e+08 4.1576e+08 3.27759e+08 3.93804e+08 2.83103e+08 1.64302e+08 3.14032e+08 4.77074e+08 4.37525e+08 3.09795e+08 5.02105e+08 4.3302e+08 2.72032e+08 2.68574e+08 4.26185e+08 3.08367e+08 2.24945e+08 2.85625e+08 3.22455e+08 3.94307e+08 1.77577e+08 2.789e+08 1.52176e+08 3.25308e+08 3.20661e+08 4.92678e+08 3.17305e+08 3.27039e+08 2.57561e+08 2.30501e+08 3.48002e+08 3.18219e+08 2.29179e+08 4.24308e+08 1.82635e+08 2.9058e+08 5.03766e+08 2.39122e+08 2.57393e+08 2.77394e+08 
5.57667e+07 3.53766e+07 4.93988e+07 5.38407e+07 3.71887e+07 9.7935e+07 8.47842e+07 8.65179e+07 8.17305e+07 5.12505e+07 7.82298e+07 4.39755e+07 8.41682e+07 7.32616e+07 8.57723e+07 5.52309e+07 4.34463e+07 7.52229e+07 6.31163e+07 1.24211e+08 9.06717e+07 1.07717e+08 7.97505e+07 9.03269e+07 4.6432e+07 8.67819e+07 5.56933e+07 7.51289e+07 7.20151e+07 7.14335e+07 3.97573e+07 2.28649e+07 1.05852e+08 5.36689e+07 6.87525e+07 3.91529e+07 7.19739e+07 2.95747e+07 7.8465e+07 1.8296e+07 3.25845e+07 5.15727e+07 5.54744e+07 8.34046e+07 6.93414e+07 8.64291e+07 7.27128e+07 6.12689e+07 5.74451e+07 7.25685e+07 4.96211e+07 
2.79342e+06 1.74294e+06 2.05995e+06 1.32486e+06 1.51281e+06 1.5733e+06 1.92491e+06 2.54306e+06 2.41315e+06 2.47681e+06 2.48766e+06 2.68459e+06 3.33988e+06 3.33311e+06 2.19301e+06 2.28443e+06 2.24767e+06 1.15657e+06 2.24274e+06 2.01609e+06 1.57996e+06 1.85814e+06 2.42526e+06 1.50826e+06 2.07668e+06 2.41472e+06 2.29936e+06 1.4948e+06 2.83054e+06 3.13511e+06 2.11438e+06 2.90517e+06 3.25486e+06 1.74473e+06 2.38882e+06 888922 1.97416e+06 2.11009e+06 1.64468e+06 1.92374e+06 3.02554e+06 1.84044e+06 1.24007e+06 2.17655e+06 2.40523e+06 2.64869e+06 1.183e+06 2.86578e+06 2.32254e+06 1.42478e+06 2.54497e+06 
5097.86 7157.07 9892.73 7203.71 10100.8 7873.43 7662.26 9077.2 9396.92 8889.57 8875.8 7964.21 7739.61 10395 7822.75 7273.81 6799.32 9244.12 7744.57 11507.8 8525.5 10258.5 6048.89 9700.52 7444.18 6841.91 7870.15 8127.36 7563.9 11201.7 7104.24 10684.4 8981.28 7184.74 9054.35 6326.6 8670.65 9322.83 9490.67 6946.68 6836.28 6850.63 7559.3 8589.77 9078.09 9696.4 9954.78 9971.18 7836.74 9450.96 8983.66 
164.923 182.317 173.441 172.902 178.774 164.943 198.026 178.333 192.417 157.63 175.093 164.23 185.819 206.289 200.593 208.811 191.871 214.966 179.984 174.089 192.529 167.122 174.117 158.345 191.475 176.477 163.832 162.523 190.437 173.649 137.452 209.354 190.121 169.835 196.442 175.028 152.305 195.071 178.261 168.663 192.684 147.909 188.752 147.471 202.42 193.614 137.705 208.921 156.078 178.54 202.32 
80.5675 79.5893 83.9865 87.7245 83.4647 90.3224 93.5793 101.267 94.8317 92.4575 103.827 89.14 80.0425 101.842 92.9509 86.8749 96.4163 84.3526 102.447 82.0797 87.3183 101.985 86.636 91.8297 93.6061 108.189 86.557 88.9011 94.8458 85.2539 74.3861 110.267 86.883 83.5959 90.269 77.2208 89.9091 87.171 77.6822 95.2356 73.1323 86.2483 87.8124 97.414 97.005 87.8454 101.067 92.0738 67.813 86.0809 95.1414 
60.5825 69.5598 64.3227 77.9281 72.1229 56.5472 78.1838 77.4546 82.9252 59.5033 70.384 77.7291 58.9554 67.0324 75.6179 71.9074 72.6622 50.5667 67.4916 69.525 71.7209 73.0758 54.5421 62.3903 68.9204 82.747 66.6108 61.2698 71.2714 70.879 57.8471 60.9769 72.7549 49.757 55.5118 49.8565 71.2615 60.5859 55.2306 67.5044 61.3907 56.3958 71.9594 78.9673 70.9324 65.1806 71.7065 73.2184 61.0592 65.7289 65.3615 
39.4405 46.8304 48.0974 54.4438 40.1271 52.7589 53.2479 44.8836 63.458 53.2171 57.2986 63.2935 48.4793 44.3608 50.632 49.9494 49.5439 43.7907 41.4753 54.8046 59.8871 44.6694 44.8282 47.6583 52.9785 61.6955 47.7982 57.2723 57.96 47.1857 36.7074 43.8838 53.0726 39.2499 45.1165 36.5901 52.711 48.1868 40.3037 42.8766 42.3477 42.5242 60.7587 56.5531 43.5056 57.2909 51.8197 58.4132 49.3643 48.9739 45.1788 
29.8598 35.5611 38.665 43.2088 33.9666 48.4741 49.2439 37.8173 52.0597 31.0558 52.411 48.3364 41.3644 29.4222 36.8534 43.4624 43.6906 28.5011 26.444 45.0809 43.8964 40.7284 40.3938 41.9175 46.0427 48.7468 39.9173 44.7046 47.9406 33.7958 29.7017 34.0418 45.1957 35.1059 32.53 27.8745 38.6593 40.7686 35.1234 40.4947 36.0515 38.6966 42.4141 39.1779 38.4389 41.2035 43.2444 43.1697 40.333 38.5656 27.4561 
22.5132 32.328 31.948 38.4696 32.9027 38.8263 39.5261 29.6681 47.0667 22.3854 35.9095 44.9046 34.4478 25.5862 34.179 32.1771 30.2578 24.5762 22.6627 34.8998 39.2074 37.1336 32.7117 38.1142 37.544 40.715 30.2531 38.2193 40.265 33.7958 28.2766 22.9057 34.6562 24.0403 25.941 21.007 38.486 33.2053 26.0366 33.4444 25.3276 34.3605 38.8153 29.0676 37.4968 38.7063 36.8963 35.7289 33.1338 33.2307 21.4433 
10.7592 20.3134 18.3401 22.2856 19.6895 21.8595 24.857 7.60206 39.1649 3.2684 19.9011 37.2075 23.2976 14.384 24.8443 24.4522 18.1234 14.318 8.58547 22.7322 22.2413 23.8025 17.2302 30.2733 21.4253 26.5425 21.1351 18.7022 33.8634 23.251 19.2346 8.25405 20.6055 15.3091 15.032 7.98592 22.6801 21.7042 15.427 27.5873 8.48084 19.2102 29.5854 20.3545 27.8128 30.6073 22.2084 18.4031 30.6786 21.8358 15.9059 
5.03222 17.4229 15.8681 16.9358 15.3316 16.8745 15.9942 4.01499 18.5036 0.993045 16.7813 9.54762 19.2613 14.3005 17.8571 16.0782 14.6813 14.294 3.06609 22.4588 18.1759 21.8618 16.6022 18.2188 16.2381 20.907 15.3871 15.4323 17.6763 15.3018 15.6447 5.56026 14.4144 14.2047 14.9695 5.30461 17.8042 16.7015 14.6751 16.7968 4.5653 15.7987 17.2373 14.5517 18.9183 15.2388 18.3604 15.3145 18.1421 15.887 15.6537 
