8.49101e+08 2.15604e+09 9.72687e+08 1.31988e+09 1.58217e+09 2.23458e+09 1.59146e+09 1.39873e+09 1.90667e+09 1.61036e+09 2.27153e+09 1.76885e+09 7.88641e+08 1.56328e+09 7.98227e+08 1.10575e+09 1.808e+09 1.75684e+09 2.08989e+09 1.24315e+09 2.23803e+09 6.68974e+08 1.67621e+09 1.14535e+09 1.37936e+09 1.03858e+09 1.50076e+09 1.37387e+09 1.51831e+09 1.01844e+09 1.81397e+09 2.28426e+09 1.67265e+09 1.20085e+09 1.83718e+09 2.13199e+09 1.39494e+09 1.49389e+09 1.99037e+09 1.51438e+09 1.50959e+09 1.08794e+09 1.2638e+09 1.87371e+09 1.37594e+09 1.29757e+09 8.90123e+08 1.60784e+09 1.7287e+09 1.1366e+09 1.6827e+09 
4.15219e+08 6.42911e+08 5.86855e+08 5.36957e+08 4.40708e+08 4.59986e+08 5.73021e+08 4.83611e+08 6.35287e+08 4.58994e+08 6.38334e+08 2.95861e+08 3.20252e+08 5.67473e+08 4.61947e+08 5.73134e+08 6.02221e+08 6.12607e+08 4.66229e+08 5.9908e+08 5.87359e+08 3.32298e+08 5.79351e+08 4.34698e+08 5.25055e+08 5.94462e+08 5.06587e+08 3.28259e+08 6.9118e+08 5.51996e+08 4.65603e+08 4.26268e+08 5.98985e+08 3.32834e+08 3.82604e+08 5.64995e+08 7.4124e+08 2.43418e+08 3.82821e+08 5.9846e+08 5.87495e+08 5.70118e+08 3.00881e+08 3.00281e+08 3.40911e+08 2.79355e+08 4.70924e+08 5.52867e+08 4.02952e+08 5.58104e+08 5.53722e+08 
1.94592e+08 2.87695e+08 1.57453e+08 1.30804e+08 1.93929e+08 2.06226e+08 2.06751e+08 1.20553e+08 1.17925e+08 2.26325e+08 2.4535e+08 1.91676e+08 1.78047e+08 2.3818e+08 1.24951e+08 2.17373e+08 2.55526e+08 2.68279e+08 1.79946e+08 2.09826e+08 1.77672e+08 1.9741e+08 9.64114e+07 1.20354e+08 2.12425e+08 2.52212e+08 1.09937e+08 9.90816e+07 2.11213e+08 1.91765e+08 1.64516e+08 6.43834e+07 2.49155e+08 2.0854e+08 1.63409e+08 1.37589e+08 2.1099e+08 2.39646e+08 8.67222e+07 2.52768e+08 1.15118e+08 1.679e+08 1.98522e+08 1.9209e+08 1.31258e+08 1.71578e+08 1.34408e+08 2.66238e+08 1.40198e+08 1.81208e+08 2.12423e+08 
3.59683e+07 4.16126e+07 4.22544e+07 2.90897e+07 3.05029e+07 4.15444e+07 4.95428e+07 2.53364e+07 5.04237e+07 4.67979e+07 2.36713e+07 3.61432e+07 3.55073e+07 3.12511e+07 3.86833e+07 3.33829e+07 4.59242e+07 4.80035e+07 2.39307e+07 3.89193e+07 5.37094e+07 1.19391e+07 6.00456e+07 3.39436e+07 4.02479e+07 1.86914e+07 2.83118e+07 4.06928e+07 5.17516e+07 3.25274e+07 2.75363e+07 4.49343e+07 2.95292e+07 3.17912e+07 2.7661e+07 2.96429e+07 4.3442e+07 4.41465e+07 3.01119e+07 2.81111e+07 4.72094e+07 1.58418e+07 3.16257e+07 3.43296e+07 3.95252e+07 4.28749e+07 4.28214e+07 2.3184e+07 4.57537e+07 3.50291e+07 2.66337e+07 
1.44376e+06 593874 957442 1.275e+06 1.02823e+06 1.30498e+06 1.02607e+06 1.05445e+06 1.52304e+06 972510 531023 1.21633e+06 1.43225e+06 1.20147e+06 961704 1.19912e+06 1.30932e+06 1.60693e+06 991905 1.57762e+06 1.19481e+06 1.13918e+06 1.09426e+06 858620 1.25716e+06 1.50705e+06 716765 1.10083e+06 950355 784291 1.30678e+06 1.59819e+06 998341 1.67597e+06 1.03506e+06 1.38024e+06 936758 700689 1.54068e+06 773163 1.60753e+06 1.33306e+06 1.32659e+06 776185 1.23847e+06 1.17835e+06 1.98015e+06 903402 928591 892101 1.3868e+06 
2242.78 1557.6 2091.15 1805.25 1490.17 961.383 1732.52 1602.8 2279.8 2032.46 1700.51 1701.94 1802.78 1989.89 1709.95 1775.72 1809.99 1505.08 1838.29 1276.02 1621.09 1813.73 1622.46 1841.26 1721.92 1231.22 2255.88 2789.69 1755.27 1720.31 3145.46 2808.55 2137.13 2442.59 1771.93 1696.77 2101.44 1174.84 2576.84 1232.13 1943.51 1474.81 1375.25 2149.77 1972.67 1345.88 1790.7 1604.53 1416.42 1183.41 1781.57 
69.7425 80.1495 96.8532 82.0272 97.4671 80.1251 99.9034 87.3833 88.5261 88.8981 76.7615 95.2552 93.0569 83.8321 87.5292 91.0454 80.7701 98.2323 95.3779 93.7956 98.5837 81.2668 99.4686 87.2505 83.3586 92.9301 88.7742 95.3757 84.1026 90.9927 89.9536 101.36 95.0564 94.6871 78.3331 90.3937 87.6062 77.5075 84.9894 91.2981 96.1928 86.268 75.4008 94.9464 87.7023 83.9111 88.4311 103.624 89.44 79.3735 87.6089 
64.1997 62.5335 71.083 68.996 74.0527 58.1097 69.169 59.6561 67.1984 59.819 65.2485 63.8195 69.3587 67.7342 59.2865 68.4489 73.2163 66.1354 57.4526 64.7534 68.9839 69.5763 61.5426 66.213 66.8367 64.8415 61.6546 68.0821 61.3939 70.9871 65.8018 69.9444 74.3239 63.6745 64.3111 64.6192 67.6391 61.5694 70.3037 60.6409 72.5452 69.4874 69.5451 64.9808 70.0264 72.2376 55.8879 69.1512 58.1869 60.5329 59.1817 
49.2178 52.8281 52.61 53.8273 47.6506 48.5039 58.0663 47.5543 51.1549 54.5365 42.8926 51.3196 56.5663 43.6824 49.2714 54.1971 48.7596 50.5668 44.7466 51.414 52.9583 40.7831 57.7802 47.3803 51.6233 46.4836 51.1552 51.9901 49.4057 52.951 56.3198 46.806 58.8499 50.2592 47.7253 56.5701 46.5051 50.812 47.8832 46.0316 55.3322 55.1838 54.7472 53.7083 53.7542 35.5377 46.8154 55.5919 48.626 54.9936 52.2252 
38.5405 35.6701 39.849 45.3639 39.6162 37.0191 44.948 39.6578 33.0705 38.7422 36.8776 44.6222 44.6902 41.1891 43.4824 41.3737 36.6518 37.4528 36.8126 42.8246 40.6132 36.2295 38.1688 42.4564 33.3204 41.1106 39.2426 39.318 36.3808 37.6473 42.2061 42.2901 46.172 41.2061 37.4194 40.8799 39.2243 43.718 41.7795 42.7671 42.4247 39.81 43.1059 37.3926 43.9674 34.9344 36.555 46.1129 38.8586 36.8311 43.2189 
31.8243 34.3203 34.6104 33.4656 34.6855 30.3011 39.5691 34.334 32.033 32.55 31.5887 40.4591 40.0675 36.4264 34.2393 36.2088 36.571 32.4157 31.9104 38.387 31.1769 32.4397 36.5726 37.7616 33.3204 35.8899 31.7517 33.772 32.7348 33.6326 27.1864 37.6736 33.8727 39.9125 32.0902 39.3623 32.7844 38.0207 31.4945 31.8272 37.117 36.2921 38.5804 32.1887 34.2048 34.4942 30.61 36.7098 31.7581 29.0031 36.6529 
28.1541 16.5536 31.766 31.9012 30.8583 25.385 36.6978 29.4229 30.366 24.4171 28.0838 32.8843 34.1651 20.2894 31.7662 31.2127 17.0148 16.2563 25.9072 28.4418 22.8352 29.7829 31.9807 27.8243 24.5677 32.5273 14.1056 28.938 14.0792 33.2683 12.8994 27.9643 29.9233 28.9641 17.556 27.3919 14.306 32.2622 27.6536 31.5025 31.1603 34.4702 30.926 30.2007 33.5775 33.9554 20.5435 34.7261 28.2996 22.545 29.392 
13.931 10.5492 12.5934 17.7345 16.5943 11.9761 17.9637 12.0591 17.17 12.9938 12.0699 16.0448 17.5087 13.0236 16.2695 20.7207 13.5616 10.4347 14.8679 17.1418 16.2961 24.1656 14.1521 13.4197 11.1136 14.0873 12.8867 13.095 12.1677 14.613 11.7029 14.9109 13.6517 13.0917 12.6623 15.6382 10.9436 29.415 12.0074 19.4835 27.8181 19.0074 22.9615 15.5964 23.2337 14.7973 14.4397 17.2647 16.2643 11.067 16.0424 
13.8576 10.4767 12.3177 17.1254 16.5325 11.7895 16.7781 11.9457 14.1731 12.6003 12.0073 15.6755 16.7254 12.9882 16.1565 16.8685 13.5151 10.3851 14.6775 17.0511 16.2808 14.2627 13.9274 13.2494 11.0545 13.7717 12.8828 11.9713 12.1424 13.7206 11.6279 12.0567 13.5566 12.8859 12.6063 15.6205 10.8057 19.9335 11.9254 17.9563 13.4514 16.8514 14.8618 15.0698 18.5896 14.4302 14.4301 16.9021 14.0327 11.0478 15.5171 
