713.937 705.557 789.317 760.475 710.877 748.494 769.783 718.893 764.793 794.077 705.369 764.072 757.721 784.576 773.811 764.445 742.164 685.377 722.254 724.641 721.125 795.954 757.982 785.023 762.226 666.128 705.628 728.663 749.23 775.882 692.657 764.111 688.733 741.471 696.157 700.861 701.881 753.161 724.34 759.743 738.769 676.221 774.793 744.699 767.455 747.458 703.601 726.51 775.204 745.017 773.168 
639.014 575.209 607.44 589.742 604.263 635.729 634.165 579.474 617.072 617.159 573.842 614.548 560.6 643.885 572.389 651.655 600.651 634.887 603.645 594.642 598.325 612.103 562.46 638.328 623.344 611.039 597.131 597.484 581.981 609.494 629.288 561.513 598.329 569.185 598.134 621.972 603.87 619.357 574.794 647.418 604.863 578.246 564.06 597.722 530.918 573.842 581.342 602.171 635.25 632.949 561.304 
546.482 479.372 543.988 562.602 534.297 538.8 492.299 504.427 539.125 548.233 479.162 530.698 538.634 529.276 568.879 521.184 529.382 557.96 543.643 529.201 537.581 526.849 527.539 571.236 549.476 537.455 549.826 538.669 540.487 535.902 559.836 525.797 563.336 487.366 541.948 478.582 507.344 517.72 509.262 524.972 551.851 548.853 532.121 465.431 523.932 547.569 533.003 529.589 532.575 537.131 548.184 
476.502 453.306 467.923 487.21 484.089 442.411 469.358 445.459 449.937 462.258 465.36 491.34 494.609 491.34 504.345 458.265 491.759 498.521 474.372 462.432 442.117 485.888 457.815 494.127 481.362 467.041 461.213 466.129 475.604 464.166 483.187 419.368 499.578 431.221 488.674 477.892 475.454 489.973 477.055 480.651 471.504 442.882 506.839 465.431 482.806 459.291 478.275 451.671 426.87 475.973 490.121 
394.91 416.52 396.924 448.771 403.724 413.594 390.463 422.668 384.514 427.475 416.658 402.125 410.722 421.352 435.729 384.52 408.61 420.981 429.102 425.168 416.031 408.297 397.931 393.103 406.641 416.434 432.592 417.509 443.54 421.3 397.721 419.368 440.415 400.652 452.573 398.951 421.624 394.394 419.669 400.651 382.807 431.932 408.918 431.199 399.794 412.392 410.821 423.71 410.942 398.033 418.928 
380.527 396.866 360.236 380.133 380.601 386.851 390.463 386.661 384.514 373.16 354.536 370.653 394.674 371.026 364.701 384.52 402.974 357.011 377.154 354.417 302.293 352.691 371.845 333.847 370.577 368.924 392.71 355.409 384.802 367.705 380.542 390.353 370.444 366.335 389.68 377.349 359.895 392.071 378.976 359.722 333.121 383.367 365.335 380.677 361.858 384.232 386.116 376.382 366.72 387.318 362.25 
348.746 348.323 358.945 344.505 363.902 361.703 350.266 354.561 357.897 361.011 346.818 356.738 363.919 363.879 356.353 351.273 356.015 319.009 333.075 326.818 296.953 352.691 336.369 304.118 314.831 362.311 339.255 349.408 358.585 365.097 353.893 326.451 359.088 355.673 363.995 358.598 359.895 347.316 339.97 359.722 333.121 346.629 359.138 362.461 349.361 366.71 347.318 359.339 337.519 362.138 360.198 
279.139 323.027 317.23 290.262 272.788 300.258 295.155 307.278 259.117 335.475 302.752 307.329 338.585 332.648 310.874 304.105 255.329 296.434 333.075 285.818 289.565 284.168 282.343 299.117 290.848 319.816 310.017 313.321 287.216 309.993 297.256 289.415 311.373 321.514 306.371 315.789 317.927 277.545 299.75 318.499 281.965 305.502 316.993 322.837 287.711 317.565 323.781 291.674 273.49 321.447 324.409 
274.884 303.375 290.349 276.942 266.072 237.607 275.816 264.199 248.651 298.78 278.288 263.249 284.617 288.543 271.166 272.162 252.846 274.835 287.259 265.321 266.463 253.472 232.922 236.12 241.4 264.854 288.632 292.779 265.81 266.258 295.565 276.799 277.744 269.46 276.185 269.306 286.189 253.843 247.327 277.567 243.947 278.563 258.874 293.605 255.637 259.279 293.782 264.558 258.382 296.18 293.185 
248.027 240.268 257.869 251.963 253.561 224.488 190.696 242.962 243.505 266.837 239.924 243.922 237.045 231.015 243.946 228.473 244.118 224.151 240.896 223.198 253.999 250.117 229.842 221.861 214.175 253.179 246.33 253.176 238.184 237.649 240.121 254.04 255.639 248.538 250.574 235.467 225.935 224.219 194.346 230.467 243.668 217.88 207.989 226.946 227.488 230.476 253.473 220.353 251.037 237.342 259.028 
207.501 220.021 216.817 220.769 200.996 173.736 159.969 156.56 175.587 220.1 187.294 196.766 177.271 209.556 216.081 174.435 213.306 161.61 193.221 186.687 183.289 214.515 194.112 195.24 189.056 219.481 196.437 160.303 187.973 200.091 171.662 202.907 205.76 176.961 200.608 176.779 196.661 162.912 182.963 202.064 199.234 177.305 188.685 202.134 192.694 173.267 200.002 171.31 167.725 164.724 195.175 
110.975 108.552 126.75 131.683 109.402 133.889 88.7416 104.782 112.694 125.859 120.236 136.44 109.157 120.849 121.927 105.919 132.589 99.9543 114.17 108.323 113.499 119.047 125.494 120.583 132.765 137.076 110.182 115.261 126.332 115.625 107.536 119.037 124.697 122.35 109.206 120.222 100.02 109.341 127.186 117.631 136.227 113.789 107.791 123.038 120.839 117.869 119.287 126.045 122.554 101.176 101.843 
55.1157 71.809 65.362 72.7572 55.7993 62.8855 62.633 63.273 62.4292 57.0043 60.4393 64.0318 65.1694 67.4295 58.3996 66.8444 74.1218 65.5766 60.7581 65.1593 65.5606 63.8417 69.4747 66.0992 64.0265 66.3367 73.3098 62.0225 56.474 69.8052 64.5426 70.96 77.1658 62.4702 61.6136 55.3071 53.6524 64.3192 68.986 57.4622 69.7039 59.5542 69.076 62.174 64.0772 65.4625 71.1288 72.8331 65.1935 55.0523 68.1392 
14.1295 18.1209 19.1532 16.9553 16.9426 21.0782 15.023 17.1663 14.9288 17.3996 19.3541 14.9661 13.2227 12.9993 17.9212 12.2058 16.0421 22.2372 12.9586 18.6169 18.9276 16.377 18.1893 18.9667 18.0273 13.3255 19.166 9.95061 15.0384 18.0345 15.3226 18.3696 16.8602 14.6616 13.9828 12.1026 18.6758 21.9636 21.1301 17.9165 16.967 16.9394 23.9532 16.9577 24.0525 12.2113 17.4707 21.0411 19.9001 13.2337 13.9421 
