234388 91477 99129.4 200135 197838 108534 102238 304775 29001.2 105937 313552 177083 109704 160613 24562 128603 191738 42356.1 315849 139427 77651.1 143360 111248 94118.4 275687 133213 48906.1 219686 194770 364489 106925 105477 60716 160284 57052.2 98968.1 157400 203199 140382 157908 124058 195233 162765 244474 123404 175764 74988.4 296792 83955 116588 127122 
11632 9909.57 11071.8 12978.8 13074.5 12146.5 10795.6 10347.5 9815.98 10048.2 12423.3 13725.2 10183.9 12335.5 9134.55 16459.3 13995.4 12930.3 12268.2 14714.7 10961.1 11108 13381.1 12311.8 9648.12 12177.8 14234.1 9896.55 10606.1 12463.4 13287.7 9983.28 13726.4 11541.5 13106.9 12394.5 11013.3 11463.3 10435.9 11944.1 9794.85 12876.8 13236.3 11365.7 10072.4 8195.02 11922.3 12612.6 10261.5 16587.6 8976.13 
8145.77 7731.8 7878.97 7805.47 7558.39 8759.88 7467.35 6420.7 7897.18 7535.13 8651.9 8521.18 8179.92 8288.5 7344.09 8155.94 7280.12 8869.2 7544.65 7820.06 7447.88 8739.28 8279.28 8420.26 8097.8 9075.19 7742.67 7934.82 8252.48 8149.8 7512.68 8049.26 8051.44 8124.48 8382.14 7939.33 8275.01 7898.07 8990.95 8154.72 7293.83 7636.24 7826.68 7568.48 7656.72 7608.24 8316.8 7900.06 7873.73 8151.73 7785.29 
6479.79 6279.17 6390.26 5921.07 5506.25 6847.86 6115.01 6420.7 6771.53 5726.49 5955.94 6589.52 5640.59 6286.41 6320.58 6364.94 6372.12 6505.68 6052.69 6939.14 6721.52 6488.84 6100.29 6359.26 5959.8 6663.72 6371.6 6773.11 6132.13 5751.32 6661.83 6417.72 6843.51 6796.96 6153.18 6928.92 6576.42 6330.87 6268.73 6061.89 6612.74 6453.57 6001.14 6608.51 6568.81 6523.74 6752.77 6428.97 5915.33 6716.05 6542.87 
5441.15 5282.74 5382.38 5465.91 5179.53 5387.59 5360.69 5523.72 5579.7 5359.57 5610.98 5411.57 5320.09 5231.68 5537.55 5545.21 5513.57 5609.43 5962.62 5831.6 5771.3 5212.63 5320.99 4700.57 5208.96 4551.81 5343.7 5648.46 5483.13 5265.13 5452.91 5557.06 5455.86 6000.04 5979.66 5575.35 5680.59 5712.1 5476.54 5219.48 5090.24 5841.38 5284.26 5749.66 5326.54 5279.99 5563.35 5719.03 5607.11 5773.26 5918.45 
5204.43 4874.52 5143.89 4666.07 5004.82 4965.87 5211.7 5379.26 5277.61 5263.68 5314.79 4780.84 4774.74 5231.68 5325.91 5058.77 5039.72 4936.67 4801.5 4974.59 5186.57 4367.47 4596.43 4700.57 4786.13 4551.81 5036.85 5555.97 5232.98 4845.13 5218.63 4795.4 5310.57 5475.09 4901.53 5061 5228.62 4661.46 5060.6 4944.14 4579.56 4845.22 4973.31 4322.59 4758.38 5279.99 4926.76 5209.01 5319.35 5219.08 5095.74 
4630.09 4706.04 4628.97 4666.07 5004.82 4594.03 5099.34 5010.19 5022.25 5087.8 5236.31 4254.45 4774.74 4833.86 4806.52 4245.08 4933.27 4936.67 4801.5 4974.59 5081.72 4367.47 4488.42 4504.83 4786.13 4551.81 4511.19 4578.62 4615.43 4413.13 4768.01 4795.4 4739.12 5074.57 4659.41 4731.27 5049.91 4529.67 4448.33 4944.14 4579.56 4845.22 4878.12 4322.59 4747.59 4743.51 4881.32 4363.93 4830.55 4834.07 4892.96 
4554.36 4170.48 4441.84 4666.07 4532.87 4594.03 4600.16 4573.22 4364.52 4570.31 4607.94 4254.45 4625.76 4437.86 4364.03 4245.08 4250.5 4324.25 4651.05 3916.52 4383.78 4367.47 4185.07 4436.58 4714.92 4551.81 4511.19 4484.21 4309.4 3811.43 4442.5 4736.29 4226.6 4740.46 4533.94 3945.96 4516.83 4290.65 4448.33 4383.97 4472.61 4618.31 4598.94 4224.3 4463.59 4509.42 4524.92 4245.66 4523.32 4293.73 4254.24 
3978.39 3788.73 4329.14 4230.71 4057.1 3546.08 3967.65 4541.31 4185.16 4312.22 4156.38 4110.82 3477.69 3756.3 3767.06 4041.88 4250.5 4175.95 4040.54 3899.09 3763.57 3822.33 3901.13 4025.56 4023.67 4051.99 4107.01 4096.9 4128.04 3597.76 4030.29 3946.48 3976.85 3870.25 4230.04 3843.69 3965.41 3941.07 3991.35 3928.77 4283.26 4466.25 4224.44 4124.33 4223.96 4195.12 3847.35 4245.66 3635.91 3962.86 3937.71 
3397.78 3676.79 3502.37 3689.85 3790.28 3459.82 3577.46 3473.5 3667.14 3650.39 3449.64 3388.27 3325.06 3668.85 3069.64 3251.14 3590.7 3722.32 3533.16 3616.57 3596.15 3425.29 3533.57 3714.96 3752.54 3264.73 3542.29 3412.83 3635.46 3375.34 3666.14 3529.56 3543.71 3478.2 3687.33 3387.02 3332.51 3369.01 3436.07 3375.99 3353.43 3643.27 3560.93 3431.79 4006.03 3513.14 3637.84 3482.07 3363.65 3417.63 3786.63 
3072.17 3223.79 3131.85 2911.66 3206.64 3046.06 2943.53 3058.08 3113.78 3033.9 2856.61 3225.76 3242.57 2735.53 2654.2 2864.27 3420.56 2897.36 2947.56 3367.55 3130 2928.22 2984.18 2920.59 3123.43 2670.77 3000.16 3001.71 3263.06 3254.64 3209.08 3285.98 3181.54 3165.06 2645.12 3223.89 3115.8 3003.45 3040.13 2921.81 2722.5 3321.84 3075.76 2664.5 3081.86 3171.19 3149.39 2568.7 2946.82 3028.09 3333.69 
2762.63 2856.36 2989.91 2430.36 3036.11 2946.59 2780.28 2552.29 2840.94 2923.65 2617.48 2892.19 2819.43 2393.45 2319.94 2173.08 2753.94 2867.45 2568.23 2919.7 3050.65 2739.37 2400.17 2820.82 2956.87 2533.89 2563.83 2526.52 2815.71 2661.71 3108.94 2788.41 2723.25 2785.78 2536.44 3142.54 2972.99 2573.01 2886.06 2541.05 2497.49 2859.23 2594.72 2574.72 2840.73 2614.54 2964.97 2183.04 2732.91 2837.67 2869.88 
2411.87 2695.27 2633.53 2021.67 2572.61 2541.01 2527.78 2274.35 2520.4 2603.93 2323.19 2684.29 2210.23 1886.34 1983.2 2008.64 2473.12 2287.64 2118.61 2572.35 2618.15 2261.16 2156.33 2566.43 2453.16 2430.17 2329.02 2416.56 2608.05 2475.85 2612.11 2420.29 2417.8 2691.49 2297.4 2792.69 2609.29 2350.62 2640.16 2093.21 2254.08 2180.51 2500.05 2275.39 2535.12 2252.56 2369.73 2109.09 2530.84 2309.94 2560.77 
1259.4 1153.69 1302.76 1079.89 1403.48 1406.44 1102.03 1389.03 1312.11 1506.22 1220.7 1503.3 1109.49 1013.44 885.379 1426.63 1252.48 1028.26 1372.86 1266.02 1621.26 1336.88 1201.62 1224.88 1252.79 1441.5 838.352 1237.18 1107.99 1302.23 1380.42 1354.37 1129.28 1629.13 1246.66 1857.9 1619.52 1273.17 1456.1 674.828 977.422 705.946 1161 1382.38 1462.95 1677.75 1096.79 1068.14 1556 1530.61 1377.74 
