15296.5 14119 12953.3 14669.9 13693.5 14003.7 15705.2 15581.7 15152.9 13242 14752.1 15305.9 14587.8 13691.5 14976.4 13781.7 15541.5 13874.3 13459.9 13850 14985.2 14957.3 14441.6 13521.3 15226.7 14544.7 16043.6 13334.3 13657 14147.8 14232.6 14373 14820.8 15342.2 14660 14146.8 14589.7 13686 14812.7 15019.7 14002.4 14272.8 14358 13656.9 12888.7 14385.2 15516.4 14825.1 14168.9 13726.2 13785.1 
11382.8 10804.5 11006.7 10351.7 11531.5 11353.9 11352.3 11379.5 11460.5 11597.1 11071 11690.5 11042.2 11135.8 11775.5 11369.8 11589.9 10273.6 10085.9 11062.1 11380.1 10814.2 10776.9 11147.1 11492.7 11290.5 11497.8 11064.3 10934.3 11673.4 11350.3 11534.3 9021.86 11531.5 11202.2 11793.2 11219.8 10629.5 10703.7 11285.7 11298 11572.6 11289.1 11414.4 11564.5 10911.1 11190.1 10835.5 10384.4 11161.1 10736.6 
9711.18 9407.94 8685.25 10320.9 10245 10573 9895.82 9958.96 10292.9 10404.8 9732.42 10003.9 9804.3 10065.3 9606.75 9746.44 10206.7 9326.55 10085.9 10393.1 9720.24 9736.28 9853.15 10449.3 9605.1 10006.7 9040.7 10498.5 9569.61 10135.7 10468.5 10678.8 9021.86 9907.4 9746.51 9933.34 9422.05 10137.2 10301 10370.5 10075.6 9498.37 10329.2 9966.22 10532.3 9778.04 10135.5 9877.97 10172.2 9774.31 9450.19 
9434.24 8779.77 8685.25 9407.63 8989.2 8984.67 9265.2 9171.46 9301.8 9726.19 9732.42 9726.18 9432.9 9300.42 8607.25 9746.44 9655.41 9326.55 8832.25 9313.23 8842.47 8341.31 9367.11 9613.8 9376.69 9176.81 9040.7 9053.37 9237.98 9170.65 8929.34 8707.49 9021.86 8710.18 9241.29 9374.89 9422.05 9722.65 9401.03 9712.08 9931.29 9118.19 8722.27 8941.61 9009.91 9011.14 8532.99 9381.31 9511.79 9552.73 8732.52 
7930.42 8779.77 8685.25 8193 8208.62 8607.97 7926.46 8807.15 8147.64 8598.67 8633.68 8617.09 8704.6 8184.08 8463.29 8518.88 8964.51 7524.81 8832.25 8385.78 8842.47 7976.1 8919.45 8375.09 8124.94 8405.61 7880.99 8611.93 7910.58 8580.83 8768 8081.71 8378.48 8710.18 8756.89 8504.82 8753.87 8980.74 8576.79 8021.78 8413.49 8904.6 8577.21 8818.86 8563.7 7837.28 8532.99 7880.46 8396.32 8651.34 8387.05 
7930.42 7757.95 8130.23 7993.3 8208.62 8137.87 7447.03 7445.92 7887.56 8120.93 8189.55 7708.45 7099.31 7920.25 8195.12 7743.04 8157.46 7524.81 8226.78 7465.08 7480.17 7428.91 8398.23 8158.43 8081.98 7923.85 7880.99 8190.38 7910.58 8534.4 7292.93 8024.68 7894.6 8133.28 7822.08 7827.24 8338.4 8243.73 8130.58 7150.97 8100.29 7538.2 8020.71 6998.25 8239.83 7494.97 7809.77 7795.61 8233.01 7933.22 8120.03 
7548.46 6677.51 7388.31 7993.3 7760.6 7348.95 7197.72 7373.11 7827.51 7397.09 7772.53 7578.05 7099.31 6944.72 7391.82 7168.81 7794.18 7524.81 7676.52 7465.08 7423.72 7382.18 7321.69 7267.78 7799.76 6119.4 7367.18 7825.35 7816.77 7966.66 7292.93 7783.63 7768.09 8098.72 6438.01 7482.74 7499.97 7308.49 7639.31 7150.97 7572.36 7351.69 7646.5 6902.45 8095.66 7005.51 7739.1 7385.68 7800.09 6756.07 7517.79 
7064.06 6677.51 6777.28 7355.23 7341.63 6959.62 6761.51 5961.13 6925.5 7327.01 7078.14 6581.04 7090.4 6754.8 6636.5 6746.12 7190.12 6620.66 6847.72 6876.66 6797.54 6881.59 7267.36 7142.95 6864.95 6092.75 6754.04 6614.5 6670.6 6934.52 6982.21 7008.74 6621.53 6016.02 6438.01 6859.64 6516.26 7064.75 6958.24 6411.26 5814.06 6825.19 6833.57 6203.4 7094.17 6612.4 7366.53 6747.13 6849.92 6400.97 6813.55 
6279 6451.21 5690.66 6276.52 6687.11 5766.13 6134.94 5890.1 6393.02 6582.2 5819.83 6137.24 5882.78 6236.01 6287.93 6174.62 6176.62 5656.89 6142.19 6189.72 6443.41 6112.98 5889.45 6070.1 6115.91 5999.17 5588.53 6534.62 5655.28 5386.27 6349.6 6359.22 6435.85 5647.06 5628.07 6150.97 6038.69 6518.58 5768.94 5997.68 5803.09 6428.32 6262.46 6185.81 6006.72 6178.01 6794.77 6078.77 6089.52 5629.81 5293.56 
6010.29 6138.34 5148.51 5680.25 5724.31 5625.53 5430.57 5369.19 6009.04 5882.28 5205.62 5285.64 5094.41 5596.45 5711.97 5379.32 5391.57 5347.61 5242.62 5753.18 5882.54 5374.58 5697.48 5544.24 4938.91 4993.65 5403.14 5887.85 5452.26 4850.91 6065.37 5452.03 5954.27 4914.95 5535.95 5303.8 5729.56 5355.52 5269.58 5886.63 5647.05 5557.66 5660.08 5608.24 5257.38 5666.94 5263.48 5679.75 5459.83 5079.54 4754.4 
5125 5489.26 4374.5 5040.61 4783.97 4863.59 4800.4 4839.17 4943.33 5127.76 4492.28 4969.69 4890.66 5265.27 4920.67 5235.4 4262.66 4444.18 4449.19 5100.87 4980.85 5002.66 4846.98 5016.28 4691.16 4534.29 4708.34 5098.45 4782.2 4765.24 5203.74 4800.92 4540.62 4285.42 5272.38 4765.31 4016.41 4770.32 4979.63 5132.11 4843.92 4596.42 5272.83 4845.43 4873.45 4607.03 4762.02 4572.66 5099.47 4288.73 4267.9 
4732.56 4871.75 4283.42 4332.35 4511.93 4114.72 3994.09 4306.16 4624.59 4845.56 4131.16 4405.16 3850.8 4904.24 4642.08 3767.01 4139.52 4002.87 4309.83 4460.01 4525.65 4445.33 4559.77 4162.84 4484.28 4072.7 4542.06 4781.88 4408.93 4232.92 4740.74 4339.96 4306.54 3983.99 4862.28 4487.85 3809.03 4034.08 4361.92 4723.02 4559.52 4445.56 4906.7 4302.91 4404.61 4323.05 4260.11 3733.85 4648.38 3899.21 4019.07 
4211.99 3887.92 3543.59 3655.15 3874.47 3557.79 2867.8 3683.66 3982.37 4081.76 3760.75 3862.71 3375.79 4013.19 3722.27 3509.91 3675.08 3360.94 3735.44 4023.61 3790.95 3825 3748.19 3793.87 3808.81 3250.36 3514.75 3313.75 3185.24 3777.1 3443.16 3587.82 3703.96 3038.8 3434.12 3978.44 3488.47 3613.66 3651.93 4009.82 3772.3 3543.6 3920.08 3729.75 3925.51 3873.37 3936.63 3482.48 4087.36 3300.01 3388.1 
2372.96 2370.69 1844.86 2080.06 1839.39 1575.47 1076.51 1629.71 1828.48 2410.97 1526.78 1881.74 1791.85 2174.79 2311.36 2057.42 2116.08 1622 1532.69 1933.3 1908.37 1979.37 1800.25 1592.87 1788.02 1237.61 2322.51 1030.84 1420.2 1791.49 1894.16 2037.33 2233.03 1272.89 1507.32 1929.03 2028.64 1434.08 1665.63 2229.31 2258.65 1765.79 2241.71 2209.72 2411.53 1984.28 2080.95 1430.25 1993.96 1491.32 1838.85 
