1.98997e+10 2.36081e+10 2.22713e+10 2.02874e+10 2.7573e+10 2.06523e+10 2.09988e+10 2.13302e+10 2.59429e+10 1.84427e+10 2.19714e+10 2.11107e+10 2.29782e+10 1.99458e+10 2.22914e+10 1.9142e+10 2.36599e+10 1.81282e+10 1.74654e+10 2.17075e+10 2.245e+10 2.13497e+10 2.46908e+10 1.97599e+10 1.99767e+10 1.98312e+10 2.13961e+10 2.2671e+10 2.13313e+10 2.68206e+10 2.43838e+10 2.43817e+10 2.47414e+10 2.11527e+10 1.64347e+10 2.34647e+10 2.10093e+10 1.85622e+10 1.85829e+10 2.14621e+10 2.52368e+10 2.44855e+10 2.15429e+10 2.34062e+10 2.20247e+10 2.06353e+10 2.18938e+10 2.28316e+10 2.22332e+10 1.92415e+10 2.35529e+10 
9.06274e+09 8.1349e+09 9.46061e+09 7.66019e+09 8.96371e+09 9.18488e+09 7.51825e+09 7.6054e+09 7.22072e+09 7.8566e+09 8.15036e+09 8.66993e+09 6.9286e+09 9.10759e+09 7.92281e+09 8.00986e+09 6.86107e+09 9.68586e+09 9.82415e+09 9.06999e+09 8.01758e+09 8.95926e+09 9.50314e+09 9.21404e+09 8.10659e+09 8.2865e+09 6.42044e+09 1.01254e+10 9.20248e+09 1.02608e+10 7.74962e+09 6.15912e+09 7.64782e+09 7.48682e+09 7.33058e+09 9.02242e+09 8.06159e+09 7.78621e+09 9.03859e+09 6.9502e+09 9.51416e+09 7.78203e+09 7.62621e+09 8.90071e+09 9.11025e+09 8.62074e+09 9.97712e+09 8.44226e+09 8.30088e+09 7.64637e+09 7.21507e+09 
3.67115e+09 3.9591e+09 3.90017e+09 3.84234e+09 4.02521e+09 2.75218e+09 4.71721e+09 4.65115e+09 3.8752e+09 3.56917e+09 3.48024e+09 4.56506e+09 4.02347e+09 4.01965e+09 3.5886e+09 4.28073e+09 4.21636e+09 3.62786e+09 4.64274e+09 4.57236e+09 4.3217e+09 3.09628e+09 4.5346e+09 3.5622e+09 4.78407e+09 2.24835e+09 4.38249e+09 3.91389e+09 4.10944e+09 4.63122e+09 4.47163e+09 3.31098e+09 3.83129e+09 4.29825e+09 4.17738e+09 4.71624e+09 4.11464e+09 4.4876e+09 4.11438e+09 4.04784e+09 4.71627e+09 4.69347e+09 4.59697e+09 4.02076e+09 3.77225e+09 3.47317e+09 3.79297e+09 4.21341e+09 4.38207e+09 3.14131e+09 3.38221e+09 
1.10629e+09 1.17628e+09 1.1833e+09 9.73237e+08 1.05478e+09 9.2612e+08 9.67065e+08 9.15942e+08 8.02376e+08 9.85588e+08 1.07439e+09 1.2752e+09 1.28291e+09 1.32671e+09 1.05872e+09 9.93175e+08 1.24498e+09 9.40582e+08 1.38128e+09 1.22677e+09 8.48508e+08 1.05151e+09 1.12228e+09 8.91631e+08 1.12176e+09 9.51109e+08 1.31774e+09 1.01766e+09 1.29444e+09 1.28341e+09 1.15164e+09 1.22211e+09 9.8136e+08 1.00558e+09 8.51577e+08 1.23714e+09 1.15417e+09 9.14016e+08 8.47226e+08 1.37696e+09 1.12475e+09 1.376e+09 7.05915e+08 9.9152e+08 8.4153e+08 1.3339e+09 1.16833e+09 1.38517e+09 1.23422e+09 1.07854e+09 1.31927e+09 
5.16233e+07 6.40645e+07 4.60393e+07 5.66119e+07 6.085e+07 4.75259e+07 4.39069e+07 5.01402e+07 6.54105e+07 5.03693e+07 5.19304e+07 5.27166e+07 5.25329e+07 4.92533e+07 5.83975e+07 5.51339e+07 6.0273e+07 4.63125e+07 5.87494e+07 5.53506e+07 5.39606e+07 4.47155e+07 5.4954e+07 5.42668e+07 6.48477e+07 4.56688e+07 5.12368e+07 6.15184e+07 5.52938e+07 6.23282e+07 4.93263e+07 5.23981e+07 4.1592e+07 5.50251e+07 5.54608e+07 4.79102e+07 5.28363e+07 4.64045e+07 5.45196e+07 4.27005e+07 5.82091e+07 4.80668e+07 5.51675e+07 5.50418e+07 3.14754e+07 5.40405e+07 5.60681e+07 5.38891e+07 4.27573e+07 5.2386e+07 5.1354e+07 
157171 234961 101562 190633 157994 169141 159404 164886 171190 169642 154375 169062 148070 137510 189724 182824 170158 156991 225393 194847 175011 193456 161655 146865 234179 166859 123805 166793 160685 169306 179909 152248 164258 145772 165217 170050 164335 179975 182954 143938 182192 144194 172909 172430 139300 151337 166442 158973 151217 202600 159676 
6664.03 8802.38 5826.53 6374.53 7687.75 4851.9 6090.93 6834.12 5769.91 6077.17 6143.89 6201.13 5828.36 4945.78 5987.46 6819.82 5665.86 7273.12 5914.74 7632.64 6398.35 7570.58 5868.45 6114.88 6435.16 6143.71 7262.31 6104.15 6097.31 6783.33 6844.3 6167.58 6425.35 7527.48 6165.2 6314.69 6365.32 6042 5173.15 5705.94 6920.74 5328.56 5598.09 6654.77 6428.64 8495.01 5786.63 4651.99 6103.83 6364.01 6520.45 
1108.73 995.268 888.6 1078.22 1255.38 1006.59 1089.49 1052.95 1017.43 1297.08 1042.28 1460.22 1051.52 992.965 1096.77 1160.56 1100.87 1504.16 1364.17 1252.6 1066.34 1568.35 1088.15 1125.41 977.297 903.937 1452.02 1465.81 1237.88 1202.91 1284.95 941.357 1136.31 1614.16 1170.87 843.105 1270.97 1043.23 1022.54 750.823 1392.31 1037.54 1119.21 1272.48 1270.77 1235.76 1450.99 856.54 1154.97 963.39 1510.5 
593.757 572.514 520.842 605.892 721.581 629.057 648.402 639.915 597.041 583.821 611.664 637.187 619.174 606.764 618.33 614.849 574.655 558.754 630.09 612.204 607.464 797.676 595.121 609.194 513.749 507.241 720.788 649.508 676.203 627.54 640.342 504.908 695.354 754.319 662.612 552.513 599.124 544.614 537.695 509.602 562.4 593.571 597.006 572.903 726.935 647.336 645.744 471.149 575.255 542.239 790.986 
457.895 286.837 247.727 320.378 455.66 307.823 378.817 507.721 347.504 290.204 361.468 427.058 328.468 323.464 532.142 411.703 294.72 262.005 497.483 300.661 312.821 535.313 413.756 420.932 388.355 240.75 567.075 305.036 412.726 324.097 319.363 248.933 377.116 587.534 371.138 270.841 273.385 237.534 314.027 221.056 338.77 328.377 326.739 334.007 406.199 348.822 406.585 194.427 502.996 252.972 641.652 
253.849 172.008 176.859 265.414 386.947 230.791 300.951 299.117 188.375 184.295 280.214 220.044 232.695 282.379 269.549 193.821 246.691 223.194 252.34 190.932 215.903 342.731 261.648 240.925 166.331 213.807 342.438 190.314 213.136 272.993 251.756 185.053 294.417 302.805 311.917 207.174 183.775 165.722 232.394 163.896 249.271 226.12 221.778 242.89 303.5 246.368 300.161 172.176 271.742 183.224 397.745 
170.053 137.847 132.829 249.076 306.305 181.37 256.706 219.059 121.214 129.376 228.139 190.82 186.557 170.836 165.477 107.491 240.29 215.791 161.232 148.008 149.666 166.821 200.772 195.687 63.0307 211.475 306.329 130.961 178.178 233.609 241.452 158.923 220.979 220.943 222.013 135.218 133.586 145.822 164.008 157.991 191.988 186.62 180.691 188.336 180.307 183.05 206.694 167.464 242.329 145.229 277.295 
165.722 134.59 129.294 187.019 251.438 171.745 250.943 210.012 113.428 124.298 156.654 126.907 119.165 159.51 155.168 99.6438 165.574 147.892 118.252 142.966 143.281 150.904 137.302 181.8 56.3106 148.969 184.721 104.936 112.784 208.805 235.182 125.36 193.351 187.97 142.955 130.055 128.245 80.8287 156.892 152.81 124.073 186.032 109.165 178.317 174.956 157.749 139.845 164.656 120.817 144.971 232.389 
162.607 130.775 129.294 183.458 248.441 169.685 250.943 139.576 110.377 123.647 153.648 121.658 118.959 155.558 155.167 96.3049 165.387 147.585 114.915 139.177 139.289 148.167 137.301 178.81 53.2653 139.746 180.764 104.853 109.738 204.734 164.152 125.359 189.947 186.689 139.02 126.635 126.843 73.461 151.342 151.638 120.701 186.004 105.131 108.951 171.547 155.917 132.226 99.5844 111.953 144.967 203.405 
