1156.11 1155.07 1243.1 987.324 1089.51 1247.95 1232.08 1116.88 1103.07 1335.29 1094.33 1266.41 1153.72 1198.72 1173.03 1211.98 751.7 1309.43 1177.15 1163.65 943.164 1272.79 1177.9 1360.81 1273.28 1007.91 1159.82 1165.74 1323.19 1352.92 1187.97 1101.71 1210.67 1037.56 1202.21 1215.97 1246.14 1200 1081.03 1116.2 1085.35 1215.72 1090.39 1379.92 1185.86 1278.34 1051.13 1466.55 1321.6 1096.08 1375.74 
954.255 1039.17 1120.49 987.324 1084.2 1052.69 1232.08 1116.88 943.203 1224.18 1094.33 1266.41 705.53 971.547 1173.03 1208.11 751.7 1195 766.43 1109.99 943.164 899.926 1177.9 1326.44 1145.67 1007.91 1159.82 1165.74 1239.39 1105.33 1187.97 922.309 1210.67 1037.56 995.219 1215.97 1246.14 1018.23 917.88 799.485 1085.35 1033.34 1090.39 1049.85 932.576 1158.04 1051.13 1053.43 1113.11 1096.08 810.057 
954.255 1039.17 663.947 974.081 1075.14 1052.69 1085.72 1014.78 943.203 1152.49 1094.33 1054.76 705.53 971.547 1096.36 1069.29 751.7 860.211 766.43 1109.99 943.164 891.764 1177.9 1039 1137.44 1007.91 1159.82 1139.41 1094.77 1046.08 1025.88 922.309 1210.67 1037.56 995.219 1088.65 1090.26 910.554 917.88 799.485 1085.35 957.764 1090.39 1049.85 932.576 1036.04 1051.13 936.276 949.407 1096.08 810.057 
954.255 870.394 663.947 974.081 633.865 992.741 986.835 879.825 890.169 980.965 1094.31 1008.39 705.53 971.547 1051.02 935.937 751.7 860.211 766.43 984.466 817.616 867.066 1051.56 911.301 994.753 1007.91 881.252 1077.98 1030.86 936.041 911.75 922.309 840.197 1037.56 995.219 1088.65 830.594 910.554 917.88 799.485 1085.35 957.764 862.035 946.297 932.576 1027.15 1051.13 936.276 919.72 1096.08 810.057 
937.1 870.394 663.947 898.813 633.865 902.737 873.33 570.228 793.845 980.965 936.85 881.913 705.53 855.079 739.396 849.861 701.258 817.395 696.461 834.789 817.616 824.841 968.997 911.301 868.782 961.587 881.252 839.735 884.181 909.919 630.992 858.265 840.197 570.566 757.964 702.845 830.594 780.434 864.94 799.485 872.417 840.48 739.999 933.746 932.576 883.128 888.809 936.276 848.095 905.351 784.021 
683.092 576.395 663.947 773.046 592.722 671.652 732.753 570.228 594.111 727.144 710.007 782.347 513.521 676.027 722.779 849.861 588.341 734.205 676.318 724.782 644.759 813.317 655.56 646.141 663.276 667.631 656.989 756.327 742.04 907.958 598.311 748.703 626.844 570.566 757.964 446.508 830.594 630.453 852.877 640 662.34 616.557 739.999 918.183 641.312 663.516 647.894 692.204 631.389 693.249 751.54 
531.105 576.395 407.255 613.135 502.933 584.565 587.02 467.756 594.111 711.595 647.773 450.89 513.521 676.027 397.217 490.992 531.852 643.736 634.279 571.197 529.513 778.567 560.419 486.577 663.276 667.631 656.989 687.499 396.769 720.622 598.311 748.703 492.768 570.566 474.636 446.508 691.829 557.663 631.778 640 453.05 616.557 731.095 655.414 546.366 634.78 503.082 475.576 631.389 693.249 602.774 
382.967 435.288 394.79 310.044 326.46 524.348 479.826 357.712 484.299 536.959 417.215 363.647 513.521 322.783 294.419 483.778 411.991 538.783 531.051 445.073 475.84 391.264 437.234 485.181 376.417 568.532 468.308 327.05 391.366 312.871 511.811 482.126 314.368 379.06 390.404 358.819 504.203 386.796 452.609 329.673 360.703 389.595 370.995 470.906 504.268 371.117 477.522 399.585 401.428 363.876 401.995 
319.793 359.035 335.764 247.586 295.862 342.448 394.992 343.869 365.962 362.317 345.469 257.424 272.955 290.79 241.845 266.531 327.287 355.828 339.695 290.616 234.183 328.914 383.457 359.454 248.354 274.029 390.882 258.734 242.299 296.093 389.589 309.318 300.08 355.325 243.007 259.257 360.026 290.205 329.499 317.234 314.942 322.868 231.31 273.12 347.815 357.828 382.715 252.35 316.838 337.311 270.209 
214.827 221.795 235.14 194.052 226.493 215.194 175.395 210.661 247.267 265.282 219.93 188.788 206.75 237.901 189.007 218.951 199.12 209.654 215.704 182.947 206.005 242.725 309.833 235.671 244.937 216.437 295.062 214.256 176.246 187.762 285.157 305.143 211.483 255.864 174.892 233.644 216.803 183.803 223.299 236.58 190.688 222.789 215.22 250.985 239.33 205.309 223.451 227.893 239.891 323.018 192.079 
138.104 153.582 200.355 140.731 126.039 168.05 154.654 165.022 191.305 167.197 155.269 137.356 159.954 135.928 127.122 209.689 155.825 138.704 135.01 134.325 147.24 168.129 200.518 155.477 163.486 143.785 128.905 155.169 135.737 165.345 214.367 214.239 162.069 234.465 151.306 168.22 164.511 155.931 158.288 163.225 146.355 167.999 161.817 160.738 159.228 193.496 144.658 165.879 158.537 133.851 157.781 
114.166 98.0417 115.953 94.1921 95.0827 110.445 122.768 112.553 139.476 120.916 116.871 87.4526 89.6428 112.484 89.2229 114.317 109.918 98.5099 94.5067 108.504 109.457 92.8854 134.178 121.991 132.613 99.8342 88.5482 104.202 101.143 96.6119 128.838 102.659 96.1999 119.563 114.748 122.422 109.816 106.703 89.9611 91.1758 110.34 110.66 113.344 107.162 111.002 137.102 116.033 92.9293 88.2629 92.5037 96.7237 
64.3917 69.0047 60.5401 58.8037 66.8091 61.7183 82.6486 87.1689 78.6329 79.8315 58.7337 59.5074 60.2926 62.3277 52.4294 57.3028 58.5893 60.3899 75.5024 50.4026 62.6935 69.2076 95.9218 60.7087 84.2716 50.119 58.621 73.1206 58.8918 64.2243 83.5404 76.6175 56.2927 59.277 59.8149 59.7499 57.1004 68.4396 68.3744 51.9478 73.4485 61.2395 82.2733 58.9276 75.2155 61.2391 64.2144 63.2533 74.0991 63.6283 58.8586 
31.2924 35.1057 28.3632 28.8644 25.6228 21.1807 31.5582 35.5095 30.2023 25.1429 35.631 29.8151 31.6073 25.6677 26.111 25.5752 28.001 32.8785 33.8998 23.7101 31.978 35.0142 28.1168 33.6155 41.5261 30.9762 33.9678 24.8017 25.3759 24.3749 27.6478 34.184 14.9271 13.6734 28.3255 27.2699 16.0415 20.3176 37.1209 31.6588 30.428 29.3018 38.1184 33.3839 35.5967 27.3734 37.6417 28.862 27.9517 37.0174 25.4612 
