3.76392e+39 5.33152e+41 6.05416e+40 7.94286e+39 1.18932e+42 6.40593e+39 3.20471e+36 1.84867e+40 5.19729e+40 1.81104e+40 2.15136e+39 2.9115e+40 1.42098e+39 7.29789e+40 1.06752e+42 1.0511e+38 2.30137e+40 1.09081e+40 1.94812e+39 1.89163e+42 2.38937e+39 9.21886e+39 3.75521e+39 7.27135e+38 1.21808e+41 7.09099e+40 9.49503e+38 1.85617e+41 3.28611e+40 1.45997e+41 3.49556e+38 3.5876e+42 2.58892e+40 5.60061e+38 4.0424e+39 1.87644e+41 1.5256e+40 3.25851e+41 2.19225e+41 3.88018e+42 6.3428e+40 5.46005e+39 3.85216e+42 2.54499e+41 2.76616e+40 4.68873e+41 3.15743e+41 2.83505e+40 5.57172e+42 1.59417e+40 1.18428e+41 
9.32059e+35 1.64729e+36 2.54099e+37 9.42734e+36 1.27299e+35 3.34245e+36 9.46811e+35 1.75869e+38 1.45304e+36 3.33185e+37 2.17426e+36 1.37492e+36 3.18696e+37 6.90088e+36 1.40654e+37 4.91029e+36 4.58078e+36 7.23211e+37 1.69445e+36 6.98265e+35 1.62904e+37 5.25003e+37 2.10376e+34 5.05179e+37 2.80763e+35 3.50992e+36 6.2919e+36 1.39583e+36 8.91931e+36 1.22322e+37 2.4932e+37 1.26281e+37 3.31667e+37 7.62433e+33 5.24406e+37 1.02072e+36 1.14706e+37 1.0433e+37 8.49803e+35 1.23264e+36 1.34891e+36 2.88339e+36 3.43928e+37 5.58632e+36 3.38338e+34 3.61545e+34 1.15382e+38 5.48456e+35 4.76653e+34 8.47484e+34 8.59153e+36 
1.00725e+34 4.31339e+33 1.30196e+34 1.6297e+34 3.58133e+34 2.47606e+36 7.52448e+34 5.5544e+33 1.62817e+33 9.79741e+32 5.35356e+33 1.2605e+33 7.84997e+33 3.05549e+31 3.39138e+34 1.36892e+34 1.25497e+33 2.08592e+33 4.63324e+33 1.95732e+33 1.93568e+33 4.84541e+34 6.20634e+33 1.86185e+35 2.05575e+34 2.38358e+33 6.37795e+32 3.20169e+32 1.04016e+34 5.17852e+33 5.2645e+33 1.33063e+35 6.99882e+32 7.62433e+33 1.93329e+34 3.3296e+34 1.17165e+34 9.08737e+34 5.3179e+33 1.09557e+33 1.05677e+35 1.29411e+35 2.32215e+34 3.78268e+32 3.38338e+34 1.67905e+33 8.64909e+34 7.818e+34 3.91691e+33 8.47484e+34 1.71448e+35 
4.23434e+30 1.91934e+31 1.0085e+32 8.30628e+30 2.18464e+32 6.26581e+32 1.62195e+30 3.44918e+32 5.21248e+29 1.67669e+30 3.69796e+32 4.40806e+27 2.98569e+29 1.01824e+29 1.19221e+31 5.18379e+30 1.47197e+31 1.10444e+31 3.32584e+31 1.35641e+30 2.29368e+28 3.96657e+29 3.3286e+30 1.76281e+30 9.55585e+29 1.27273e+30 3.11333e+30 7.32149e+30 1.3349e+31 6e+31 2.42059e+31 1.10771e+30 4.13698e+29 1.84342e+30 6.41535e+30 8.10647e+31 5.76028e+31 1.59443e+32 7.20169e+27 1.10403e+31 1.0293e+31 2.59357e+31 4.82206e+30 8.02311e+28 1.12313e+30 3.68184e+30 4.59207e+30 2.18914e+31 3.94314e+30 3.50662e+29 3.60184e+32 
9.36498e+23 1.04656e+24 1.05487e+24 1.99136e+23 3.59675e+24 1.80932e+24 2.84312e+24 1.11221e+26 1.08601e+24 4.47621e+26 1.03354e+26 3.19054e+24 1.18107e+25 3.70996e+22 6.19507e+23 2.36522e+25 8.09765e+23 9.78995e+25 1.67951e+26 4.03345e+24 2.92885e+24 1.26422e+24 2.8131e+24 2.81714e+23 2.69325e+24 1.83035e+24 4.12001e+24 4.3407e+23 1.04797e+25 3.36466e+23 2.9142e+23 6.8453e+23 4.92561e+21 9.30438e+23 6.48586e+24 9.09498e+24 1.33e+24 1.47311e+24 9.28937e+22 3.19901e+23 3.40463e+23 1.40665e+23 1.55097e+25 9.06661e+23 2.27254e+22 1.97439e+23 3.48293e+22 2.54311e+25 5.93232e+20 5.38462e+24 5.53663e+25 
1.32834e+15 2.73013e+16 3.65558e+15 1.96571e+15 3.54592e+16 5.99175e+15 8.32749e+16 7.27922e+15 4.34832e+15 3.69898e+15 2.40722e+15 1.12855e+16 1.26207e+15 1.15644e+14 1.72343e+15 4.93453e+15 4.57516e+14 1.36427e+16 1.63927e+16 5.40769e+15 3.06946e+15 7.4993e+15 4.50891e+15 5.29338e+14 2.06776e+16 4.3342e+15 5.33276e+15 1.67967e+16 4.95032e+14 3.36032e+14 8.9559e+15 1.0373e+15 3.28763e+16 3.15565e+14 3.29071e+15 2.37643e+16 9.27468e+14 7.27214e+15 3.71667e+14 3.67561e+16 1.12098e+16 1.08e+14 2.18468e+16 1.22755e+15 4.56136e+14 9.63692e+14 1.60117e+15 7.66102e+14 3.44826e+14 2.70499e+15 4.07025e+16 
66660.1 1.11229e+07 762205 206039 7.6206e+07 222409 3.17652e+08 281571 682540 1.13089e+08 2.09026e+07 386880 158000 56206 212278 5.30005e+06 14953.4 2.98864e+06 1.9114e+06 1.71558e+07 47817 2.33469e+06 1.45674e+07 1.48098e+06 586476 2.70828e+06 3.63446e+07 64010.8 9.67331e+06 289160 339293 4.01882e+06 5.26373e+06 4.66295e+06 3.03671e+06 5.72713e+06 2.17935e+06 5.57127e+06 141457 3.1457e+06 2.4199e+06 135460 1.75233e+07 383951 50941.8 1.1586e+06 1.84242e+06 1.16722e+06 3.24448e+06 2.05344e+06 1.17237e+06 
0.0810078 1.49159 1.05341 0.174973 1.29976 0.270231 3.82873 0.401888 1.61644 45.2685 1.17987 0.0486144 0.0759969 0.0345659 0.178512 0.706022 0.00826891 0.378414 0.0365793 0.513153 0.211068 9.28335 0.610062 0.0727428 0.0412522 0.929215 1.71278 0.0936263 0.676685 0.366094 0.101465 0.390034 0.419201 0.134187 0.268215 0.191015 2.83184 0.414364 0.0151437 1.00831 0.542146 0.026695 0.78183 0.112826 0.412044 0.270877 0.395447 0.187076 0.0957981 0.231573 0.0765166 
0 4.24636e-08 2.57573e-08 1.16321e-08 0 0 5.61065e-08 1.79621e-08 1.40929e-08 4.58359e-07 2.53433e-08 0 0 0 0 2.05474e-08 0 0 1.67512e-08 0 0 7.01362e-08 1.13095e-08 0 0 0 1.54981e-08 0 1.3845e-08 0 0 0 0 1.72205e-08 0 0 2.83869e-08 0 0 2.04924e-08 1.32558e-08 0 0 0 0 0 0 0 0 0 0 
0 0 0 0 0 0 0 0 0 0 0 0 0 0 0 0 0 0 0 0 0 0 0 0 0 0 0 0 0 0 0 0 0 0 0 0 0 0 0 0 0 0 0 0 0 0 0 0 0 0 0 
0 0 0 0 0 0 0 0 0 0 0 0 0 0 0 0 0 0 0 0 0 0 0 0 0 0 0 0 0 0 0 0 0 0 0 0 0 0 0 0 0 0 0 0 0 0 0 0 0 0 0 
0 0 0 0 0 0 0 0 0 0 0 0 0 0 0 0 0 0 0 0 0 0 0 0 0 0 0 0 0 0 0 0 0 0 0 0 0 0 0 0 0 0 0 0 0 0 0 0 0 0 0 
0 0 0 0 0 0 0 0 0 0 0 0 0 0 0 0 0 0 0 0 0 0 0 0 0 0 0 0 0 0 0 0 0 0 0 0 0 0 0 0 0 0 0 0 0 0 0 0 0 0 0 
0 0 0 0 0 0 0 0 0 0 0 0 0 0 0 0 0 0 0 0 0 0 0 0 0 0 0 0 0 0 0 0 0 0 0 0 0 0 0 0 0 0 0 0 0 0 0 0 0 0 0 
