1677.88 1645.3 1658.25 1666.34 1635.54 1632.69 1686.46 1684.62 1640.28 1748.93 1617.68 1608.94 1613.32 1624.96 1645.81 1668.47 1673.53 1644.97 1695.37 1701.35 1688.11 1660.11 1709.63 1663.12 1610.78 1664.25 1720.39 1608.11 1642.62 1705.29 1719.71 1634.02 1727.6 1691.44 1630.94 1682.03 1644.34 1652.22 1690.96 1695.93 1703.63 1700.48 1673.16 1687.83 1583.06 1618.03 1647.53 1731.5 1588.18 1661.75 1641.21 
1406.46 1389.9 1371.43 1418.82 1301.99 1392.06 1362.7 1362.83 1322.92 1374.05 1333.51 1375.47 1385.37 1371.8 1323.62 1389.56 1375.45 1332.24 1369.24 1374.84 1377.82 1332.21 1363.34 1371.42 1346.65 1392.73 1392.31 1352.39 1350.26 1341.37 1393.05 1349.78 1364.54 1340.45 1390.44 1307.02 1396.76 1343.64 1334.9 1330.9 1392.03 1391.6 1391.52 1313.15 1378.83 1396.82 1379.34 1352.32 1337.88 1343.48 1337.58 
1155.45 1243.18 1216.51 1227.05 1236.44 1163.84 1247.07 1189.93 1233.76 1213.98 1213.23 1196.57 1202.04 1159.41 1218.21 1204.88 1173.09 1174.06 1214.38 1230 1175.01 1182.28 1217.89 1240.06 1175.16 1229.49 1196.19 1183.7 1142.6 1178.33 1150.58 1158.98 1214.49 1204.17 1210.92 1194.49 1221.16 1211.68 1189.35 1233.49 1210.65 1220.58 1135.67 1241.46 1225.75 1245.66 1241.03 1190.26 1222.38 1218.45 1195.34 
1049.32 1051.95 1026.42 1047.88 1061.57 1071.73 1045.12 1036.51 1028.75 1051.63 1057.66 1029.49 1021.05 1029.27 1023.96 1044.02 1085.4 1005.78 1036.99 1037.82 1013.81 1005.5 1084.05 1038.82 1050.1 1073.8 1030.93 1077.78 1078.35 1067.57 1049.72 1052.06 1016.01 1067.8 979.552 1059.72 1092.91 1024.28 1100.76 1032.05 1004.31 1077.75 1027.68 1065.73 1053.03 1044.89 1058.88 1055.94 984.47 1031.67 1095.87 
921.963 936.463 925.159 904.627 945.893 905.083 901.017 929.853 939.809 924.206 921.644 943.387 936.821 890.087 943.92 957.88 882.287 950.029 914.26 928.162 869.194 951.667 911.051 922.416 925.869 916.244 941.808 961.123 928.125 946.798 946.763 926.188 895.216 932.886 929.784 912.334 893.457 897.735 930.127 808.386 955.468 885.887 917.843 920.256 959.724 925.119 939.801 916.319 937.325 881.039 926.13 
828.724 859.242 851.385 864.505 849.069 832.49 858.541 790.318 847.188 838.907 774.38 822.853 818.433 865.811 812.647 840.469 832.534 868.051 832.642 858.879 833.93 816.218 806.819 841.585 862.258 849.456 832.455 846.495 857.365 853.666 838.388 828.548 829.284 846.818 835.414 846.445 848.63 820.334 823.901 808.386 830.226 830.53 834.145 869.602 837.348 783.555 842.353 830.353 814.431 819.466 852.728 
809.565 804.883 769.076 748.358 768.247 760.578 782.399 790.016 802.857 763.879 739.042 759.346 775.551 784.771 768.192 801.325 757.922 809.283 797.443 797.263 781.719 795.548 744.639 793.412 811.371 768.065 779.05 777.218 782.014 782.361 770.303 774.695 753.384 777.227 774.78 770.446 772.357 752.134 787.682 797.208 787.318 789.803 741.463 765.744 784.342 769.578 813.113 751.914 753.265 783.115 800.051 
694.04 736.029 675.175 716.285 712.844 706.332 721.214 669.795 679.678 677.333 696.354 639.99 717.625 706.763 659.531 714.846 696.995 717.775 699.547 687.545 706.917 709.713 689.388 709.007 679.199 723.546 702.158 702.373 706.743 715.133 715.322 700.683 727.547 708.836 682.639 699.051 717.072 709.419 686.393 676.613 741.706 728.679 682.089 674.786 694.111 714.861 713.285 688.824 706.073 712.063 719.196 
619.801 651.841 652.779 677.825 688.32 623.926 665.022 642.469 652.346 593.183 689.513 612.959 641.051 648.089 656.918 642.48 650.774 673.408 651.7 647.602 675.449 652.194 616.222 624.102 661.87 671.243 681.461 660.612 643.426 666.242 668.815 654.063 659.772 649.951 661.072 656.174 670.152 663.595 670.139 658.998 663.658 579.146 646.147 660.283 661.674 635.237 643.112 657.277 665.266 649.449 665.932 
606.452 618.051 589.014 634.269 618.108 601.231 615.175 620.077 605.769 581.037 600.351 593.407 586.438 596.355 598.661 621.066 588.439 618.801 625.099 583.462 604.986 614.776 581.962 561.555 594.081 580.937 634.034 596.855 616.291 610.192 617.364 619.029 593.073 603.859 630.881 619.095 642.7 630.724 615.955 580.103 623.126 566.393 617.155 585.748 606.153 565.467 610.26 585.595 592.408 623.837 602.413 
525.059 526.933 491.263 538.785 534.151 552.328 519.806 476.143 546.21 492.303 535.546 524.31 527.27 509.152 498.882 516.824 505.407 512.971 516.598 512.946 493.175 504.585 447.809 524.647 493.084 507.257 476.726 488.521 495.835 528.234 489.062 527.253 530.627 550.767 521.029 526.496 512.533 515.313 531.415 488.391 523.307 520.354 513.048 512.987 498.26 517.748 534.336 505.878 488.864 448.184 519.702 
354.015 318.345 334.076 338.986 377.418 357.074 338.66 328.494 355.707 347.892 360.048 370.062 348.612 339.414 340.195 352.783 295.02 334.375 345.52 339.541 350.405 325.752 320.754 386.628 350.261 334.747 355.899 322.978 349.448 364.982 391.503 379.09 370.834 374.6 337.656 371.717 346.969 351.701 341.457 337.264 335.728 349.589 326.942 330.462 347.221 327.185 356.729 370.637 378.642 303.017 366.593 
218.696 216.237 211.941 222.274 211.215 230.316 241.184 210.443 218.353 222.257 199.895 215.76 223.164 215.809 205.586 217.744 196.681 211.561 203.229 228.609 193.597 229.038 206.897 232.074 209.42 232.506 217.801 209.908 229.015 226.784 237.278 216.374 220.606 207.227 195.395 221.415 214.523 201.952 214.915 201.61 211.48 208.693 216.738 199.134 214.673 205.957 225.34 228.879 218.383 203.92 236.528 
44.2109 46.8385 42.5696 48.459 34.1391 49.6113 46.734 45.7443 38.0586 36.6624 45.4812 38.7677 55.2302 53.3655 43.3234 44.3361 40.8139 49.8729 44.0491 44.7461 39.0281 44.9857 47.9221 38.8081 42.5516 48.9272 48.4588 49.6417 30.0994 52.4528 48.2905 43.623 38.5794 42.1971 38.3395 41.0186 38.1736 34.7909 44.1931 60.0376 46.0491 38.0354 47.9026 43.621 41.6263 41.659 47.5766 41.3596 45.9652 43.8337 36.5355 
