25591.1 24770.1 28056 45112.5 28052.6 24364.2 20550.9 18743.4 32342.7 33799.2 22867.7 29056.2 21875.9 40530.5 29989.8 27755.8 19785.2 36681.9 26155.8 18066 30430.9 37460.9 32215.4 34791.3 33021.5 27728.1 28190.3 21543.2 42640.1 37134.3 24788.1 28999.9 19002.3 32891.8 20671.9 24983.3 22108.2 30730.2 26842.5 21196.4 28106.3 31137.6 29443.3 28181.8 24796.1 27214.2 34363.1 18528.4 29656.3 32417.8 34777.1 
18555.1 20221.9 20433.9 22202.7 20269.7 20052.9 20550.9 18743.4 18959.1 14061.5 18312.5 16595.3 17852.2 24019.5 18847.7 15820.5 16063.1 20659 20138.4 18066 25692.7 26379.3 20391.2 25762.1 16294.7 19764.6 24889.9 18503.1 26146 20454.8 21530.1 22895.1 19002.3 14084.9 20671.9 24983.3 15844.8 20512.2 22606.7 18946.4 20155.3 22746.2 17429.1 22191.9 18957.1 19042.6 17661.1 17875.7 21126 15238.8 14439.4 
15135.7 12808.2 9393.52 15982.3 12994.5 9708.13 13908.9 12801.6 11317.2 11357.4 12834.5 15493.5 11689.1 13144.4 12523.8 9456.22 12755.9 12316 14637.6 18023.1 9905.56 12386.7 18366.7 13822.1 9201.53 12648 12985.6 14128.3 17121.9 11792.1 13197.1 13411.2 14216.5 12020.9 14390.2 11505.5 15724.5 10152.9 11913.3 11305.1 13567.2 14196.8 13251 12509.3 14407.6 12879.6 14051.7 13587.5 12106.6 15238.8 13516.5 
6069.36 5024.36 4326.46 4260.93 5737.56 5320.32 6247.43 4765.34 4624.22 5843.59 5459.71 4700.56 4000.98 4721.95 4503.66 3807.86 4646.81 3599.6 4791.01 5597.24 4793.4 4930.74 7037.58 5107.3 5150.37 4326.62 5364.22 4996.2 6666.59 4757.11 4822.49 4818.78 5140.51 4515.42 5490.67 6302.75 3315.18 5510.27 3544.85 4164.03 5062.15 4697.84 4011.74 5147.96 2743.67 4096.37 5777.68 4376.4 4704.11 6687.37 3384.22 
892.728 831.899 786.202 883.396 777.498 705.4 742.239 912.663 809.113 751.984 853.336 866.638 704.187 630.043 779.023 767.898 737.16 762.332 797.719 843.093 793.048 905.996 728.78 835.022 688.771 681.507 793.548 722.795 905.037 913.669 772.745 726.044 810.84 744.503 848.27 857.19 813.765 864.807 644.374 756.593 821.515 847.396 754.677 878.245 759.377 962.522 850.947 842.91 806.293 1019.53 894.698 
209.224 209.308 192.198 194.784 192.044 189.499 201.815 191.755 197.301 203.573 184.777 206.351 192.9 211.403 203.77 210.132 221.193 206.671 175.158 210.469 191.06 204.468 202.096 204.403 204.417 197.368 179.426 206.663 209.681 189.797 208.273 203.406 188.956 207.627 206.586 177.099 211.878 201.97 211.452 203.642 202.352 181.169 198.11 203.522 200.41 200.776 174.08 214.081 196.063 209.786 212.909 
146.457 147.641 169.347 136.599 142.291 143.549 125.024 136.473 135.711 153.612 162.717 139.567 153.578 154.926 158.523 163.318 144.496 150.233 153.296 153.783 161.467 153.627 144.644 157.776 144.75 156.601 150.613 155.826 163.454 145.907 153.989 155.121 156.543 158.191 162.677 163.602 164.896 152.502 140.484 157.901 147.662 155.54 153.819 160.758 153.744 156.604 150.824 162.222 152.659 155.001 141.076 
112.499 125.099 120.321 117.225 113.205 126.585 96.2027 117.726 103.525 110.993 106.177 111.545 132.232 128.668 119.466 122.523 125.024 121.679 133.415 121.497 120.884 128.186 119.422 112.329 144.75 115.913 109.554 128.457 121.514 106.469 117.586 106.032 109.373 118.232 127.819 117.631 122.77 103.06 98.4748 112.978 131.808 114.667 113.425 126.114 129.247 104.126 112.88 115.326 122.169 129.064 126.472 
100.957 93.2637 109.082 96.369 71.8443 106.479 92.6044 98.3803 97.9908 91.1623 78.4219 96.7068 110.67 105.905 97.6818 112.644 109.753 109.359 98.4505 96.538 82.447 99.8514 99.6032 96.6715 98.1567 92.7717 89.9845 97.2515 107.71 93.6358 80.1908 96.2271 94.0182 98.9579 92.8003 99.3354 99.1151 83.8689 92.0884 108.086 96.6911 92.6264 88.9891 92.1405 87.1489 100.4 101.294 99.262 96.4809 95.5136 105.286 
78.214 70.6061 86.5695 91.5473 65.2003 86.831 74.2436 79.8675 72.4393 83.534 72.8621 82.4868 92.8557 67.1071 75.2096 86.9811 83.6158 76.0739 77.5329 57.9799 78.5642 84.1122 89.0611 70.4315 89.3829 71.1859 74.5057 80.6511 87.0611 73.8314 73.4671 85.3855 65.6182 82.679 78.9094 76.0707 89.6149 76.6784 68.5867 62.8097 72.9332 72.067 67.5743 77.5837 67.0917 81.4884 71.7883 78.068 71.4536 76.6695 68.4489 
66.4345 55.2799 71.2105 73.4127 61.4439 65.6136 60.7686 64.5662 58.895 61.559 50.369 67.9934 67.2555 61.2871 60.0425 73.7255 72.0262 69.7101 67.2152 36.7914 60.7167 65.8323 71.2346 52.6312 78.0427 66.2113 52.3738 63.5889 76.2934 62.3578 59.6475 62.8918 49.1172 63.2528 70.1279 57.26 69.3329 58.3879 57.2775 55.3257 60.2907 57.514 60.6501 60.6607 57.7918 61.747 59.5937 32.7607 64.0867 75.9693 59.1004 
46.7738 46.1895 54.0897 55.5444 49.8104 41.1181 46.2826 54.2427 52.8932 51.675 27.3276 30.1587 48.9588 40.3352 51.4926 57.7232 57.4594 59.9392 57.9365 32.1374 51.4109 54.0403 60.0625 24.3269 59.1469 53.5937 30.148 47.6888 62.3082 52.8784 32.1449 46.9639 39.9888 42.6248 53.8288 46.12 55.4664 46.4761 48.2804 46.165 46.4491 43.8781 46.1141 52.175 29.3409 26.7045 36.7473 31.1424 43.867 60.1031 46.6502 
38.1439 26.1683 37.5951 37.0797 37.938 32.1374 36.3763 39.1918 31.1434 31.1424 25.2296 30.1474 39.5213 23.538 37.7473 40.1821 42.7052 42.1933 40.0106 32.1374 36.8442 36.0202 36.4337 24.2346 38.9393 41.8516 30.1474 39.6578 42.4656 37.494 32.1374 34.0668 29.9848 29.1525 35.886 33.8281 37.9701 26.366 26.2249 37.0824 23.2425 27.1626 33.7034 39.2563 27.2195 23.2397 21.271 31.1424 32.3787 42.6531 34.7952 
26.2444 26.1676 31.1427 26.403 22.3847 32.1374 31.1936 28.1609 31.1424 31.1424 25.2296 30.1474 32.1577 23.2396 32.1594 30.1507 31.1602 31.1749 26.4534 32.1374 23.4678 25.1792 30.1475 24.2346 31.1431 32.1377 30.1474 28.5215 29.154 29.1554 32.1374 22.6122 22.6314 29.1525 29.1693 25.1929 28.1599 24.2346 26.2245 26.4197 23.2396 27.1626 31.1424 26.4824 27.2195 23.2396 21.2497 31.1424 29.1525 32.2108 23.2726 
