36136.9 30292.7 20318.9 21049.2 18421.4 21993.7 20942.9 24468.7 19425.8 24246.1 25776.7 28983.6 19664.6 24068.5 19111.1 29311.6 20156.2 26719.6 14472.1 37698.2 27852.5 27052.6 21888.4 21359.2 11105.6 21253.3 15268 15102 34057.7 20264 16482.4 21114.9 28580.4 20527.5 16537.1 20543.4 12800.1 20223.5 27135 11512.7 30075.2 12438.8 24590.8 20838.3 14917.6 21416.8 18648.7 14105.9 35457 25024.2 20764.5 
16123 20639.7 14528.3 8950.01 15617.4 8903.83 12224.4 10277.2 6939.86 8365.37 18432.3 17542.4 13989.3 10517.3 13136.4 6529.96 12895.3 17683.9 7196.01 16409.3 19801.8 16481.2 8801.91 15752.8 11105.6 10147.6 14273.4 9679.46 12690.6 16486.5 16150.2 18264.1 11783.8 13585.4 12528.6 11788.7 12800.1 13213.5 15217.7 11512.7 14436.7 10968.6 11760.1 9494.1 14917.6 20299.2 18648.7 11755.6 12825.7 10036.5 17606.6 
13683.2 9017.23 13910.3 8909.18 7899.37 8903.83 12224.4 6518.11 6939.86 8365.37 6564.93 8746.15 4369.67 10360.5 10727.2 6529.96 6966.25 12074.6 7196.01 9577.09 14835.4 11386 8801.91 7669.85 10504.2 10052.1 12138 9460.24 10835.2 12116.8 11548.3 10871.8 9085.17 8726.2 9591.57 11788.7 9914 11008 10931.1 7744.45 9895.25 7823.45 11760.1 9331.88 12505.2 5749.83 15113.8 10084.7 8916.8 5162.8 13377.9 
6042.68 3539.34 4995.1 3797.21 3328.17 5719.56 2464.7 3471.66 3501.15 5649.21 2210.34 6297.22 4127.04 3646.55 5569.13 1707.34 4008.89 5854.78 2541.38 4969.51 5364.15 5346.09 3196.12 3442.93 2305.74 4465.99 3315.28 2993.42 5319.52 7194.44 5361.57 2556.61 5932.34 1517.21 3798.5 3648.16 4235.93 4874.87 4838.56 3972.43 3311.74 5090.43 2755.37 6013.47 3742.96 4467.31 4715.11 3644.84 1025.17 2862.18 6444.18 
112.088 390.305 449.433 147.141 290.688 402.257 264.448 243.722 394.094 234.319 320.936 242.807 190.099 131.797 366.618 294.777 301.184 244.722 218.071 299.382 290.074 225.9 220.716 175.243 231.218 283.456 284.672 363.207 224.972 476.13 318.924 308.851 366.645 168.42 169.332 383.767 266.861 317.991 337.253 292.415 208.035 198.078 227.704 427.613 356.451 319.131 208.756 116.864 283.893 264.133 260.197 
0.39323 0.75382 0.617407 0.499716 0.748212 0.666455 0.48452 0.261587 0.615905 0.465141 0.41869 0.607913 0.596579 0.603977 0.388487 0.243242 0.55642 0.501358 0.276582 0.360025 0.657252 0.307784 0.657409 0.218873 0.575453 0.482439 0.371489 0.842424 0.354134 0.470213 1.20565 0.5162 0.538826 0.246784 0.612655 0.478261 0.412451 0.585529 0.677298 0.5594 0.349082 0.432893 0.620066 1.13882 0.543751 0.248142 0.598717 0.290421 0.650685 0.286648 0.680661 
8.747e-05 0.000101649 8.69144e-05 5.79498e-05 5.43956e-05 0.000282776 0.000111911 3.44926e-05 6.25653e-05 8.94726e-05 0.000130872 7.61296e-05 3.4172e-05 0.000167356 6.29714e-05 9.09917e-05 6.12221e-05 0.000126258 0.000101411 9.63426e-05 0.000157866 7.85788e-05 0.000189934 6.66464e-05 7.2205e-05 5.50713e-05 0.000122468 0.000216311 8.93404e-05 7.7098e-05 0.00017559 0.000122864 7.64981e-05 0.000145623 4.92439e-05 7.77185e-05 3.37261e-05 0.000122772 8.12278e-05 8.39901e-05 0.000172887 0.00023498 7.16385e-05 0.000105066 8.22916e-05 5.53679e-05 0.000128279 9.36604e-05 0.00020445 7.21082e-05 0.000106116 
0 0 0 0 0 0 0 0 0 0 0 0 0 0 0 0 0 0 0 0 0 0 0 0 0 0 0 1.15807e-08 0 0 0 0 0 0 0 0 0 0 0 0 0 0 0 1.59464e-08 0 0 0 0 0 0 0 
0 0 0 0 0 0 0 0 0 0 0 0 0 0 0 0 0 0 0 0 0 0 0 0 0 0 0 0 0 0 0 0 0 0 0 0 0 0 0 0 0 0 0 0 0 0 0 0 0 0 0 
0 0 0 0 0 0 0 0 0 0 0 0 0 0 0 0 0 0 0 0 0 0 0 0 0 0 0 0 0 0 0 0 0 0 0 0 0 0 0 0 0 0 0 0 0 0 0 0 0 0 0 
0 0 0 0 0 0 0 0 0 0 0 0 0 0 0 0 0 0 0 0 0 0 0 0 0 0 0 0 0 0 0 0 0 0 0 0 0 0 0 0 0 0 0 0 0 0 0 0 0 0 0 
0 0 0 0 0 0 0 0 0 0 0 0 0 0 0 0 0 0 0 0 0 0 0 0 0 0 0 0 0 0 0 0 0 0 0 0 0 0 0 0 0 0 0 0 0 0 0 0 0 0 0 
0 0 0 0 0 0 0 0 0 0 0 0 0 0 0 0 0 0 0 0 0 0 0 0 0 0 0 0 0 0 0 0 0 0 0 0 0 0 0 0 0 0 0 0 0 0 0 0 0 0 0 
0 0 0 0 0 0 0 0 0 0 0 0 0 0 0 0 0 0 0 0 0 0 0 0 0 0 0 0 0 0 0 0 0 0 0 0 0 0 0 0 0 0 0 0 0 0 0 0 0 0 0 
