7572 5124.12 9344.51 9920.69 6975.24 6919.82 8032.44 6365.23 10479.1 10606.1 10106 7472.08 10568.6 8649.41 7205.8 9162.37 7366.79 5022.4 5666.33 7262.53 5733.17 7288.75 7745.23 9914.69 11655 7451.08 8077.81 8671.24 8346.18 8870.53 10637.5 5260.4 8444.69 9824.05 11648.3 9462.06 11842.6 5986.57 5998.34 9474.09 8597.91 8778.92 8921.35 9413.16 8701.45 7266.88 11935.5 8604.98 9166.47 9041.46 6258.87 
3417.73 2221.09 2485.35 2501.86 2761.13 3539 2099.02 1904.61 3513.58 4130.84 2977.9 2368.97 3670.19 3192.08 3592.9 2923.11 1471.39 2452.52 3191.17 2573.07 2267.08 2116.97 2011.13 2559.51 2876.17 2728.87 3732.06 2204.43 3509.34 2195.43 3582.14 1646.12 2780.18 3612.4 3620.12 2166.86 3286.1 2792.67 2362.51 2398.38 3516.74 2446.44 3085.1 2921.66 2161.27 2868.15 2983.05 2356.73 2721.92 2664.83 2401.47 
1120.12 690.945 838.147 1225.23 891.478 1624.22 842.35 978.511 1007.6 1458.37 1469.27 1347.3 1318.89 1330.91 1123.89 1068.62 1134.42 889.907 1079.18 1272.53 1252.44 1419.37 682.861 1188.84 1355.23 1422.27 1337.42 1302.45 1228.3 1339.05 1169.76 1079.7 969.606 1482.36 1140.7 1292.18 1260.74 1148.84 934.143 1378.67 1149.69 1416.07 1182.47 894.072 1075.71 1010.82 1530.27 988.161 1264.45 1163.98 1129.24 
414.81 442.147 545.015 407.762 426.747 492.452 433.846 427.556 547.105 525.299 506.802 478.932 569.246 504.794 487.875 436.553 395.379 411.617 446.628 426.877 442.354 351.692 423.569 434.074 445.461 445.347 484.939 446.02 526.115 378.562 533.248 458.583 483.041 523.926 451.765 514.693 474.129 357.289 471.005 398.679 450.958 499.009 513.437 515.053 539.54 535.244 584.699 481.652 335.963 587.547 477.345 
170.955 168.452 163.01 150.833 168.842 163.075 142.551 155.736 175.32 171.715 165.843 179.781 161.919 166.813 172.958 176.062 155.683 164.995 163.658 153.103 149.872 151.557 147.357 160.442 165.998 163.577 185.704 165.787 168.967 159.217 160.331 180.7 162.758 162.947 168.91 163.589 170.518 171.081 159.416 171.681 167.176 183.313 158.26 147.142 162.16 181.537 189.49 154.597 154.856 166.73 159.354 
90.06 91.1463 89.5913 87.4642 96.2288 88.8724 87.7143 88.6546 89.4748 90.4796 89.069 89.1086 89.4725 89.4215 89.9939 91.6475 88.7773 88.4665 88.5073 89.3424 90.6518 88.3548 89.0022 88.3312 89.607 89.7208 89.5775 88.9983 90.1173 88.6189 88.3291 90.1758 91.0717 90.2005 91.1179 87.699 89.4613 90.8835 88.5655 89.6416 89.4597 89.4826 88.9097 89.2875 90.1382 90.9579 92.2539 88.9627 89.8359 88.355 88.7811 
85.5468 85.9715 84.6319 83.4946 88.632 84.1718 83.7977 83.8131 84.4236 84.9815 84.5128 83.9249 84.4645 84.5269 85.7449 86.3779 84.1122 84.2364 83.8851 84.5456 86.0014 83.9996 84.4698 83.897 84.6421 84.8207 84.3537 84.4397 85.7874 84.2501 84.3734 84.7326 85.9131 84.6676 86.3671 83.6059 84.2652 85.9322 83.8413 84.3794 85.1234 84.9752 84.3341 84.8219 84.9903 85.2196 86.4406 84.8212 85.2828 84.0329 84.5307 
64.7766 69.0524 59.4507 58.6553 65.2652 59.2036 58.8345 58.931 59.3634 59.515 60.3508 58.8851 59.4109 59.528 62.4761 83.2945 59.2056 59.2832 58.8819 59.5376 69.9379 59.2854 60.0429 58.9544 59.4567 61.679 59.1143 59.6448 75.1757 59.3827 59.4118 61.6935 72.3873 60.0276 83.1878 58.7651 59.3853 68.3093 58.8974 59.3124 63.7694 64.2825 59.296 60.3876 60.437 62.8351 83.3329 60.7731 63.2535 59.3161 59.4138 
58.5617 58.5629 58.5616 58.5616 64.1175 58.5616 58.5616 58.5616 58.5616 58.5616 58.5616 58.5616 58.5616 58.5616 58.5618 58.5647 58.5616 58.5616 58.5616 58.5616 58.5635 58.5616 58.5616 58.5616 58.5616 58.5617 58.5616 58.5616 58.5627 58.5616 58.5616 58.5617 58.5619 58.5616 58.5629 58.5616 58.5616 58.562 58.5616 58.5616 58.5617 58.5617 58.5616 58.5616 58.5616 58.562 58.5643 58.5616 58.5619 58.5616 58.5616 
58.5616 58.5616 58.5616 58.5616 64.1174 58.5616 58.5616 58.5616 58.5616 58.5616 58.5616 58.5616 58.5616 58.5616 58.5616 58.5616 58.5616 58.5616 58.5616 58.5616 58.5616 58.5616 58.5616 58.5616 58.5616 58.5616 58.5616 58.5616 58.5616 58.5616 58.5616 58.5616 58.5616 58.5616 58.5616 58.5616 58.5616 58.5616 58.5616 58.5616 58.5616 58.5616 58.5616 58.5616 58.5616 58.5616 58.5616 58.5616 58.5616 58.5616 58.5616 
58.5616 58.5616 58.5616 58.5616 64.1174 58.5616 58.5616 58.5616 58.5616 58.5616 58.5616 58.5616 58.5616 58.5616 58.5616 58.5616 58.5616 58.5616 58.5616 58.5616 58.5616 58.5616 58.5616 58.5616 58.5616 58.5616 58.5616 58.5616 58.5616 58.5616 58.5616 58.5616 58.5616 58.5616 58.5616 58.5616 58.5616 58.5616 58.5616 58.5616 58.5616 58.5616 58.5616 58.5616 58.5616 58.5616 58.5616 58.5616 58.5616 58.5616 58.5616 
58.5616 58.5616 58.5616 58.5616 64.1174 58.5616 58.5616 58.5616 58.5616 58.5616 58.5616 58.5616 58.5616 58.5616 58.5616 58.5616 58.5616 58.5616 58.5616 58.5616 58.5616 58.5616 58.5616 58.5616 58.5616 58.5616 58.5616 58.5616 58.5616 58.5616 58.5616 58.5616 58.5616 58.5616 58.5616 58.5616 58.5616 58.5616 58.5616 58.5616 58.5616 58.5616 58.5616 58.5616 58.5616 58.5616 58.5616 58.5616 58.5616 58.5616 58.5616 
58.5616 58.5616 58.5616 58.5616 64.1174 58.5616 58.5616 58.5616 58.5616 58.5616 58.5616 58.5616 58.5616 58.5616 58.5616 58.5616 58.5616 58.5616 58.5616 58.5616 58.5616 58.5616 58.5616 58.5616 58.5616 58.5616 58.5616 58.5616 58.5616 58.5616 58.5616 58.5616 58.5616 58.5616 58.5616 58.5616 58.5616 58.5616 58.5616 58.5616 58.5616 58.5616 58.5616 58.5616 58.5616 58.5616 58.5616 58.5616 58.5616 58.5616 58.5616 
58.5616 58.5616 58.5616 58.5616 64.1174 58.5616 58.5616 58.5616 58.5616 58.5616 58.5616 58.5616 58.5616 58.5616 58.5616 58.5616 58.5616 58.5616 58.5616 58.5616 58.5616 58.5616 58.5616 58.5616 58.5616 58.5616 58.5616 58.5616 58.5616 58.5616 58.5616 58.5616 58.5616 58.5616 58.5616 58.5616 58.5616 58.5616 58.5616 58.5616 58.5616 58.5616 58.5616 58.5616 58.5616 58.5616 58.5616 58.5616 58.5616 58.5616 58.5616 
