1.13553e+08 5.98481e+07 8.57048e+07 5.76926e+07 1.14982e+08 9.98095e+07 8.71635e+07 9.44883e+07 6.35162e+07 7.7791e+07 1.34394e+08 9.50671e+07 9.17112e+07 1.14157e+08 8.71278e+07 8.74727e+07 9.59479e+07 6.02167e+07 1.01863e+08 9.61154e+07 1.02961e+08 8.06336e+07 1.01924e+08 6.35807e+07 7.01844e+07 1.16188e+08 7.75873e+07 8.95162e+07 9.65422e+07 7.59606e+07 4.07063e+07 1.29298e+08 1.15601e+08 6.32689e+07 7.23471e+07 7.541e+07 7.40854e+07 9.72339e+07 5.18317e+07 1.03858e+08 5.71236e+07 8.06935e+07 1.01049e+08 1.08065e+08 6.93666e+07 1.12709e+08 1.00259e+08 6.40902e+07 8.6529e+07 8.0804e+07 5.2853e+07 
3.84629e+07 3.93505e+07 3.39533e+07 4.04259e+07 5.37929e+07 3.26664e+07 2.59631e+07 4.76879e+07 4.72834e+07 4.01408e+07 4.36592e+07 4.5388e+07 3.45595e+07 3.54093e+07 4.59249e+07 5.26324e+07 3.8824e+07 3.71183e+07 5.09194e+07 4.16983e+07 4.38619e+07 4.41103e+07 5.10721e+07 4.87935e+07 5.30589e+07 4.384e+07 4.26407e+07 4.34155e+07 4.46331e+07 4.67141e+07 4.07063e+07 1.72145e+07 4.38997e+07 3.36842e+07 4.84435e+07 3.15961e+07 4.8422e+07 3.3129e+07 5.18317e+07 3.65903e+07 5.35856e+07 2.93036e+07 3.70034e+07 3.4686e+07 4.8496e+07 4.33422e+07 4.46025e+07 4.18967e+07 2.11734e+07 2.27059e+07 3.4223e+07 
2.22119e+07 2.72829e+07 2.03801e+07 1.92115e+07 3.44421e+07 2.62779e+07 2.30727e+07 3.31485e+07 1.50791e+07 2.26767e+07 2.17296e+07 2.28829e+07 2.16131e+07 1.48823e+07 1.33262e+07 2.67476e+07 2.52225e+07 2.58901e+07 1.77091e+07 2.31038e+07 1.82962e+07 3.18558e+07 2.74843e+07 2.78751e+07 3.13625e+07 1.5067e+07 2.33562e+07 2.98397e+07 2.33523e+07 2.27163e+07 2.34214e+07 1.72145e+07 8.84194e+06 3.09679e+07 2.921e+07 3.12952e+07 2.41973e+07 2.69522e+07 3.24132e+07 1.75818e+07 2.34455e+07 2.54876e+07 1.99712e+07 2.41999e+07 1.43596e+07 2.27726e+07 2.43401e+07 2.57402e+07 2.11734e+07 2.27059e+07 2.51869e+07 
7.29767e+06 7.25865e+06 8.84542e+06 9.595e+06 6.92289e+06 9.02676e+06 8.55214e+06 9.22298e+06 7.25716e+06 4.33338e+06 1.00438e+07 8.80449e+06 9.41394e+06 9.59191e+06 8.63843e+06 8.89245e+06 6.40877e+06 6.89039e+06 7.93002e+06 8.05361e+06 9.84071e+06 8.48452e+06 8.43475e+06 9.61521e+06 9.05318e+06 9.25176e+06 8.73975e+06 9.33677e+06 7.27928e+06 9.51959e+06 7.3681e+06 5.58592e+06 6.78003e+06 6.60442e+06 4.27041e+06 8.29287e+06 5.35013e+06 8.96301e+06 1.04188e+07 8.49779e+06 9.28656e+06 9.3696e+06 1.12303e+07 7.8208e+06 6.5426e+06 8.85037e+06 7.37971e+06 8.81009e+06 6.37351e+06 6.8893e+06 6.96922e+06 
564775 562836 593781 604830 533359 588174 534430 757527 640172 624964 601004 454726 533395 546409 491867 457801 562870 574596 675232 621804 557195 582751 538709 529425 530060 418655 551519 594306 404489 325843 601883 435529 626865 387145 525216 392733 563815 665002 527587 528136 628582 405948 547063 566563 416150 737197 629606 549693 670970 386347 485652 
2097.09 2558.37 2839.55 2891.28 2409.32 2149.74 2323.25 2779.37 2485.63 2503.54 2721.4 2551.54 2539.51 2887.97 1858.52 2880.94 2807.76 2598.88 3059.1 1997.91 2530.83 2441.76 2783.26 2836.7 2910.22 2677.59 2621.7 2042.86 3117.61 2335.98 2865.29 2465.28 3401.95 1942.85 2753.64 2383.05 2427.93 2457.94 2820.18 2083.85 2526.77 2152.99 3230.6 2267.13 2803.74 2395.47 2900.23 2544.03 3020.82 2468.81 2285.64 
418.25 399.24 411.747 415.683 394.128 368.26 392.182 405.198 424.884 375.275 417.203 375.161 427.273 390.447 426.267 392.982 433.716 393.01 401.701 378.194 427.062 435.742 384.74 422.568 397.209 368.821 416.437 431.808 402.389 395.025 419.717 407.912 416.242 378.342 383.209 386.374 376.881 377.725 399.718 416.263 420.03 374.577 390.429 437.369 420.512 407.281 402.872 378.961 413.349 419.498 398.58 
346.882 309.017 341.108 330.221 329.447 327.418 326.931 338.704 353.209 307.922 335.64 325.177 324.078 330.154 357.991 304.937 341.714 331.271 316.713 313.709 353.85 337.025 335.592 341.936 327.98 317.415 322.674 344.47 323.823 308.867 370.33 334.769 315.747 312.065 318.677 331.421 336.516 321.883 309.065 349.796 345.002 312.119 323.303 347.279 352.719 330.59 344.445 336.708 320.523 316.761 349.035 
304.879 292.985 309.579 311.839 280.843 277.999 293.845 274.098 305.804 266.496 323.479 280.912 288.783 283.817 292.583 278.388 286.742 288.709 295.429 309.797 303.639 279.792 248.237 303.01 301.079 283.585 274.243 310.53 292.681 255.254 299.196 304.156 287.386 256.676 274.983 281.935 287.347 277.758 262.498 300.05 297.674 260.819 254.513 309.483 297.958 281.602 302.677 281.847 268.705 296.616 285.85 
219.277 238.14 238.39 253.145 206.3 245.374 221.273 223.011 255.153 233.54 282.662 245.206 71.8859 232.644 125.092 178.018 247.01 241.188 237.651 252.141 242.316 226.395 183.838 235.151 258.569 204.084 254.761 243.832 227.178 232.777 272.499 263.916 241.365 223.725 210.116 261.791 213.1 238.554 231.483 280.495 259.969 221.99 230.56 261.34 251.086 172.035 132.01 240.802 240.913 265.977 217.463 
53.9937 56.8958 71.6938 68.7424 70.7907 56.8198 56.9114 62.5898 66.482 189.436 98.5767 103.346 53.683 62.1362 93.1883 57.5035 73.1447 55.0188 213.544 70.4454 66.3511 147.925 49.1687 76.8117 75.8379 65.8677 140.28 198.016 68.478 65.5097 205.198 90.5366 79.0914 223.015 64.9743 223.13 77.2363 227.45 68.1431 217.106 237.432 64.0266 78.7553 74.0375 89.0547 74.5701 72.521 70.146 73.8911 149.93 61.443 
50.3188 54.2203 70.079 67.0413 69.8792 53.2402 54.3606 61.9394 60.3811 44.9533 95.4983 54.1496 53.0364 59.1074 91.6835 56.9744 69.9468 52.9907 65.4619 66.9274 62.6541 63.8442 48.5041 75.8279 73.2297 64.0442 66.0714 70.1555 63.6747 64.3815 77.3437 89.8277 64.5031 55.5412 63.1058 75.3965 76.0508 50.6114 67.2033 71.8326 78.4086 63.0297 60.9202 72.1443 63.1859 73.004 71.8283 66.6125 59.7252 49.2263 57.3257 
49.7336 53.9946 69.9077 66.8536 69.7697 53.1359 54.0218 61.908 59.9934 44.0984 94.8902 53.9388 52.9274 58.4704 91.6622 56.9256 69.843 52.9155 64.7322 66.3079 62.231 63.028 48.3865 75.7679 72.9527 63.8605 65.0606 68.6427 63.0391 64.0751 76.2905 89.796 63.9261 54.5332 62.8623 74.8351 75.7958 46.9919 66.851 70.0596 78.0081 62.9073 60.3534 71.8212 62.8087 72.8496 71.8 66.0085 58.9911 48.2135 56.8716 
49.3462 53.9447 69.8348 66.8519 69.7685 53.1082 54.0192 61.9039 59.9475 44.0734 94.6998 53.928 52.8951 58.2136 91.6619 56.9249 69.8398 52.9097 64.1781 66.2323 62.0784 62.9008 48.3128 75.7677 72.9075 63.8499 64.9486 68.379 62.8875 63.9337 76.0721 89.7912 63.8853 54.3363 62.8226 74.8104 75.7864 46.8626 66.8361 69.9533 78.0038 62.9051 60.0653 71.801 62.8001 72.8081 71.7999 65.9264 58.8636 48.1368 56.8544 
