211378 316643 137764 16112.3 319554 26279.1 307206 204657 30057.7 15088.1 674677 14332.1 70235.6 77119.1 69593.8 44884.7 6687.72 127963 83961.8 25501.7 57777 29468.5 568226 68119.3 77412.7 130799 132995 132147 130318 296259 28503.6 66300.2 20604.2 500657 102974 52557.2 20519.1 4.14942e+06 59060.7 24685.9 183573 102966 150467 66021.5 53900.7 43431.2 41631.6 14312.9 221646 155610 14815.7 
25577.8 21777.8 15526.6 2850.15 27691.7 26279.1 18314.7 5750.44 5794.98 10855.7 24235.1 14055.3 14370 15902.7 18338.2 44884.7 5156.79 85149.8 4092.46 22098.5 13740.3 17983.7 17223.7 26644.7 2514.73 585.43 55512.5 25461 5436.51 69014.5 3790.02 5222.29 19672.9 115954 29538.8 15542 20519.1 6857.04 21275.3 24685.9 1932.38 13014.7 12680.1 1834.21 13043.4 19395 5169.35 14312.9 4718.6 993.356 14815.7 
930.823 4568.01 4277.07 2850.15 1192.09 7564.9 5549.01 2557.93 1224.39 263.533 12020.1 334.182 2674.74 6808.45 2326.27 8996.67 1270.08 4177.29 4092.46 18374.8 1591.15 1350.53 3698.38 4028.98 2514.73 559.335 8315.23 6422.68 5436.51 2203.39 2360.01 838.647 2367.27 2577.61 11571.5 6514.2 2917.41 6857.04 6424.88 1718.57 1932.38 2624.29 1038.59 1834.21 11094.9 1341.5 5169.35 1709.47 778.489 993.356 8223.6 
434.244 231.497 113.156 166.756 203.805 269.511 243.477 347.241 347.142 218.017 368.171 162.912 217.822 152.374 155.82 258.707 81.7069 273.016 753.485 323.538 55.4515 323.145 41.3836 134.238 237.453 55.3752 373.061 191.04 230.702 81.3014 90.7244 88.7199 574.162 308.546 779.423 58.9863 311.047 248.284 135.912 116.241 321.205 115.156 268.732 103.466 256.566 356.236 243.77 265.078 145.046 511.335 333.73 
10.4448 10.6638 12.234 12.2498 14.3948 7.80133 12.7001 8.18563 11.288 15.1255 11.7117 12.719 12.9725 9.91572 13.7953 10.6566 11.8493 13.9777 17.8656 14.4544 15.7272 10.7826 11.9753 11.1508 9.94429 12.91 12.5094 12.7133 13.5578 11.0902 9.15826 15.0992 15.3613 14.6498 14.4164 13.2107 12.8071 14.8164 12.2197 11.793 12.5906 13.9081 11.0247 12.39 10.9443 11.3261 14.8758 12.144 11.7412 11.3927 11.1936 
5.54279 4.66667 5.07778 5.67762 5.75966 5.17996 5.85894 5.31061 7.02905 5.41172 3.88848 4.4072 6.13234 4.30036 5.42771 3.60767 4.66657 4.5544 4.0285 5.83368 4.46338 5.2566 5.93156 5.96103 5.58209 5.89853 5.73925 4.66209 4.87243 4.29238 4.56412 4.968 4.94151 5.84583 4.49349 5.14752 4.13592 4.54033 5.906 4.8157 5.43869 4.5623 3.2256 5.90887 5.36142 5.362 5.50218 5.48028 6.73117 5.58478 6.07767 
2.58682 3.20223 3.51158 2.84426 3.30972 4.13895 3.2337 2.75316 2.62106 2.92205 2.84367 3.17014 2.24502 2.75107 2.49141 2.38223 2.58717 2.91204 3.58561 4.08053 2.73446 3.91136 3.01857 3.28096 2.46999 2.97555 3.3941 3.51512 3.28415 2.32838 2.54543 3.67686 3.56361 3.88438 3.10194 3.49219 2.6871 2.84352 2.86761 2.3742 2.92447 2.47175 2.6364 2.31998 2.28809 2.51254 3.63322 4.20113 2.88464 3.38472 3.13845 
1.87051 1.67031 1.95974 2.3082 2.51237 2.44079 2.52633 1.78447 1.83415 1.50824 1.92941 1.84345 1.28997 1.42733 1.35247 1.53256 1.80628 2.06188 2.25418 1.46041 1.9492 2.22035 2.09407 1.75473 1.49927 2.1039 2.57877 1.83656 1.93901 1.68641 1.8427 2.16572 2.08483 2.63692 1.78167 2.13513 1.91941 2.08872 1.6719 1.63339 1.90716 1.90317 1.86149 1.80881 2.28809 1.72981 2.61181 2.5555 2.22543 1.6179 2.16521 
0.681336 1.28729 1.25598 1.03354 1.54048 1.47002 1.92357 0.819349 0.987141 0.942353 1.20856 1.54965 1.00873 0.836809 0.722364 0.719645 1.07145 1.5824 1.85398 1.34044 1.50326 1.65831 0.79625 1.02834 0.73328 1.08399 1.41568 1.17153 1.29847 1.35397 1.18105 1.43267 1.07037 1.35412 0.956237 1.6261 1.2759 0.879024 1.39628 0.792035 1.4022 1.30128 0.334155 1.06066 1.41841 1.3174 1.38827 1.3051 1.43299 0.506158 1.36697 
0.063585 0.576667 0.0859549 0.45726 0.584946 0.554533 0.951907 0.0720972 0.189023 0.342325 0.274754 0.677643 0.103059 0.393877 0.131558 0.319725 0.0851287 1.08914 1.17165 0.830582 0.895377 0.627588 0.479359 0.230109 0.361213 0.806743 1.09938 0.158351 0.415008 0.563389 0.668458 0.548845 0.139465 0.906939 0.29797 0.676805 0.959631 0.527451 0.728167 0.12142 0.500895 0.223 0.0600268 0.403114 0.327767 0.475685 0.359458 1.05116 0.326103 0.144583 0.773751 
0.0195343 0.0693523 0.0286923 0.0853858 0.0805333 0.260821 0.35184 0.030193 0.0473462 0.0866361 0.0489547 0.494923 0.0397001 0.0646753 0.0315271 0.0536887 0.0292148 0.243464 0.117232 0.23724 0.490716 0.134704 0.132831 0.0380777 0.183692 0.415015 0.0543946 0.0451483 0.0570171 0.0727444 0.0809399 0.207098 0.0341712 0.0563512 0.0875662 0.518572 0.39211 0.320767 0.307962 0.0233295 0.0590118 0.0424426 0.0220426 0.0557383 0.189049 0.093642 0.0563263 0.0497494 0.0544297 0.0285362 0.0702428 
0.0194318 0.0164497 0.00661069 0.0118497 0.0194351 0.0795741 0.135388 0.00588869 0.0196579 0.0194697 0.0118318 0.0844249 0.00825299 0.0124589 0.0123783 0.025814 0.0196433 0.0407503 0.0194738 0.0635249 0.149498 0.0194487 0.0664394 0.00590613 0.063646 0.163672 0.00841184 0.00205782 0.0230717 0.0150295 0.0345085 0.0552162 0.00737776 0.0265798 0.0264938 0.28144 0.157755 0.211174 0.12562 0.0054395 0.0194796 0.0096526 0.00456622 0.0222 0.029345 0.0151807 0.0194335 0.0195575 0.0194319 0.00560918 0.0216272 
0.0194318 1.3141e-07 0 1.74437e-06 0.0194318 0.0391612 0.0391612 0 0.0194318 0.0194318 1.72882e-05 0.0269896 0 0.000715633 0 0.0194945 4.21992e-08 0.00455165 0.0194318 0.0227969 0.0194325 0.0194318 0.00669642 0 0.0391612 0.0194319 1.93634e-05 0 0.0194318 0 7.21799e-06 0.0391612 0 0.0194318 4.99522e-08 0.0353883 0.0276133 0.0299023 0.0108341 2.53504e-05 0.0194318 0 1.23423e-06 0.0194318 0.000428287 0 0.0194318 0.0194318 0.0194318 9.07646e-05 0 
0.0194318 0 0 0 0.0194318 0.0391612 0.0391612 0 0.0194318 0.0194318 0 0.0197293 0 0 0 0.0194318 0 0 0.0194318 0.0197293 0.0194318 0.0194318 0 0 0.0391612 0.0194318 0 0 0.0194318 0 0 0.0391612 0 0.0194318 0 0.0194318 0.0194318 0 0 0 0.0194318 0 0 0.0194318 0 0 0.0194318 0.0194318 0.0194318 0 0 
