3157.91 3191.07 3227.43 3219.64 3054.63 3307.73 3323.98 3282.17 3317.86 3389.61 3074.77 3167.73 3090.22 3162.39 3116.3 3102.71 2948.71 3367.21 3347.94 3348.65 3335.24 3235.99 3329.03 2898.29 3212.91 3127.02 3340.45 3381.77 3212.29 3184.3 3255.28 3402.52 3463.5 3325.65 3030.98 3107.83 3365.81 3337.95 3166.75 3144.98 3135.4 3239.1 3252.68 3188.48 2986.59 3216.21 3130.23 3167.81 3331.99 3308.49 3254.11 
2465.65 2431.86 2434.18 2437.78 2371.68 2381.75 2474.71 2493.61 2582.11 2440.05 2429.83 2393.08 2404.84 2308.15 2544.77 2450.9 2509.79 2506.83 2448.92 2466.05 2449.27 2452.67 2408.5 2362.22 2481.43 2415.07 2431.36 2342.67 2497 2379.27 2428.91 2498.11 2373.62 2510.17 2349.1 2367.97 2472.08 2475.92 2482.87 2366.28 2401.7 2363.86 2337.99 2421.45 2418.82 2545.16 2418.81 2338.67 2379.48 2412.3 2298.14 
2042.58 2103.71 2126.18 2035.25 2127.41 2032.57 2233.29 2048.67 2195.42 2109.6 2079.8 2084.76 2138.49 2104.09 2227.31 2122.8 2178.57 2072.99 2120.9 2120.68 2027.65 2186.67 2053.83 2017.44 2018.85 2074.33 2049.21 2152.86 2122.52 2133.93 2187.23 2169.77 2108.22 2153.96 2073.12 2095.28 2087.34 2018.17 2130.45 2152.14 2079.09 2142.3 2055.73 2069.13 2111 2147.58 2170.6 2080.52 2028.1 2142.83 2018.74 
1753.72 1797.46 1825.1 1742.42 1830.12 1865.98 1792.1 1810.15 1888.95 1792.74 1868.66 1763.3 1818.57 1819.83 1815.63 1735.16 1842.44 1795.04 1865.57 1886.84 1848.62 1826.64 1772.22 1776.76 1793.2 1762.8 1754.04 1741.8 1829.93 1748.04 1898.89 1889.09 1816.96 1844.03 1789.45 1723.93 1757.55 1829.11 1842.02 1848.04 1815.12 1754.4 1719.49 1806.18 1759.28 1822.1 1816.74 1833.85 1811.97 1753.6 1772.8 
1588.51 1541.07 1552.2 1529.89 1551.59 1572.03 1562.07 1502.09 1554.5 1567.43 1566.29 1573.96 1554.79 1584.54 1606.33 1585.76 1590.26 1549.95 1563.78 1589.98 1555.34 1565.48 1585.42 1584.14 1561.6 1549.38 1527.97 1522.49 1560.74 1599.65 1560.91 1599.03 1554.83 1595.18 1550.58 1547.3 1576.94 1542.83 1568.75 1574.25 1566.19 1548.54 1543.15 1510.27 1561.44 1560.58 1567.25 1582.87 1552.86 1567.44 1558.64 
1430.63 1413.33 1409.88 1438.9 1409.74 1384.14 1399.65 1425.17 1416.37 1425.91 1422.53 1384.02 1454.46 1427.29 1390.31 1390.31 1435.96 1430.68 1430.06 1443.02 1385.19 1434.03 1419.12 1419.49 1406.64 1453.15 1429.28 1458.62 1451.87 1443.31 1403.09 1407.79 1407.22 1440.87 1428.48 1420.04 1438.5 1415.16 1435 1401.2 1430.7 1422.32 1407.92 1434 1419.33 1402.94 1413.53 1393.99 1415.72 1425.85 1402.25 
1334.08 1339.27 1315.7 1349.69 1320.84 1346.69 1343.8 1334.51 1305.35 1350.87 1305.57 1318.83 1361.98 1295.09 1336.13 1352.25 1344.38 1325.86 1344.17 1341.5 1335.82 1364.05 1292.02 1366.06 1303.97 1336.79 1321.77 1353.72 1324.17 1333.8 1348.1 1344.37 1325.75 1312.86 1278.51 1329.51 1327.58 1320.84 1363.84 1353.9 1346.06 1353.31 1354.06 1316.79 1344.23 1350.79 1334.63 1367.3 1336.43 1345.95 1349.89 
1267.46 1256.07 1229.42 1225.17 1245.11 1195.89 1260.5 1218.64 1220.78 1215.36 1262.54 1216.58 1211.36 1227.5 1209.29 1273.77 1248.69 1228.78 1269.48 1239.77 1206.54 1270.86 1188.03 1238.43 1244.55 1237.34 1228.32 1238.75 1228.7 1217.76 1244.99 1247.83 1237.58 1271.48 1216.99 1236.73 1206.12 1264.32 1227.03 1241.27 1235.06 1241.07 1232.83 1238.84 1253.61 1244.7 1194.94 1256.12 1232.48 1260.84 1230.87 
1177.72 1184.57 1184.03 1189.31 1204.74 1153.41 1186.6 1175.57 1137.66 1148.32 1182.75 1173.74 1182.87 1186.05 1136.52 1165.24 1160.03 1167.91 1182 1188.31 1173.33 1157.78 1144.37 1129.17 1183.01 1154.22 1178.25 1194.08 1183.68 1165.11 1193.68 1179.8 1195.35 1177.05 1183.58 1177.42 1153.26 1190.48 1202.57 1166.29 1173.97 1192.82 1183.21 1207.08 1156 1217.54 1186.43 1199.88 1188.15 1190.05 1165.9 
1119.69 1138.41 1154.36 1133.18 1117.91 1127.9 1078.35 1037.22 1103.37 632.511 1092.78 1128.17 1084.21 1095.89 1098.07 1100.08 1085.64 1098.32 1113.96 1144.47 1100.37 1083.01 1121.97 1043.22 1086.91 1050.95 1113.54 1151.12 1131.35 1139.06 1129.06 1089.84 1134.67 1106.14 1127.05 1056.22 1042.18 1140.16 1092.4 1146.3 1059.86 1135.63 1082.18 1148 1069.13 1129.17 1124.92 1087.68 1105.49 1136.49 1003.82 
609.418 931.055 1027.04 583 989.03 579.82 564.951 568.275 582.537 575.95 576.879 1012.54 578.68 992.701 565.123 599.842 578.57 994.997 610.694 1025.3 563.555 580.749 584.062 570.516 567.339 566.329 590.675 1036.75 968.735 1018.78 962.77 1016.78 1024.6 1006.17 563.119 921.799 575.978 1029.87 575.007 574.634 588.779 1058.25 1031.97 1092.77 582.688 1008.4 1041.32 566.414 555.77 1006.95 564.03 
567.427 584.675 571.203 574.709 563.489 577.721 564.941 568.263 582.532 575.95 576.576 589.037 578.67 583.221 565.043 579.896 577.068 580.479 568.5 885.587 563.526 572.516 557.118 570.516 567.206 566.327 585.432 581.687 593.77 577.135 592.871 875.894 911.412 573.597 563.034 572.19 575.922 878.192 574.611 571.24 588.778 913.32 582.577 567.494 582.682 581.681 869.597 565.942 555.752 887.3 564.025 
567.427 584.675 571.191 574.709 563.489 577.721 564.941 568.263 582.532 575.95 576.576 568.912 578.67 583.213 565.043 579.896 577.068 580.473 568.499 698.086 563.526 572.516 557.118 570.516 567.206 566.327 585.432 581.673 593.77 577.134 592.866 685.641 726.307 573.596 563.034 572.183 575.922 692.57 574.611 571.24 588.778 702.066 563.058 567.491 582.682 581.68 680.224 565.942 555.752 679.323 564.025 
567.427 584.675 571.191 574.709 563.489 577.721 564.941 568.263 582.532 575.95 576.576 568.912 578.67 583.213 565.043 579.896 577.068 580.473 568.499 566.733 563.526 572.516 557.118 570.516 567.206 566.327 585.432 581.673 593.77 577.134 592.866 554.769 543.232 573.596 563.034 572.183 575.922 549.837 574.611 571.24 588.778 566.467 563.058 567.491 582.682 581.68 556.297 565.942 555.752 554.216 564.025 
