106.775 114.504 116.733 113.107 112.296 112.482 114.657 115.972 119.206 110.766 107.174 110.065 113.551 114.414 113.416 113.472 111.793 110.322 116.128 115.387 119.465 110.131 114.565 112.287 114.67 118.145 111.956 105.402 113.939 112.328 113.117 116.241 115.041 110.572 118.067 112.636 112.458 108.433 116.171 115.113 111.229 112.019 119.041 114.716 115.596 108.985 106.206 114.064 108.501 111.7 116.126 
93.8502 93.044 92.3097 89.3422 91.7354 87.0312 94.225 87.8012 96.2511 88.7572 89.7674 96.6629 94.788 91.2998 88.9849 92.611 81.445 92.4753 79.685 91.8671 90.4284 90.6269 89.3145 96.0835 95.3591 92.9662 93.8771 94.0379 93.732 82.109 85.8775 93.0728 91.4569 94.7194 93.638 95.9242 95.0078 95.4794 86.6223 92.9742 90.5928 93.7018 92.5256 92.9251 95.6799 92.9738 93.2675 94.8483 86.6978 92.9283 93.8122 
72.8679 78.0627 70.4207 74.6542 76.2339 75.2677 76.5271 77.8979 75.2219 72.6257 74.1994 78.4311 77.7801 76.5774 76.333 78.6551 75.4765 76.5235 77.0767 77.8938 77.6342 80.1946 71.4321 78.2755 77.8041 82.9244 78.0727 75.2323 81.3543 79.0483 77.5002 77.6559 78.2407 76.6299 75.8197 78.2413 72.5147 76.0076 67.6545 72.5296 75.2194 71.6363 77.2729 73.3591 79.0505 77.2614 76.1406 72.8261 76.2173 72.9046 77.0062 
52.959 53.9813 53.2893 51.1672 52.0381 55.36 54.5253 53.7436 56.6171 53.4403 48.5217 55.4142 52.4447 57.7245 56.4125 53.4957 57.1354 52.458 54.2826 53.7568 55.7051 57.6607 52.346 54.1317 55.8256 56.3521 55.3543 51.8755 54.0738 52.5078 51.7014 53.6065 51.6076 55.6623 57.6929 53.0677 55.2913 48.1569 46.7396 55.0753 54.9828 52.137 54.9417 55.8907 54.2407 53.5209 54.3703 55.052 46.7065 47.9524 57.3345 
21.5377 23.159 19.2517 23.2512 19.3917 21.1012 22.215 21.4664 25.849 21.1802 20.6417 22.2727 21.1626 20.3886 18.8595 22.5467 24.6705 22.5185 24.1362 22.414 23.4678 22.4243 22.4036 20.6119 23.1576 24.4368 19.7533 22.912 21.9944 21.683 23.3054 21.6596 22.1366 23.5772 23.6868 20.0132 21.6957 21.3073 21.8642 23.3902 21.9907 21.0225 21.8678 22.8082 23.2807 22.8314 23.3469 21.1505 21.4087 22.501 23.0537 
2.9405 2.67459 2.53752 2.78132 2.55484 2.52832 2.64475 2.36087 2.91908 2.33121 2.6208 3.04503 2.19972 2.75905 2.84579 2.52324 3.0365 2.62994 2.80599 2.49123 2.99801 2.3547 2.65151 2.52088 2.87584 2.94354 2.57178 2.6397 2.80492 2.45616 2.75027 3.22164 2.67374 2.46721 2.45947 2.59292 2.67732 2.58964 2.58952 2.77521 2.71968 2.58701 2.61773 2.82179 2.38891 2.85921 2.9684 2.38906 2.52688 2.80279 3.11622 
0.193531 0.148228 0.125131 0.135928 0.141408 0.133062 0.137185 0.130285 0.136787 0.123514 0.121273 0.191478 0.156238 0.153307 0.144265 0.147387 0.166769 0.130374 0.141169 0.145862 0.142824 0.137013 0.178689 0.163759 0.126686 0.167901 0.126828 0.141899 0.123472 0.130926 0.156732 0.247286 0.160944 0.13011 0.143362 0.135073 0.166851 0.169608 0.133798 0.201929 0.140724 0.150728 0.150598 0.159648 0.151481 0.190832 0.155041 0.142464 0.151739 0.153202 0.165789 
0.00966734 0.00576255 0.00440927 0.00585654 0.00680552 0.00501864 0.00531799 0.00524903 0.00682127 0.00523782 0.00544715 0.00778799 0.00566461 0.0074245 0.00543681 0.0061095 0.00922528 0.00535942 0.00557412 0.00813114 0.00521834 0.00784523 0.00648694 0.00969013 0.00602151 0.00758851 0.00463298 0.00566605 0.00567398 0.00524696 0.00819473 0.0217881 0.00791612 0.00551446 0.00653022 0.00570801 0.00788194 0.00792176 0.00563481 0.0168085 0.0055419 0.00630709 0.00705161 0.00477454 0.0064908 0.0180239 0.00681672 0.0055982 0.00611967 0.00636112 0.00660159 
8.98961e-05 8.42892e-05 5.06678e-05 0.000174756 0.000198385 0.000103518 9.12374e-05 0.000148903 8.33077e-05 7.65236e-05 0.00013599 5.7141e-05 7.64451e-05 6.42816e-05 0.000116319 6.95008e-05 0.000186745 0.000142761 7.9578e-05 0.000521716 5.39379e-05 0.000101137 8.239e-05 0.00104463 7.4049e-05 0.000114302 0.000103093 4.64461e-05 4.7639e-05 0.000111127 6.95693e-05 0.00398005 8.89748e-05 6.15106e-05 0.00011739 7.19112e-05 8.87984e-05 0.000133447 7.65073e-05 0.00281088 0.000116596 9.16602e-05 8.28085e-05 5.22027e-05 6.90716e-05 0.00154792 7.15967e-05 5.13765e-05 0.000114832 8.99996e-05 4.87683e-05 
2.58169e-05 4.26072e-05 1.58222e-05 0.000106389 0.000129246 4.69566e-05 4.92824e-05 8.20735e-05 3.47946e-05 2.87895e-05 7.97868e-05 1.52369e-05 3.21329e-05 2.31165e-05 5.82632e-05 2.39967e-05 0.000102451 8.02067e-05 3.40575e-05 0.00039074 1.66504e-05 4.88257e-05 3.17271e-05 0.000822215 2.4743e-05 6.43232e-05 5.20024e-05 1.22671e-05 8.94878e-06 5.83709e-05 2.32284e-05 0.00358314 4.26336e-05 2.46146e-05 5.50103e-05 2.85408e-05 2.46843e-05 6.49519e-05 2.73717e-05 0.00248607 5.91629e-05 3.66848e-05 3.73943e-05 1.39993e-05 2.53493e-05 0.00130229 2.80231e-05 1.7199e-05 5.59014e-05 4.15494e-05 1.30783e-05 
2.50268e-05 4.2383e-05 1.53812e-05 0.000105818 0.000128628 4.6148e-05 4.85623e-05 8.12222e-05 3.40791e-05 2.83871e-05 7.92962e-05 1.47019e-05 3.14004e-05 2.26994e-05 5.76324e-05 2.35067e-05 0.00010114 7.90058e-05 3.35631e-05 0.000388168 1.59384e-05 4.78197e-05 3.11587e-05 0.000818631 2.39462e-05 6.38185e-05 5.15124e-05 1.18423e-05 8.54987e-06 5.79954e-05 2.10326e-05 0.00357529 4.22798e-05 2.40678e-05 5.38656e-05 2.78359e-05 2.39851e-05 6.39277e-05 2.63296e-05 0.00248413 5.86725e-05 3.54362e-05 3.67695e-05 1.34947e-05 2.46788e-05 0.00129838 2.75437e-05 1.65854e-05 5.49563e-05 4.06938e-05 1.27119e-05 
2.45413e-05 4.10232e-05 1.46384e-05 0.000101887 0.000125013 4.44885e-05 4.73388e-05 7.83082e-05 3.01205e-05 2.63401e-05 7.73841e-05 1.38018e-05 3.06221e-05 2.16016e-05 5.47509e-05 1.54718e-05 9.84488e-05 7.70536e-05 3.21807e-05 0.000381018 1.54725e-05 4.4171e-05 2.97293e-05 0.000814451 2.30892e-05 6.2396e-05 4.98102e-05 1.10768e-05 7.83201e-06 5.62384e-05 2.04405e-05 0.00356298 4.08493e-05 2.32017e-05 5.25742e-05 2.70756e-05 2.22055e-05 6.2406e-05 2.52504e-05 0.00246271 5.69698e-05 3.45028e-05 3.57804e-05 1.20599e-05 2.36668e-05 0.00128508 2.57433e-05 1.60727e-05 5.42725e-05 3.90386e-05 1.20285e-05 
2.37916e-05 4.10079e-05 1.45052e-05 0.000101878 0.000124972 4.44278e-05 4.73247e-05 7.82686e-05 3.00927e-05 2.63053e-05 7.73032e-05 1.37486e-05 3.05639e-05 2.15424e-05 5.47243e-05 1.45769e-05 9.84119e-05 7.68493e-05 3.21207e-05 0.000380815 7.93015e-06 4.41279e-05 2.96297e-05 0.000811995 2.27682e-05 6.23943e-05 4.96136e-05 1.09845e-05 7.67298e-06 5.62013e-05 2.03393e-05 0.0035618 4.08309e-05 2.31686e-05 5.25573e-05 2.70342e-05 2.21724e-05 6.10031e-05 2.52067e-05 0.00246139 5.56928e-05 3.43547e-05 3.57177e-05 1.19639e-05 2.3618e-05 0.00128486 2.57182e-05 1.60645e-05 5.36169e-05 3.89961e-05 1.19859e-05 
2.37915e-05 4.10079e-05 1.45052e-05 0.000101878 0.000124972 4.44277e-05 4.73247e-05 7.82686e-05 3.00927e-05 2.63053e-05 7.73032e-05 1.37486e-05 3.05639e-05 2.15424e-05 5.47243e-05 1.45769e-05 9.84119e-05 7.68493e-05 3.21207e-05 0.000380815 7.89679e-06 4.41279e-05 2.96297e-05 0.000811972 2.2763e-05 6.23943e-05 4.96136e-05 1.09845e-05 7.67298e-06 5.62013e-05 2.03393e-05 0.00356168 4.08308e-05 2.31686e-05 5.25573e-05 2.70342e-05 2.21724e-05 6.10019e-05 2.52067e-05 0.00246139 5.56928e-05 3.43547e-05 3.57175e-05 1.19639e-05 2.3618e-05 0.00128486 2.57182e-05 1.60645e-05 5.36169e-05 3.89961e-05 1.19859e-05 
