43830 44362.2 40174 42929.2 40217 42189.5 42570.8 40656.6 42129.7 33322.5 41337.8 40109.9 38887.3 43047 40480.5 42045.8 37580.5 42418.3 41571.1 39462.3 43018.8 39562.6 41690.5 42759.2 41830.8 43700.9 41437.8 38914.6 36897.8 39943 38530.3 38524.6 37441.1 41931.9 39292.7 41660.1 39015.4 39804.6 38049 40512.6 39612.4 42793.5 39237.2 43466.1 43619.8 41660.4 43873.6 41272.3 43665.4 37636 39376.1 
28073.5 28514.3 25719.7 26336.6 26822.6 27635.7 28053.7 26229.2 27649.3 25154.6 26807.9 26223.5 27891.2 28526.6 26170.2 25874.6 26974 27209.7 26826.2 26590.9 27945.6 27117.2 26462.6 26386.2 26279.5 27557.3 26921 27364.8 27018 26365 23893.7 24337.3 22900.2 27903.3 27365.7 26791 24848 26602.7 25348.9 25209.5 26307.8 26908.3 27119.5 26663.9 27194.5 26401.3 25739.3 26654.1 27906.1 25149.6 25370.7 
21212 20761.6 19631.8 20279.9 20296.7 20440.5 20945.5 19760.1 21059.3 19107.5 21081.4 20604.6 20213.2 20515.8 20115.3 20693.1 20636.9 18850.6 19592.4 20400.9 21812.7 20822 20331.5 19578.1 18827.6 21023.8 20239.8 19771.8 20170.8 20139 19859.2 20016.8 20237.2 20856.5 19348 20859.6 19129.6 19952.2 20411.5 19555.9 20208.9 20572.1 19595.1 19886.8 20303.5 20108.3 20012.3 18529 21701.7 19828.9 20761.8 
15357.9 16010.9 15719.6 15422.1 15380.5 15251.1 16221.7 16167.5 15132.6 15173.4 15149.9 15787.2 15764.8 15515.7 15099 15839.4 15792.4 15318.9 15226.2 15214.2 15809.2 16360.1 15690.9 15487.8 14982.5 15489.4 15756.7 16099.5 15779.1 15329.4 15484.4 16020.7 15740.1 15557.9 15480.9 15748.5 15122.3 15686.5 14501.2 15330.7 15299.5 15698.4 14664.3 15071.9 16224.6 15625.2 14894.2 15933.2 16143.6 16047.8 15225.1 
12502.9 13136.6 12073.3 12409.6 12414.9 12688.7 12842.2 12792.6 12974.4 12915.4 12770.5 12721.7 12448.5 12803.1 12576.9 12362.4 12794.9 13033.6 12421.8 12777.4 13343.4 13038.3 12518.9 12017.8 12006.5 12983 13044.9 13098.2 12972.7 12527.3 13169.1 13187.1 13045.1 13087.3 12714.6 12323.6 12549.8 12660.3 12864.1 12709.7 12673 12754.9 12854.3 12697.8 12498.9 12900.9 13055.9 12855.6 13116.9 12444.3 12669.9 
11689.4 11319.9 11329.4 11519 11465 11375.3 11360.5 11285.4 11347.5 11558.2 11244 11397.7 11374.1 11319.2 11007.7 10708.1 11121.8 11587 11237.6 10869.8 11291.6 11199.8 11457.5 11447.9 11180.7 11644.7 11291.6 11185.7 11270.4 11444.1 10949.7 11407.7 11649 10923.5 11454.1 11184.4 11506 11464.5 11764.3 11202.6 11532.1 11139.9 11183.8 11389.9 11035.7 11289.5 11252.2 11463.7 11740.4 11393.3 11288.8 
10102 10584.6 10167.5 10305.1 10078.7 10033.4 10313 10392.9 9736.17 10360 10611.2 10562.1 10045.5 10469.8 10064.5 10335.2 10050.9 10236.9 10114.8 10132.9 10436.4 10090.1 10163.1 10411.6 10430.7 10539.6 10296.7 10477.4 10216.7 10200 10513.4 10472.7 10383.5 10140.3 10296.4 10524.3 10421.9 10714.5 10604.1 10263.3 10284.2 10440 10264.9 10318.6 10245.6 10432.4 10387.4 10271.1 10397.9 10425 10332.8 
9530.61 9618.73 9262.32 9276.73 9647.15 9460.27 9236.79 9564.08 9514.57 9387.96 9238.7 9425.02 9460.52 9829.34 9236.12 8782.48 8834.92 9411.48 9697 9387.55 9351.4 9249.97 9484.79 9559.36 9006.77 9723.02 9302.22 9220.4 9000.76 9036.68 9603.67 9427.28 9638.71 9544.54 9201.05 9217.41 9328.84 9210.67 9401.88 9069.39 9063.51 9195.82 9255.58 9296.63 9487.12 9274.3 9362.19 9535.83 9603.91 9727.17 9294.2 
8922.07 9345.98 8508.99 8678.04 9086.44 9240.09 8918.07 9136.62 9063.49 8998.53 8478.46 8498.01 9372.96 9204.59 8734.82 8782.48 8409.53 8833.38 9278.33 9133.45 9138.32 8692.65 9234.96 9507.69 8175.49 9463.87 8762.56 9005.93 5381.13 8440.87 8837.79 8982.63 9339.07 9100.4 8419.05 8895.42 8862.59 8648.55 8655.35 8055.95 8546.01 8657 9040.28 8884.57 8768.9 8849.51 9135.23 9140.89 9017.62 9191.85 8706.69 
3340.84 9137.66 3379.12 6101.98 8348.59 8799.08 7967.96 7159.48 3673.27 3311.32 3300.01 3140 8627.43 8658.69 6855.31 4268.83 3134.66 3163.98 7048.89 7050.08 7916 3190.49 3584.01 8734.26 3218.75 8946.33 3291.69 3177.07 3118.77 8440.87 3364.4 8608.93 3550.81 8697.08 3243.43 3302.49 3480.8 3280.82 4192.36 3186.12 3379.87 3282.01 3239.61 8749.6 8085.56 3252.73 8391.78 8813.13 3452.38 8465.33 3271.12 
3323.49 7881.31 3372.37 3269.89 3262.14 7654.54 3195.79 3336.69 3259.3 3309.84 3299.18 3139.97 3852.46 7941.5 3152.84 3161.48 3134.62 3146.7 3420.15 3299.86 3177.98 3186.92 3327.48 3317.15 3218.32 8021.84 3291.4 3173.97 3118.77 3308.13 3363.84 3311.45 3370.34 7697.94 3243.28 3302.25 3324.44 3280.27 3412.5 3186.11 3373.68 3281.97 3157.43 4750.75 3139.78 3251.8 3317.13 3541.6 3327.55 3332.84 3271 
3323.49 3281.42 3372.37 3269.89 3261.82 3301.73 3195.79 3336.69 3259.3 3309.84 3299.18 3139.97 3264.15 6625.01 3152.84 3161.48 3134.62 3146.7 3420.15 3299.86 3177.98 3186.92 3327.48 3283.39 3218.32 3361.37 3291.4 3173.97 3118.77 3308 3363.84 3310.9 3370.34 3281.08 3243.28 3302.25 3324.44 3280.27 3412.5 3186.11 3373.68 3281.97 3157.43 3155.98 3139.77 3251.8 3317.12 3397.81 3327.55 3306.34 3271 
3323.49 3237.57 3372.37 3269.89 3261.82 3301.73 3195.79 3336.69 3259.3 3309.84 3299.18 3139.97 3264.15 4665.81 3152.84 3161.48 3134.62 3146.7 3420.15 3299.86 3177.98 3186.92 3327.48 3283.39 3218.32 3361.37 3291.4 3173.97 3118.77 3308 3363.84 3310.9 3370.34 3281.08 3243.28 3302.25 3324.44 3280.27 3412.5 3186.11 3373.68 3281.97 3157.43 3155.98 3139.77 3251.8 3317.12 3397.81 3327.55 3306.34 3271 
3323.49 3237.57 3372.37 3269.89 3261.82 3301.73 3195.79 3336.69 3259.3 3309.84 3299.18 3139.97 3264.15 3242.22 3152.84 3161.48 3134.62 3146.7 3420.15 3299.86 3177.98 3186.92 3327.48 3283.39 3218.32 3361.37 3291.4 3173.97 3118.77 3308 3363.84 3310.9 3370.34 3281.08 3243.28 3302.25 3324.44 3280.27 3412.5 3186.11 3373.68 3281.97 3157.43 3155.98 3139.77 3251.8 3317.12 3397.81 3327.55 3306.34 3271 
