729.766 737.48 773.009 725.216 771.667 707.037 711.578 751.986 766.861 761.324 745.318 743.514 756.56 711.613 751.75 744.164 671.948 758.061 738.913 761.163 742.984 724.914 722.604 771.125 726.248 762.482 660.248 709.531 779.032 718.784 692.116 675.844 701.691 747.168 766.939 724.325 748.288 781.509 766.583 753.611 756.286 760.627 734.369 693.651 730.723 712.258 772.595 729.294 763.675 738.325 639.018 
556.927 627.98 607.415 637.678 631.835 545.38 597.649 630.58 598.867 634.684 610.76 629.433 603.796 630.399 592.006 602.025 587.02 615.952 584.04 573.602 608.828 611.158 620.316 618.767 593.546 623.732 586.249 569.351 598.708 567.475 560.981 585.803 609.23 580.943 598.703 631.78 587.563 647.643 626.396 626.233 580.491 580.457 626.024 640.347 586.345 605.321 584.25 601.942 616.192 627.068 604.476 
541.355 544.909 550.301 541.399 558.847 539.783 503.909 516.488 543.678 493.219 561.428 509.978 552.794 545.564 541.328 529.033 543.525 530.685 519.226 571.286 559.372 548.652 520.902 550.04 502.527 511.471 540.879 480.003 537.957 542.11 480.465 537.164 547.531 538.912 539.679 551.585 509.161 552.36 566.49 542.028 519.639 546.137 536.479 493.657 547.45 538.563 500.273 501.539 538.873 534.192 560.182 
441.424 454.082 494.227 488.873 420.704 466.378 458.192 487.229 473.99 483.766 484.289 468.914 472.907 490.037 484.273 480.91 491.752 466.421 504.504 472.333 487.824 486.753 501.436 484.143 502.527 480.167 492.372 476.341 462.836 484.234 456.336 475.835 453.594 473.97 476.594 455.06 492.533 473.162 477.358 447.049 489.876 494.626 501.427 493.657 471.63 499.964 479.882 471.537 461.926 479.791 448.691 
433.281 408.515 433.833 407.953 417.474 422.852 432.884 400.983 408.391 432.532 435.612 407.866 406.8 359.401 406.505 389.704 423.834 429.986 361.092 436.808 422.204 416.972 403.842 400.217 422.498 417.182 434.797 422.503 408.669 423.848 437.009 399.558 409.501 405.197 430.895 394.491 448.668 411.176 403.86 410.212 415.384 405.854 439.028 415.399 407.339 417.221 441.752 414.262 427.683 437.664 433.993 
362.497 377.217 345.792 380.707 356.916 365.254 393.423 338.498 397.115 383.407 379.569 392.836 393.767 359.401 374.246 362.401 394.833 384.966 361.092 374.251 371.625 385.979 329.146 391.083 382.167 378.433 389.966 370.881 365.159 374.159 387.196 397.721 385.632 359.829 366.849 378.29 388.87 386.394 391.504 382.695 358.51 382.53 374.772 383.075 384.924 376.119 361.084 360.163 368.616 374.34 376.074 
362.497 342.839 344.883 345.641 327.728 352.388 343.608 332.082 351.42 342.924 374.614 346.411 358.396 359.401 367.277 345.647 344.614 349.585 352.075 321.077 345.408 343.065 329.146 355.115 354.063 354.045 358.315 355.072 337.434 346.081 343.11 363.565 350.944 359.829 349.354 368.385 354.403 363.733 351.558 348.321 348.135 342.417 334.148 349.211 370.755 350.449 360.948 340.352 352.869 369.418 323.892 
310.137 308.266 308.006 301.663 290.382 294.639 303.068 286.322 295.849 306.496 302.484 286.876 331.269 295.713 298.13 308.528 325.338 322.236 309.33 286.695 300.597 320.65 322.95 305.141 299.355 301.576 318.373 297.138 291.621 300.488 321.359 311.285 300.172 322.631 304.651 295.895 330.755 295.011 314.753 286.91 323.348 309.409 283.248 281.72 318.975 285.487 290.095 318.401 308.985 300.991 274.788 
282.443 276.259 260.749 276.686 262.894 282.584 273.897 257.396 251.119 280.006 279.146 283.554 286.609 231.774 260.541 291.911 266.435 276.4 262.348 279.736 265.921 296.32 274.539 285.163 276.486 279.941 276.863 280.547 277.113 267.421 255.167 262.128 270.434 265.976 273.311 264.153 271.022 257.407 262.109 253.892 280.132 283.187 267.799 275.449 287.641 270.922 271.066 277.413 280.703 274.653 274.221 
248.877 259.836 236.85 236.775 231.418 242.138 228.502 229.357 244.43 240.01 256.24 231.411 263.737 230.416 223.992 245.298 247.36 241.793 222.491 244.342 238.794 260.609 243.321 254.395 251.212 267.312 244.398 213.995 253.39 243.376 246.696 235.462 259.26 263.39 240.952 225.577 257.457 237.694 238.457 230.022 244.143 250.798 237.003 224.474 246.649 239.26 235.942 246.516 210.554 230.936 264.678 
191.054 214.367 199.56 199.691 172.725 184.334 175.029 184.122 194.191 201.771 179.445 187.931 200.411 175.165 207.915 190.072 180.056 198.795 197.004 185.888 181.827 195.144 182.729 203.742 210.826 188.213 193.701 159.602 167.047 211.08 165.775 213.726 199.301 218.087 212.21 169.591 190.907 216.623 204.039 161.395 163.231 229.133 203.391 172.689 214.131 216.172 166.785 205.108 169.765 191.486 213.375 
123.112 123.433 118.737 111.343 108.863 121.879 108.445 117.13 119.034 113.238 125.031 120.424 108.816 123.612 118.392 111.259 112.395 125.572 117.363 118.265 113.986 124.799 120.599 110.079 109.538 118.182 107.803 98.8653 113.126 130.305 119.732 126.218 100.187 112.036 132.979 131.213 127.409 124.353 138.638 105.279 99.6536 133.568 104.71 121.917 114.583 136.683 101.181 131.616 100.215 115.213 131.607 
64.5308 67.0367 76.8094 69.1404 49.4082 63.1719 64.8591 64.2294 56.1531 59.084 69.4025 69.1011 55.9932 70.8394 66.7353 54.4577 67.5952 56.2089 70.6211 62.0871 54.7274 60.9685 38.9653 67.786 64.1176 69.6127 63.3382 56.2872 55.5689 59.4894 51.1921 66.7873 62.9841 60.6692 53.8838 67.6262 68.2555 75.559 64.2928 57.186 52.8826 77.4102 66.4087 58.3151 62.239 55.4783 62.504 65.7158 57.3958 65.4611 62.1831 
16.9176 13.9804 14.9483 16.0876 17.6177 15.8518 19.0544 15.961 11.9622 20.9426 16.9434 19.9239 18.9751 16.1969 13.1056 15.0256 20.9003 15.9924 13.9442 21.1479 18.3721 12.94 8.96056 17.1239 18.5558 15.9357 22.8956 15.0761 9.95765 23.8861 17.9306 21.0504 13.93 20.1774 9.96428 16.9147 12.0846 14.0193 20.2473 11.9589 17.9094 16.443 17.0903 21.8923 15.0584 10.0664 16.0384 14.9252 12.9645 17.9097 18.9131 
