504.254 485.306 622.49 500.228 478.394 765.391 577.339 375.009 413.358 633.397 534.58 869.847 690.581 538.233 462.094 514.261 666.116 570.543 670.197 543.964 536.567 550.799 401.058 701.982 474.608 386.254 928.358 491.941 628.955 706.455 862.932 581.818 728.693 621.972 936.866 766.252 457.718 451.343 359.872 670.795 626.487 648.245 783.132 693.31 557.932 421.508 613.774 583.149 747.827 727.977 494.033 
209.185 325.762 379.068 311.976 373.86 297.223 282.274 340.7 285.878 273.041 346.89 340.258 360.453 324.124 276.852 359.098 219.437 286.202 403.731 193.513 364.528 358.787 323.221 212.585 260.643 331.775 354.094 418.067 214.371 304.969 242.962 232.298 305.873 361.554 301.78 350.915 396.899 285.595 359.872 278.878 244.361 179.358 415.078 318.165 366.983 348.492 304.305 241.593 263.697 306.169 232.14 
209.185 271.298 227.32 197.464 277.592 214.796 221.483 205.455 167.911 263.429 164.562 304.104 232.81 182.135 214.487 205.794 213.496 215.605 224.855 193.513 239.016 218.284 215.101 212.585 211.273 223.149 157.282 220.467 164.317 190.778 242.962 213.591 196.644 209.513 242.414 200.055 195.804 223.566 169.69 200.171 227.166 179.358 239.863 186.208 196.752 200.735 205.945 217.641 208.388 203.061 175.183 
132.738 145.668 130.525 125.685 138.42 135.165 129.726 123.35 124.906 129.557 136.381 150.113 150.086 139.563 127.917 127.257 137.84 128.717 136.082 123.137 143.387 138.43 134.814 135.02 135.994 133.1 139.925 141.907 127.873 136.405 138.824 128.012 127.469 144.364 148.364 138.06 139.497 143.248 128.115 120.485 131.346 145.02 122.342 139.199 126.609 143.945 141.813 141.254 129.7 127.919 141.02 
110.815 111.477 111.184 111.09 112.203 109.422 110.9 110.927 111.527 110.76 111.165 111.492 111.572 110.967 111.206 111.132 110.733 111.021 111.186 110.558 110.929 111.131 111.368 110.758 109.922 110.615 109.006 111.537 107.989 111.222 110.785 110.974 110.201 110.652 110.188 110.291 110.017 109.668 110.674 111.308 110.898 111.645 111.116 109.832 112.005 111.067 109.45 111.255 110.235 111.641 111.348 
104.562 106.053 105.622 105.504 105.738 106.315 104.884 105.714 105.208 105.552 105.205 104.849 104.235 103.647 104.598 105.018 104.845 104.548 103.472 104.56 102.542 105.553 103.617 102.05 103.959 102.747 105.923 106.245 103.74 105.673 106.107 103.889 102.334 103.866 106.776 104.479 104.911 105.249 105.35 104.538 105.195 103.161 105.244 103.318 105.602 105.615 105.304 104.852 105.059 104.842 103.91 
101.749 103.356 101.445 102.125 101.503 101.477 102.194 101.757 101.862 101.462 100.99 102.187 101.514 101.58 102.096 101.384 102.528 102.117 102.959 103.344 101.285 102.663 101.505 101.678 101.12 102.268 103.256 102.626 102.096 101.978 100.791 102.716 101.389 102.043 102.516 101.396 101.93 102.273 103.115 102.092 101.965 102.376 101.247 102.246 102.496 102.77 102.198 102.404 101.821 102.609 102.667 
100.155 101.15 100.951 100.767 100.427 100.266 100.507 100.682 101.11 100.571 100.343 100.944 100.424 100.411 100.716 100.758 101.128 100.598 100.929 100.893 100.704 100.504 100.424 100.736 100.405 100.246 100.667 100.77 100.555 100.437 100.101 100.826 100.361 100.63 100.865 100.782 101.096 100.894 100.991 100.592 100.468 101.063 100.12 100.65 100.498 100.58 100.449 100.902 101.014 101.561 100.134 
100 100.855 100.002 100.058 100 100 100.011 100 100.126 100.027 100 100 100 100 100 100.004 100.375 100.008 100.204 100.59 100.53 100.002 100 100.403 100 100 100 100.003 100.002 100 100 100.195 100 100.004 100 100.149 100.046 100.002 100.019 100.053 100.001 100.008 100 100.001 100.121 100.001 100 100.023 100.067 100.425 100 
100 100.007 100 100 100 100 100 100 100 100 100 100 100 100 100 100 100 100 100 100 100.049 100 100 100 100 100 100 100 100 100 100 100.006 100 100 100 100 100 100 100 100 100 100 100 100 100 100 100 100 100 100.04 100 
100 100 100 100 100 100 100 100 100 100 100 100 100 100 100 100 100 100 100 100 100 100 100 100 100 100 100 100 100 100 100 100 100 100 100 100 100 100 100 100 100 100 100 100 100 100 100 100 100 100 100 
100 100 100 100 100 100 100 100 100 100 100 100 100 100 100 100 100 100 100 100 100 100 100 100 100 100 100 100 100 100 100 100 100 100 100 100 100 100 100 100 100 100 100 100 100 100 100 100 100 100 100 
100 100 100 100 100 100 100 100 100 100 100 100 100 100 100 100 100 100 100 100 100 100 100 100 100 100 100 100 100 100 100 100 100 100 100 100 100 100 100 100 100 100 100 100 100 100 100 100 100 100 100 
100 100 100 100 100 100 100 100 100 100 100 100 100 100 100 100 100 100 100 100 100 100 100 100 100 100 100 100 100 100 100 100 100 100 100 100 100 100 100 100 100 100 100 100 100 100 100 100 100 100 100 
