13246.5 15736.4 12597.9 14427.8 16358.4 15033.9 12731.6 14456.9 15051.7 17373.5 14565.5 13453.6 13100.8 11627.2 15360.7 13562.2 12986.9 16120.2 14934.5 14507.4 16109 11610.6 16647.1 12861.7 14900.3 11839.8 15917.5 13502.8 13637.5 16788.2 15387.2 14779.7 14274.3 11555.6 14538.7 12952 12219 18882.8 12674 13164.4 12689.9 12815.8 13431.8 12601.1 13727.9 15762.8 13845.8 14488.1 16387.9 18249.5 9214.02 
7422.75 7304.97 6994.67 8255.28 6624.31 7009.95 5516.92 6632.17 6626.16 6356.73 7991.91 7561.64 6274.17 6476.22 7881.04 6388.74 7502.04 7243.8 7580.85 6176.83 7165.76 6822 8532.89 6552.21 7731.75 7230.69 6663.31 6715.63 5851.36 8037.84 6000.15 5442.97 6557.64 4453.21 6563.88 6167.38 6970.46 6409.45 6609.68 8370.81 6668.31 7219.06 7654.04 6804.35 7045.48 7249.81 5924.72 6092.08 6556.21 7848.75 6911.74 
4134.78 3493.15 4824.96 3974 2567.34 3840.36 2890.83 2958.83 4225.09 3923.78 4043.09 4696.97 3760.81 4105.62 4331.67 3840.84 3639.84 3960.52 2344.9 4502.13 3861.56 3609.2 3807.11 3387.29 4182.95 3678.16 3174.71 4380.34 3086.44 3449.29 2630.21 3668.89 4339.53 4321.97 3143.8 3628.48 3561.92 3394.71 2960.01 4167.59 3523.27 4056.29 3353.14 3414.45 4561.86 3750.35 3720.57 3850.19 3864.47 3797.6 3430.12 
1476.38 1641.35 1639.33 1529.17 1510.64 1504.24 1352.2 1344.42 1640.03 1668.78 1396.21 1656.94 1451.88 1333.22 1465.79 1523.66 1641.34 1371.31 1314.36 1394.62 1782.47 1380.32 1471.94 1444.49 1800.53 1483.61 1446.23 1596.82 1476.13 1526.52 1437.38 1516.01 1513.7 1596.11 1540.93 1708.1 1466.25 1461.21 1394.62 1588.61 1597.73 1484.28 1458.32 1492.9 1587.08 1663.13 1424.71 1385.74 1602.08 1467.14 1430.23 
679.983 685.298 691.337 711.683 657.901 682.808 680.163 667.257 697.971 706.516 716.606 711.177 656.905 685.262 710.169 689.559 702.15 699.798 705.011 711.282 686.441 695.66 656.351 702.317 688.328 700.718 674.598 680.934 704.769 729.853 698.368 706.94 705.994 676.846 672.356 705.991 680.488 684.435 680.008 710.813 697.607 693.299 699.33 686.233 698.982 709.042 673.351 683.956 682.339 673.108 686.881 
525.168 528.074 527.397 526.995 524.597 514.249 525.841 528.265 526.297 527.445 531.569 489.851 516.596 516.354 503.966 521.775 525.112 538.406 528.907 531.063 529.322 521.378 497.782 538.672 521.798 527.191 514.532 520.132 523.919 524.518 535.935 498.256 521.016 517.311 522.46 520.381 525.687 514.31 515.509 525.735 525.859 523.259 520.017 524.288 534.792 492.871 518.941 532.05 527.16 524.294 522.044 
480.679 481.373 481.117 480.782 480.881 480.607 480.796 481.699 480.985 481.055 481.549 480.37 480.594 480.484 480.384 480.799 480.634 483.955 493.229 482.518 492.78 480.544 480.367 484.643 480.731 480.959 480.527 480.557 480.737 480.603 483.188 480.428 480.564 480.487 480.632 480.665 481.045 480.593 480.492 481.302 481.017 492.287 480.648 480.759 482.484 480.365 480.501 481.887 481.702 480.867 480.877 
480.244 477.427 480.272 480.291 480.275 480.248 480.234 480.273 480.288 480.248 480.267 480.281 480.236 480.241 480.236 480.242 480.251 480.337 491.856 480.28 491.885 480.291 480.234 480.315 480.276 480.282 480.261 480.261 480.245 480.26 480.332 480.236 480.236 480.244 480.241 480.29 480.245 480.236 480.235 480.241 480.238 491.849 480.236 480.284 480.294 480.235 480.236 480.267 480.282 480.313 480.282 
480.243 477.348 480.259 480.274 480.271 480.236 480.231 480.256 480.285 480.24 480.256 480.28 480.235 480.24 480.235 480.235 480.25 480.283 491.843 480.256 491.857 480.291 480.234 480.263 480.273 480.279 480.24 480.256 480.242 480.256 480.289 480.235 480.235 480.244 480.239 480.289 480.235 480.235 480.235 480.231 480.235 491.847 480.235 480.279 480.244 480.235 480.235 480.24 480.256 480.277 480.279 
480.243 477.348 480.259 480.274 480.271 480.236 480.231 480.256 480.285 480.24 480.256 480.28 480.235 480.24 480.235 480.235 480.25 480.283 491.843 480.256 491.857 480.291 480.234 480.263 480.273 480.279 480.24 480.256 480.242 480.256 480.289 480.235 480.235 480.244 480.239 480.289 480.235 480.235 480.235 480.231 480.235 491.847 480.235 480.279 480.244 480.235 480.235 480.24 480.256 480.277 480.279 
480.243 477.348 480.259 480.274 480.271 480.236 480.231 480.256 480.285 480.24 480.256 480.28 480.235 480.24 480.235 480.235 480.25 480.283 491.843 480.256 491.857 480.291 480.234 480.263 480.273 480.279 480.24 480.256 480.242 480.256 480.289 480.235 480.235 480.244 480.239 480.289 480.235 480.235 480.235 480.231 480.235 491.847 480.235 480.279 480.244 480.235 480.235 480.24 480.256 480.277 480.279 
480.243 477.348 480.259 480.274 480.271 480.236 480.231 480.256 480.285 480.24 480.256 480.28 480.235 480.24 480.235 480.235 480.25 480.283 491.843 480.256 491.857 480.291 480.234 480.263 480.273 480.279 480.24 480.256 480.242 480.256 480.289 480.235 480.235 480.244 480.239 480.289 480.235 480.235 480.235 480.231 480.235 491.847 480.235 480.279 480.244 480.235 480.235 480.24 480.256 480.277 480.279 
480.243 477.348 480.259 480.274 480.271 480.236 480.231 480.256 480.285 480.24 480.256 480.28 480.235 480.24 480.235 480.235 480.25 480.283 491.843 480.256 491.857 480.291 480.234 480.263 480.273 480.279 480.24 480.256 480.242 480.256 480.289 480.235 480.235 480.244 480.239 480.289 480.235 480.235 480.235 480.231 480.235 491.847 480.235 480.279 480.244 480.235 480.235 480.24 480.256 480.277 480.279 
480.243 477.348 480.259 480.274 480.271 480.236 480.231 480.256 480.285 480.24 480.256 480.28 480.235 480.24 480.235 480.235 480.25 480.283 491.843 480.256 491.857 480.291 480.234 480.263 480.273 480.279 480.24 480.256 480.242 480.256 480.289 480.235 480.235 480.244 480.239 480.289 480.235 480.235 480.235 480.231 480.235 491.847 480.235 480.279 480.244 480.235 480.235 480.24 480.256 480.277 480.279 
