5263.8 5439.75 5648.55 5427.59 5412.36 5704.93 5351.38 5471.32 5396.85 5548.07 5438.96 5366.13 5136.19 5731.72 5721.62 5173.77 5686.63 5153.6 5081.89 5510.49 5393.28 5628.58 5524.81 4891.03 5580.2 5145.25 5434.31 5770.59 4678.52 5541.35 5167.88 5409.28 5271.79 5153.04 5085.87 5717.63 5612.43 5895.41 5489.59 5327.29 5202.96 5094.32 5366.16 5102.07 5664.22 5380.7 4833.68 5599.56 4720.07 4871.44 4902.26 
3481.52 3165.93 3272.22 3182.54 3421.17 3337 3215.85 3503.75 3473 3453.54 3254.65 3421.51 3375.58 3544.48 3385.06 3496.12 3405.31 3422.34 3337.91 3599.22 3250.07 3436.01 3339.69 3385.43 3181.02 3510.66 3254.7 3314.49 3577.85 3353.61 3337.81 3420.47 3165.21 3501.75 3369.87 3303.99 3557.07 3180.79 3490.11 3466.89 3726.08 3317.59 3609.93 3539.5 3284.91 3409.78 3471.94 3504.03 3554.34 3519.07 3228.96 
2306.81 2349.42 2214.31 2496.68 2132.08 2384.53 2393.06 2404.59 2458.05 2458.82 2340.6 2494.86 2079.7 2160.49 2346.86 2538.14 2160.73 2252.84 2406.14 2462.23 2370.53 2352.36 2422.7 2377.24 2354.36 2516.69 2353.68 2481.45 2276.24 2411.99 2543.04 2025.31 2409.97 2231.28 2414.12 2341.86 2331.41 2396.21 2237.64 2387.54 2454.05 2475.59 2453.68 2413.87 2479.22 2402.01 2413.5 2430.35 2347.6 2298.97 2497.5 
1468.46 1497.94 1385.33 1486.07 1449.49 1388.77 1457.58 1422.8 1538.3 1316.49 1423.74 1486.74 1542.49 1514.73 1469.89 1521.92 1499.21 1491.29 1534.56 1421.47 1447.8 1473.55 1503.95 1471.9 1425.76 1535.31 1435.22 1513.26 1511.98 1486.12 1555.58 1438.6 1412.43 1552.85 1427.14 1435.55 1534.91 1504.89 1408.34 1567.74 1453.63 1471.4 1479.89 1516.9 1507.28 1521.37 1466.57 1480.18 1437.65 1503.66 1407.1 
1047.86 1065.83 1063.38 1080.06 1044.93 1056.22 1076.98 1097.74 1046.77 1028.25 1039.78 1070.02 1074.54 1061.18 1071.9 1055.73 1049.03 1038.53 1077.85 1009.27 1054.38 1053.92 1030.43 1029.02 1053.32 1060.56 1060 1078.47 1075.21 1049.83 1092.43 1085.59 1031.62 1064.13 1059.16 1041.04 1059.94 1015.28 1060.41 1038.02 1042.43 1057.8 1069.45 1075.81 1073.42 1038.26 1085.65 1060.75 998.973 1062.28 1051.81 
983.874 978.074 954.653 959.669 950.21 927.533 950.864 944.438 953.464 946.134 956.236 910.175 956.884 983.378 917.198 956.065 942.842 978.089 958.134 954.042 932.038 955.273 968.654 940.533 963.598 966.844 939.118 967.899 916.411 949.644 949.735 958.843 966.095 958.955 960.523 960.874 933.753 939.409 940.39 982.398 971.167 971.831 937.132 960.293 962.535 949.43 966.331 940.963 912.163 943.145 942.122 
918.862 922.073 913.862 893.391 928.921 902.935 903.865 915.588 895.877 909.045 893.099 894.794 872.395 894.112 893.804 883.094 906.95 909.691 906.027 894.311 866.25 891.356 887.178 903.472 931.386 884.369 904.464 931.209 906.962 891.6 893.78 934.033 903.655 904.296 875.481 914.233 886.717 915.047 914.126 907.382 850.956 868.345 895.866 888.575 897.506 873.505 925.42 881.086 904.321 879.28 880.762 
839.732 839.113 803.561 832.098 836.168 840.013 838.559 815.061 824.678 860.784 807.734 892.569 849.133 835.753 846.4 869.618 873.432 802.989 820.024 861.707 799.68 816.709 873.638 808.342 822.868 819.022 822.819 879.895 856.319 838.44 845.827 810.032 863.1 828.786 848.477 814.07 839.747 818.445 853.577 837.727 837.808 822.185 795.723 874.069 851.479 806.728 835.763 880.345 848.25 815.349 813.017 
772.032 759.688 799.07 776.245 799.433 754.586 775.982 784.125 774.007 817.106 788.806 810.923 815.129 808.818 803.225 803.209 791.198 794.002 777.437 788.459 785.349 807.999 806.014 780.044 782.754 774.554 806.436 761.698 794.895 774.599 802.055 781.884 783.558 782.685 811.032 726.067 732.283 778.969 798.107 798.231 793.358 818.776 770.607 776.773 804.612 803.338 783.548 811.382 774.916 775.558 772.574 
707.114 713.946 747.216 714.465 728.823 750.572 726.627 729.93 754.182 758.675 744.4 784.49 749.034 754.14 704.78 728.374 775.871 729.347 725.635 726.984 747.169 749.629 754.01 757.352 729.29 708.319 704.325 722.2 723.245 743.957 783.763 757.609 736.845 739.32 725.151 717.416 691.841 759.629 726.449 743.328 748.538 774.207 746.244 743.1 769.774 744.767 758.943 751.396 758.206 725.901 750.16 
615.457 644.248 639.62 628.349 633.821 635.04 639.257 637.429 660.663 653.127 690.799 695.883 673.733 590.033 670.136 643.242 696.688 644.615 675.609 702.633 708.778 652.818 690.609 644.9 708.072 637.041 685.706 657.795 658.282 649.562 716.769 650.253 581.567 621.939 643.315 633.534 657.382 661.601 633.306 629.824 601.781 683.496 686.919 652.684 661.145 674.386 662.332 650.3 649.388 690.286 589.488 
482.4 501.833 502.444 487.864 483.887 441.118 462.173 494.295 488.281 490.572 524.895 507.073 495.744 484.38 482.598 481.012 536.28 461.902 483.054 512.01 524.661 481.094 475.566 471.663 509.546 495.724 504.749 497.532 489.074 486.247 524.501 472.11 487.484 434.852 503.21 446.168 496.465 477.604 488.751 486.948 452.642 483.955 537.019 489.575 475.996 522.469 481.661 481.088 496.081 473.099 470.811 
361.721 356.851 369.377 358.473 339.022 326.288 332.847 382.123 352.748 356.705 348.591 366.216 350.495 340.918 358.998 357.757 346.629 322.304 338.564 348.575 367.175 358.829 333.541 377.357 362.726 346.27 364.697 368.867 363.665 351.293 351.57 362.788 338.89 327.023 353.939 344.974 340.821 350.426 364.357 337.151 346.199 349.792 367.793 351.11 359.939 349.306 350.767 335.776 346.933 333.091 340.155 
155.57 128.8 146.224 140.38 153.023 148.877 142.355 134.871 140.451 134.642 142.649 141.157 137.934 154.96 141.24 154.045 147.282 154.021 141.672 141.403 145.028 139.692 150.78 153.961 135.844 150.347 144.235 140.998 144.245 142.256 159.606 139.375 138.839 138.396 145.271 147.807 144.102 134.499 151.227 141.464 154.257 149.597 154.879 145.293 146.772 135.658 147.769 146.9 151.25 139.847 148.065 
