561.2 760.079 655.578 693.279 470.924 581.136 514.422 432.546 648.675 746.115 621.658 509.797 435.281 286.713 701.333 460.169 403.306 436.144 564.697 654.457 767.469 765.494 536.677 444.08 637.641 399.226 280.773 444.579 448.629 498.046 519.64 645.438 641.506 347.856 760.008 731.262 605.88 364.392 601.898 755.549 723.539 553.829 658.299 462.39 480.743 692.25 637.778 454.962 679.323 686.214 492.493 
274.668 465.675 464.584 401.357 455.374 363.661 514.422 432.546 524.561 452.784 509.135 329.045 434.804 286.713 443.079 317.784 403.306 300.198 279.188 570.58 612.656 391.802 347.884 444.08 379.634 376.885 280.773 410.219 276.35 481.932 421.492 123.182 433.194 286.122 374.754 559.047 575.642 364.392 416.398 446.533 473.363 499.201 367.025 383.788 418.379 628.015 304.408 454.962 428.713 390.332 305.505 
221.212 181.354 332.371 401.357 446.796 363.661 225.357 432.546 473.707 417.381 372.375 329.045 345.079 222.172 443.079 317.784 390.092 232.392 112.452 272.695 579.49 391.802 347.884 444.08 233.315 68.8509 280.773 371.764 201.522 415.875 327.106 123.182 305.136 286.122 353.476 363.935 479.353 350.781 168.463 267.045 321.514 489.198 367.025 298.502 332.313 155.03 297.605 173.84 295.482 386.939 305.505 
221.212 181.354 84.0858 196.205 173.178 187.697 225.357 192.315 312.096 196.492 220.019 194.17 222.61 222.172 232.487 54.8259 175.546 232.392 112.452 240.237 344.225 171.556 302.432 134.09 204.185 68.8509 76.7704 153.756 201.522 232.732 111.946 123.182 204.83 122.706 93.1577 301.829 290.173 109.8 168.463 137.577 222.451 184.627 149.166 161.848 66.125 155.03 297.605 173.84 295.482 326.487 172.118 
95.5067 79.5496 84.0858 172.79 166.598 171.856 225.357 182.356 218.615 196.492 131.851 148.483 113.432 55.641 102.255 54.8259 103.736 177.023 95.0172 143.453 117.057 171.556 63.2578 107.046 45.3666 68.8509 76.7704 117.806 105.202 75.8953 111.946 71.2237 91.2272 122.706 93.1577 153.062 91.6119 18.8078 108.647 68.8075 185.409 90.0517 46.8572 135.941 66.125 101.242 95.7996 173.84 120.489 167.568 138.524 
65.626 35.1584 84.0858 49.6512 29.8256 29.3411 41.198 84.3198 131.22 61.0504 67.4124 83.7102 32.6951 15.5276 65.6016 54.8259 43.0712 39.2257 52.3208 76.252 38.3939 43.3532 34.2389 48.0532 40.3472 51.3527 57.1138 62.8004 66.1829 57.799 44.2125 38.6149 58.8709 40.709 60.3479 80.8366 35.4019 18.8078 20.7262 22.1347 22.9541 18.9201 46.8572 36.0292 51.4825 60.7692 51.1769 51.7422 39.6946 66.7909 58.4708 
23.4995 20.2198 38.4953 20.293 28.8439 24.5709 34.2336 16.6294 36.7453 28.1129 28.6163 30.5738 29.9683 14.5757 9.85932 36.0333 12.2693 31.45 17.4972 31.8794 30.0106 22.9502 18.7619 26.2839 24.5135 18.2386 14.1532 19.4669 20.0677 11.367 14.461 18.2537 29.4695 19.3881 11.4536 13.0612 32.8291 16.416 19.0859 22.1347 22.1024 18.9201 26.8743 16.0109 25.215 45.432 27.4286 24.9261 26.8903 26.0905 30.3222 
14.6304 11.0611 17.9223 7.58115 9.06583 8.57785 22.8685 7.63578 12.6245 15.0905 14.9839 12.5769 15.3314 6.24735 7.8935 10.2622 8.82662 12.0809 8.51941 6.93293 10.3499 11.5692 8.28585 14.464 7.01639 9.25149 7.05139 12.3529 12.2135 8.10258 9.54296 10.866 9.8752 11.2651 9.35091 12.9705 5.52325 5.70806 10.428 8.06147 5.95098 10.2204 11.6072 9.05511 15.6272 16.8079 17.3888 16.0444 8.59511 13.4844 10.8128 
5.48763 3.86388 10.5343 4.8082 4.88373 6.84908 5.71417 3.84039 3.33723 7.06794 4.66576 6.4107 7.26742 4.95184 5.12521 4.6458 4.17234 3.74416 5.33943 6.29481 4.57832 5.05251 4.62357 4.72581 4.63557 5.71351 4.36063 5.1709 5.94308 6.57946 5.46484 3.49262 6.94044 5.42641 6.40816 4.09659 5.52325 4.75878 5.69613 5.20304 5.19322 4.52228 4.70989 8.43911 3.76397 4.31578 9.59505 7.32005 4.74135 5.40751 4.45156 
3.83034 2.70459 3.74056 3.32358 3.20534 3.53312 3.71882 1.79469 2.9995 4.23595 2.73583 3.34827 2.75699 2.68919 4.92878 3.06821 2.57849 2.449 2.50324 2.67123 2.43132 3.18484 3.43319 3.76501 2.99409 2.91221 2.89667 3.37651 4.75278 3.29734 3.10681 3.24386 2.59435 2.76785 4.05213 2.90758 3.07144 2.54289 3.30835 3.60212 3.10799 3.20764 2.44739 2.93074 3.76397 1.19009 3.58646 3.49153 2.82115 3.71091 1.8777 
2.97683 1.523 2.01898 2.51881 1.79867 0.899285 1.81148 1.246 1.95431 1.31277 2.20966 1.94945 2.64716 1.65654 2.77582 2.44871 1.31827 1.70904 1.77567 2.13676 1.82543 1.00214 2.03679 1.80279 1.01242 2.09132 2.28964 2.31634 2.84496 1.92444 1.81337 2.54645 1.98792 1.15557 2.87275 1.04611 2.38672 1.21319 1.52045 2.39882 2.01703 1.89436 1.17573 2.46667 2.71443 0.612753 1.66031 2.2218 1.46334 1.47833 1.0785 
1.6092 0.757404 0.597368 0.628486 0.730714 0.286064 0.454051 0.271182 0.805735 1.14724 0.943704 0.820465 1.48763 0.92966 1.5119 1.8884 0.751442 0.739005 0.781847 1.58567 0.917159 0.532512 1.09047 0.746024 0.924201 0.958681 1.66763 1.07942 0.785151 0.527737 0.528858 1.39915 0.561132 0.946277 0.629812 0.903307 1.49478 0.560253 1.09962 1.58268 1.12355 1.25693 0.766054 0.998024 1.59898 0.515635 1.15563 1.15258 0.630166 0.628195 0.782834 
0.256485 0.363345 0.3501 0.492733 0.683875 0.228651 0.241544 0.219454 0.678686 1.13516 0.694069 0.720287 0.889895 0.669217 0.704977 0.968898 0.661025 0.702892 0.647447 0.545326 0.714079 0.508079 0.763411 0.709471 0.915024 0.753595 0.64839 0.722982 0.727429 0.501322 0.495349 0.858686 0.519236 0.929527 0.521081 0.870186 0.442377 0.48501 0.935717 0.800204 0.742366 0.843014 0.671579 0.940078 0.446623 0.49987 1.13648 1.14017 0.434465 0.409341 0.782419 
0.250232 0.33061 0.350031 0.492732 0.683874 0.228649 0.240705 0.209773 0.678633 1.13516 0.231606 0.720287 0.664875 0.669201 0.389185 0.724592 0.661025 0.702664 0.624743 0.479299 0.714076 0.508079 0.446323 0.703885 0.911673 0.327676 0.625117 0.722887 0.727429 0.499696 0.473605 0.701908 0.519234 0.929527 0.49969 0.870164 0.440872 0.485008 0.935717 0.0807061 0.445341 0.0247998 0.671579 0.901148 0.4418 0.4998 1.07235 1.14017 0.0311787 0.409053 0.782419 
