1654.3 2206.59 2042.94 2252.62 2037.04 1764.41 2324.04 1801.78 1914.88 1897.92 2098.18 2103 1623.57 1910.38 1607.66 2145.81 1993.05 2060.29 1843.09 2082.53 1973.63 2215.12 1832.46 1825.16 1990.7 2066.2 2230.25 1922.62 2259.54 1979.7 1979.48 1995.87 2082.34 1688.02 2080.72 2285.54 2126.73 2006.35 2217.26 2031.53 2151.67 2040.19 2177.68 1904.52 2005.77 1879.13 2285.2 2111.08 2110.77 2142.13 1575.73 
1475.88 1457.22 2008.94 2010.4 1933.31 1764.41 1705.01 1801.78 1914.88 1897.92 1750.68 2103 1623.57 1910.38 1607.66 2145.81 1993.05 2060.29 1843.09 1415.85 1857.41 1704.53 1668.79 1825.16 1990.7 1959.96 2218.7 1922.62 1978.84 1979.7 1979.48 1939.04 1887.55 1688.02 2080.72 1961.55 2125.16 1892.51 1797.22 2026.63 1884.46 2040.19 1646.8 1904.52 2005.77 1879.13 2120.97 2111.08 1989.82 1742.45 1575.73 
1475.88 1457.22 1953.41 2010.4 1933.31 1764.41 1614.17 1801.78 1870.52 1682.42 1320.57 1981.9 1426.03 1910.38 1607.66 1757.7 1993.05 1829.92 1843.09 1415.85 1857.41 1704.53 1668.79 1825.16 1990.7 1959.96 2062.2 1922.62 1978.84 1859.73 1891.54 1939.04 1887.55 1646.6 2080.72 1961.55 2104.35 1892.51 1797.22 1702.16 1884.46 2040.19 1646.8 1904.52 1805.01 1780.74 1914.68 2111.08 1989.82 1742.45 1575.73 
1475.88 1457.22 1953.41 1574.5 1542.04 1723.69 1363.92 1789.98 1870.52 1531.11 1320.57 1747.52 1426.03 1910.38 1607.66 1757.7 1993.05 1829.92 1843.09 1415.85 1357.24 1704.53 1665.7 1807.65 1990.7 1913.97 1619.12 1390.93 1763.26 1859.73 1839.68 1613.11 1887.55 1646.6 1956.71 1867.11 2104.35 1892.51 1797.22 1702.16 1467.91 1947.81 1646.8 1784.62 1805.01 1708.3 1914.68 1714.06 1943.66 1742.45 1575.73 
1475.88 964.866 1900.64 1574.5 1542.04 1723.69 1363.92 1789.98 1407.43 1516.89 1320.57 1747.52 1426.03 1419.09 1425.92 1665.34 1612.75 1702.99 1729.89 1415.85 1357.24 1449.71 1477.94 1646.66 1962.38 1570.79 1478.86 1390.93 1637.23 1725.39 1289.08 1302.89 1585.72 1646.6 1952.01 1468.91 1801.18 1642.16 1556.42 1434.56 1418.71 1947.81 1646.8 1784.62 1722.37 1708.3 1892.88 1714.06 1483.38 1494.14 1575.73 
1475.88 964.866 1505.21 1176.51 1349.36 1714.72 1247.88 1486.83 1407.43 1347.33 879.602 1473.2 1316.47 1419.09 1425.92 1665.34 1612.75 1124.11 1319.72 1339.19 1357.24 1399.92 958.571 1455.04 1404.95 1570.79 1478.86 1337.88 1551.18 1450.27 1289.08 1302.89 1440.29 1496.6 1126.99 1295.68 1442.76 1531.45 1539.8 1434.56 1331.87 1517.92 1538.6 1551.56 1629.98 1708.3 1532.08 1466.05 1356.39 1494.14 1565.36 
880.428 964.866 1281.97 1176.51 937.464 1487.9 1191.63 1157.93 1291.63 1347.33 745.749 1144.35 1003.44 1419.09 1237.67 1384.19 918.62 1124.11 1319.72 1225.9 1114.07 1395.78 680.868 1237.69 982.202 1223.37 1229.26 1057.2 1141.41 685.938 1289.08 1302.89 1000.52 1046.37 1126.99 1295.63 1044.03 1032.75 1346.78 1434.56 1331.87 1150.79 1230.14 1432.47 1532.4 1193.65 1446.78 1176.38 1350.49 1252.74 1549.88 
757.068 875.752 504.465 1032.78 896.722 603.907 1057.54 1031.37 981.924 1012.15 517.027 759.469 1003.44 1052.03 903.856 788.503 713.331 1088.42 899.867 1125.44 794.338 1031.04 680.868 802.912 926.236 1086.43 890.656 667.198 1130.13 666.377 698.844 821.106 841.067 802.24 1002.38 863.82 652.245 797.815 1135.48 798.973 971.921 1010.15 858.221 824.936 547.378 1191.81 1195.97 1155.09 1022.75 802.753 1078.49 
753.583 558.499 501.59 922.307 856.544 568.948 981.851 993.784 840.983 882.789 488.06 533.317 694.576 377.805 648.582 336.255 522.367 538.081 803.393 838.022 517.406 794.517 528.634 772.785 837.517 637.939 709.299 536.545 690.578 658.733 698.844 640.837 808.615 678.315 841.049 641.849 593.312 797.815 861.079 607.408 916.543 833.041 730.172 457.08 468.474 1080.77 1010.65 398.075 675.149 675.489 994.301 
551.571 333.189 345.221 635.364 452.779 568.948 683.228 862.756 666.251 796.079 229.999 401.203 502.731 354.296 473.215 228.127 455.566 212.361 654.731 757.154 408.183 722.589 363.712 663.915 690.353 629.976 308.61 302.015 431.377 624.152 616.91 639.012 743.886 631.302 682.945 633.564 484.786 545.549 397.39 382.848 523.896 573.375 678.518 451.058 329.821 397.162 947.765 240.347 597.408 275.383 816.182 
265.201 280.382 315.283 325.978 351.677 510.813 295.424 451.986 383.848 768.312 111.784 401.203 502.731 202.702 376.825 45.4954 427.506 125.268 614.793 346.379 220.153 349.319 259.665 402.404 293.063 297.556 134.868 208.781 341.68 397.506 298.822 328.502 474.47 411.952 481.42 406.623 461.05 89.9667 340.921 239.484 293.982 367.542 208.682 298.194 243.522 266.276 748.772 229.188 330.398 247.957 437.202 
108.815 93.8098 74.3232 261.637 240.877 318.27 146.639 75.1596 101.63 429.9 31.7698 238.159 178.924 15.0691 84.0054 17.5747 264 41.6288 509.091 113.621 178.021 246.934 148.465 239.604 60.3314 31.2562 39.5563 169.466 174.286 72.6477 141.383 84.0033 266.884 21.2465 247.255 206.82 140.137 56.4682 99.5627 96.5011 66.4014 180.92 128.914 115.318 150.032 231.464 413.782 162.353 156.968 26.9069 211.18 
12.9422 14.3731 16.5527 135.692 22.8208 257 7.78537 28.5449 33.2006 112.543 10.7357 152.887 126.83 6.47998 5.61017 7.85463 10.4831 7.69479 323.451 86.6861 4.18557 231.497 32.5959 190.198 26.6452 8.23162 10.6304 126.546 123.435 22.5485 27.2921 8.17364 166.342 5.12645 133.229 138.972 13.8705 12.8586 22.1417 50.1456 20.7093 131.637 3.07731 12.4082 135.865 132.117 146.361 129.365 17.9403 12.9476 14.4327 
10.3073 11.892 3.60232 11.892 10.2449 244.159 3.41496 15.182 10.3698 11.892 6.79117 140.325 125.456 0.312272 0.249818 3.66478 6.95483 3.60788 7.01728 28.5337 3.60232 15.2445 15.182 122.166 10.2449 7.01728 6.83146 123.615 0.312272 7.01728 15.1196 3.72723 118.876 0.249818 118.688 21.8246 3.60232 10.3073 18.597 25.4331 6.95483 125.331 0.374727 3.53987 118.626 125.658 0.499636 125.518 10.3073 10.2449 0.187363 
