2870.64 3342.67 3007.38 2921.91 3279.63 3218.95 2394.11 3183.83 3356.46 3174.23 2700.29 3419.28 3382.01 3143.17 3085.39 3538.38 3468.25 3049.57 3208.26 3006.6 3343.05 3519.26 3129.28 3295.39 4048.44 4056.81 2366.03 2937.97 3159.81 3180.62 3815.47 2869.14 3684.7 3308.28 3235.66 3638.06 2964.23 3139.09 3064.06 3249.65 3334.36 3319.26 2858.84 3402.82 2788.22 3609.96 3279.65 3596.64 4362.95 3375.89 3640.61 
2598.23 2836.66 2354.8 2694.17 2222.67 2255.56 2394.11 2637.95 2262.09 2532.57 2466.86 2737.63 2451.89 2399.47 2584.48 2582.16 2488.61 2680.49 2651.97 2218.25 2374.6 2753.48 2133 2498.56 2416.31 2367.87 2366.03 2593.9 2516.05 2067.65 2371.16 2429.67 2731.83 2454.95 2567.83 2695.32 2651.58 2551.65 2632.88 2455.36 2648.96 2404.29 2434.7 2842.59 2633.06 2453.62 2684.57 2607.03 2674.79 2874.21 2650.86 
1997.17 1716.28 1908.04 1844.2 1456.18 2255.56 2056.58 2168.35 2255.81 2160.37 2016.28 2268.27 2015.6 2061.36 2043.21 1888.91 2110.88 2093.61 2223.51 2187.28 1894.52 2247.07 1761.88 2071.15 2106.08 2267.85 1900.03 2236.56 1825.06 2067.65 2108.48 2057.08 1518.39 1690.71 1490.11 2249.21 2132.04 2039.83 1956.63 1796.05 2234.4 2179.76 2072.95 1990.59 2062.44 1976.4 2011.18 2055.67 2175.08 2125.36 1709.96 
1708.8 1716.28 1804.4 1431.57 1456.18 1705.22 1717.45 1513.88 1786.09 1618.52 1584.37 1895.33 1632.45 1840.26 1756.22 1610.11 1748.46 1791.73 1568.23 1893.71 1735.34 1287.41 1531.01 1872.82 1582.24 1493.12 1750.61 1738.08 1643.34 1805.82 1730.16 1402.66 1019.63 1690.71 1490.11 1823.33 1604.82 1471.88 1479.74 1663.28 1429.23 1617.53 1650.32 1682.62 1667.05 1547.99 1580.57 1794.41 1687.84 1512.18 1709.96 
1292.73 1222.79 1287.07 1149.82 1221.2 1308.71 1106.36 1478.86 1468.92 1398.18 1261.37 1339.72 1414.57 1500.19 1396.1 1408.19 1264.93 1085.3 1206.93 1280.21 1501.28 1287.41 1444.15 1457.33 1389.85 1263.44 1527.09 1435.87 1344.56 1421.61 1266.83 1014.21 1019.63 1387.91 1404.77 1392.82 1335.63 1159.73 1479.74 1120.48 1340.28 1283.65 1345.53 1347.57 1424.13 1330.14 1337.02 1323.28 980.865 1479.19 1410.38 
1226.79 1222.79 1190.57 1149.82 1221.2 1233.35 1106.36 1233.04 1278.76 1214.47 1106.65 1277.38 1155.62 1284.18 1266.34 1158.92 1113.26 1085.3 1206.93 1025.57 1393.45 1191.01 1180.69 1315.36 1100.53 1144.69 1114.67 1016.15 1048.13 1176.73 1205.17 1014.21 941.204 956.696 997.282 1268.31 1016.05 1013.64 1178.82 1120.48 1196.23 1180.76 1126.83 1242.53 876.953 1182.82 964.507 1075.83 980.865 1108.49 1157.01 
1061.69 1033.93 935.63 1001.99 1086.17 936.711 1002.41 980.657 1075.08 1026.52 1106.65 875.813 988.607 1123.81 966.299 1031.08 992.423 954.289 1014.98 967.135 1158.73 1066.15 1115.2 1063.86 1027.22 973.773 1029.77 791.378 1048.13 1176.73 1097.83 1014.21 941.204 877.917 896.546 1074.05 1016.05 930.915 973.417 959.806 1035.24 1019.89 891.96 1013.96 876.953 963.226 908.576 1070.42 948.409 1053.94 1043.99 
871.157 790.098 838.92 865.14 867.796 766.019 763.813 904.508 931.693 879.864 804.615 851.877 837.901 986.444 874.031 803.03 963.032 827.727 902.425 829.235 903.187 819.214 917.886 968.561 941.536 862.212 717.207 791.378 838.3 902.261 871.467 840.996 794.508 756.167 849.127 830.478 805.949 827.57 890.537 855.729 899.931 913.977 855.12 865.638 840.494 818.908 843.086 880.814 948.409 854.058 890.811 
737.668 790.098 771.328 815.129 811.99 760.42 704.37 733.588 777.853 775.488 791.782 687.762 686.975 750.356 760.783 801.443 807.823 774.414 723.139 744.656 778.565 705.659 758.687 700.978 754.024 742.06 717.207 718.907 694.361 754.548 748.747 787.761 749.482 725.865 742.185 760.567 721.872 740.997 797.432 716.925 834.022 731.942 710.054 683.523 777.658 712.775 741.844 750.098 774.163 752.998 823 
676.42 690.654 754.92 694.451 754.115 647.432 661.785 727.582 668.346 651.064 669.987 683.388 682.852 704.258 728.934 674.633 696.171 694.451 675.683 694.23 612.659 664.998 690.778 690.466 681.631 715.677 652.909 653.227 667.708 708.415 711.99 692.829 655.137 685.232 716.087 721.43 701.979 696.146 683.796 631.785 706.204 718.815 710.054 683.101 667.67 632.845 639.415 653.602 726.892 705.194 647.226 
632.88 637.346 681.731 678.677 637.501 588.172 630.298 608.384 621.284 630.737 644.397 650.473 634.397 637.921 631.907 594.806 649.116 643.041 617.601 659.822 565.328 632.82 602.02 619.72 620.516 615.554 584.623 570.821 587.045 670.18 622.142 654.353 588.547 647.563 633.017 708.544 637.311 689.23 626.189 616.361 606.733 656.678 655.257 657.165 633.89 618.841 609.893 619.586 635.18 637.748 635.473 
567.072 536.794 552.061 559.645 547.299 499.064 496.642 521.634 509.464 514.182 586.933 559.558 563.856 534.585 503.783 505.521 506.923 554.899 522.06 545.159 517.917 522.785 545.27 520.344 535.302 523.131 515.975 508.838 509.527 536.22 518.546 533.516 520.087 538.009 546.457 536.732 525.906 596.787 525.839 517.396 557.359 566.674 527.987 534.631 566.488 548.398 535.853 494.696 591.319 570.17 575.751 
485.606 490.105 495.033 494.659 499.878 476.338 473.36 483.009 476.109 472.424 495.873 496.505 481.085 480.092 466.571 476.941 465.85 474.645 469.995 484.405 474.504 475.544 482.936 470.12 471.507 480.138 481.046 473.047 465.583 488.503 488.353 486.876 483.092 488.85 478.796 477.707 489.837 488.976 462.165 482.177 495.307 482.36 467.121 494.034 506.286 471.068 487.564 469.128 468.46 485.909 492.487 
436.994 438.999 451.57 441.944 445.21 427.831 439.873 442.135 443.854 433.13 443.577 450.587 438.114 432.991 430.926 429.167 422.331 428.193 434.888 442.826 428.439 423.059 432.888 431.278 431.855 434.693 427.021 429.172 430.661 430.942 356.687 452.638 435.968 423.893 425.859 435.453 448.585 433.302 431.957 419.586 447.965 436.144 432.508 441.349 432.878 426.701 435.823 424.555 429.99 441.255 448.932 
