51683.6 56889.2 70265.3 79600.9 92643 95549.5 61308.7 66676 47834.5 21362.7 55611.6 79150.4 88681.4 40400.9 85359.7 31309.7 71464.5 77906.7 68799 102916 78445.5 90709.2 31055.2 56728.7 77041.2 42222.2 49307.2 48130.7 47228.2 89597.7 58518.1 72188.9 42396.9 44035.9 62550.7 41278.6 33562.3 47478.3 31844 57235.1 20547.7 101158 119962 51320 29820.3 47243.5 76459.7 62677.6 39108.7 49326.4 67772.6 
17894.8 14812 17424.9 18415.7 18877.2 17893.5 20392.2 19541.1 18774.2 20646.7 18470.1 16295.9 19756.9 17486.8 14052.1 15346.3 18820.6 18643.4 17685.1 16260.7 15321.2 15763.1 19523.1 14765.1 21682.2 14406.8 22046.3 14136.2 13422.9 17786.4 15661.6 20259.7 17099.7 18793.8 16049.6 18882.5 16136.9 18302.9 16909.6 18312.9 15758.5 19084.1 20010.5 16488.1 14892.5 15067.5 18191.1 19535.1 12492.3 20572.6 19205.7 
12854 13580.6 12928.3 12931.3 11893.5 10371.9 13949.5 12541.7 13223.2 14471.9 11984.5 13852.2 13228.2 14032.2 12843.5 14273.7 13631.3 13347.5 15461.4 13642.7 12378.6 13933.1 12386.9 12930.8 13967.9 11715 14488.3 12003.2 11578.9 14192 11490.7 13843.7 12645.6 12906.5 12365.6 12928.5 13935.5 13414.5 14162.8 14842.7 12972.6 12157.1 13564.9 12480.9 13199.4 12771 13974 14827.8 12492.3 13380.2 13928.7 
9399.3 9149.8 9431.67 9100.85 9615.26 8388.57 8621.34 9103.86 9264.88 8925.25 9512.29 9052.27 9799.45 9249.49 9298.96 8719.18 8015.87 9679.53 9098.61 9443.88 9125.16 9585.3 9223.2 9479.04 9586.76 8502.13 8920.31 9516.22 9243.33 9042.55 8652.14 8714.19 9478.28 8547.54 8739.66 8892.87 8970.23 9524.15 9526.34 8267.88 8307.99 9038.06 8887.59 8510.32 8566.56 9076.58 9538.68 9373.53 8870.45 9333.36 8690.69 
6951.81 6807.51 7066.84 6670.4 7050.72 6461.83 6708.63 6542.3 6974.47 6591.37 6729.57 6759.31 7119.68 7110.88 6714.03 7087.33 6729.64 6450.13 6666.28 6832.07 6603.27 6718.07 6620.23 6790.17 6823.55 6939.62 6529.58 6775.15 6805.04 6549.99 6961.23 6474.21 6718.63 6349.18 6864.71 6927.8 6124.45 6802.3 6122.85 6525.86 6617.43 6762.65 7235.74 6446.49 6815.11 6552.49 6911.72 6359.51 6189.8 6652.83 6744.66 
5908.86 6199.14 5321.84 6273.74 5950.38 5745.41 5934.24 5845.94 5863.07 6015.14 5593.49 5864.97 5513.81 5514.13 6196.78 6039.65 6037.89 5778.78 5773.71 5780.96 5784.46 5938.05 5563.02 5785.13 5638.08 5636.77 6019.29 5487.32 5682.99 5253.8 6033.98 5526.68 4801.19 5937.45 5694.79 5117.16 5180.46 5877.56 5879.82 5985.19 5623.49 6241.17 6432.24 5421.22 5398.75 6084.43 5343.87 6313.76 5846.59 5968.77 6303.18 
5360.86 5777.83 4918.02 5490.28 4769.07 5486.68 5653.48 5006.6 5270.75 5066.04 5196.75 4634.19 5513.81 5486.91 5423.77 5572.52 5221.19 5131.25 5314.37 4994.56 5390.55 5537.42 5335.65 5092.48 5268.55 5255.33 5032.63 5445.66 5569.77 5253.8 5780 5126.73 4801.19 5622.46 5220.48 5117.16 4931.67 5471.8 5317.05 5560.48 5343.08 5338.65 5739.02 5096.45 5398.75 5294.5 5343.87 5384.87 5830.73 5452.78 5313.37 
4757.92 5129.54 4816.33 5050.81 4396.34 5021.72 5469.77 4480.43 5042.7 4323.82 5082.01 4551.48 4952.3 4658.45 4750.1 4956.01 5221.19 4828.27 4634.41 4994.56 4353.61 5066.79 4904.83 4863.7 4647.74 4861.93 4491.63 4647.3 4780.76 4820.52 4955.86 4554.41 4555.24 4781.63 4737.79 4432.79 4931.67 5218.91 4697.57 4676.37 4753.32 4960.09 5456.95 4776.61 4674.81 4970.16 5159.71 4988.53 5073.83 4932.33 4420.77 
4388.44 4229.37 4357.93 4468.3 4168.46 4333.18 3970.94 4285.26 4355.26 4279.61 4420.41 4049.99 4309.93 4386.59 4077.63 4423.63 4508.38 4388.71 3788.04 4431.34 4155 4444.16 4021.47 4210.46 4100.18 4167.97 3988.06 4163.57 3782.12 4578.32 4239.8 4154.12 4552.3 4122.39 3740.13 4276.07 4089.39 4423.95 4215.97 4408.15 4680.21 4309 4961.66 4257.69 3819.45 4734.72 4165.64 4314.31 3895.77 4560.06 3898.94 
3755.29 3843.19 3942.89 3553.75 3458.32 4007.21 3812.04 3877.55 3801.86 3673.5 3367.1 3671.43 3137.83 3701.53 3804.06 3912.62 3413.62 3750.27 3500.35 3748.05 3741.55 3472.3 3923.44 3697.35 3860.89 3487.67 3475.78 3528.91 3300.6 3895.52 4156.47 3545.12 3949.9 3941.64 3138.45 3624.26 3574.76 3836.47 3982.02 4005.9 4045 4256.77 4097.07 3731.05 3152.63 4001.15 3933.36 3726.76 3650.84 3807.68 3292.63 
3321.48 3616.62 3432.24 3117.04 3042.51 3605.42 3094.23 3433.6 2928.5 3453.7 2738.64 3210.57 2888.82 3198.22 3076.29 3401.6 3144.55 3229.86 3146.79 3173.97 3479.38 3002.42 3217.42 2892.79 3380.29 3078.35 2857.98 3050.45 2663.95 3647.16 3656.64 3177.6 3413.54 3477.72 3038.46 2717.25 3237.17 3630.01 3245.05 3367.34 3417.24 3182.25 3088.84 3233.06 2977.84 3924.94 3476.56 3447.05 2854.68 3492.75 3037.82 
2992.13 2450.15 2961.39 2617.11 2646.03 3107.05 2710.44 2770.92 2370.59 3073.09 2618.77 2700.63 2425.67 2593.57 2520.95 2536.6 2704.98 2739.78 2626.43 2603 3056.51 2595.55 2827.02 2610.66 2848.74 2596.23 2482.34 2641.85 2362.76 3084.63 3210.93 2237.61 2611.93 2727.06 2532.67 2350.51 2704.59 2934.32 2855.41 2774.13 2882.49 2827.17 2432.63 2239.8 2770.88 3102.49 2699.26 2767.33 2546.42 2752.82 2435.61 
2166.38 2081.96 2271.22 1659.83 2113.77 2381.96 2182.98 2407.45 1895.98 2364.37 2107.65 2352.24 2056.23 1866.53 1855.08 2039.2 2085.91 2110.7 2235.66 2130.21 2453.56 2303.69 2284.83 2032.62 2095.78 2222.59 2052.81 1854.48 1789.64 2546.51 2473.67 1824.87 2016.5 2162.33 2026.18 1884.52 1952.52 2396.88 2375.33 2244.49 2304.1 2182.24 1858.77 1764.53 1921.42 2461.49 2082.15 2187.99 2023.72 1818.41 1970.49 
1412.6 1118.31 1499.9 1031.75 1294.42 1632.96 1429.56 1493.31 889.394 1348.18 1249.66 1488.73 1098.08 1107.11 1124.3 1358.05 1255.22 1600.78 1178.49 1138.91 1451.19 1249.45 1262.48 1182.26 1382.12 1201.09 916.599 1118.48 1002.08 1646.44 1472.25 1101.28 1174.94 1292.18 1135.46 1273.96 1036.48 1429.39 1237.9 1174 1311.11 1535.99 1038.5 1035.31 1126.45 1548.58 1211.73 1496.68 1044.13 1012.75 1233.6 
