1.93218e+07 1.31247e+07 1.10029e+07 6.20848e+06 2.0118e+07 1.87488e+07 2.34292e+07 8.28164e+06 2.66267e+07 1.43068e+07 8.17841e+06 2.06985e+07 3.05531e+07 2.38458e+07 3.29411e+07 2.2732e+07 2.74384e+07 1.09218e+07 1.08428e+07 6.06243e+06 2.04802e+07 2.19406e+07 2.38465e+07 1.23239e+07 3.4324e+07 5.20827e+06 2.23148e+07 2.13288e+07 1.72237e+07 1.426e+07 1.10132e+07 1.7926e+07 1.61662e+07 1.74272e+07 9.02485e+06 1.54319e+07 1.02861e+07 2.31274e+07 2.10169e+07 2.56593e+07 2.98382e+07 5.03913e+07 3.00501e+07 2.03282e+07 1.36669e+07 1.67007e+07 2.20064e+06 1.88455e+07 2.51504e+07 2.22828e+07 1.8005e+07 
6.94818e+06 5.03014e+06 5.05715e+06 6.20848e+06 9.15858e+06 6.86509e+06 5.65298e+06 3.44623e+06 6.81373e+06 1.21118e+07 3.04112e+06 4.5501e+06 9.16677e+06 4.82811e+06 5.91711e+06 2.45163e+06 6.80591e+06 4.57001e+06 7.94884e+06 2.43343e+06 5.52852e+06 5.89267e+06 7.4547e+06 3.54591e+06 6.16417e+06 5.20827e+06 9.47039e+06 5.6433e+06 1.05587e+07 8.82672e+06 1.06134e+07 6.42294e+06 4.92154e+06 1.64756e+06 7.44034e+06 9.67365e+06 7.70891e+06 8.89899e+06 6.40673e+06 2.46591e+06 9.63724e+06 1.07248e+07 1.06842e+07 8.00528e+06 6.93341e+06 9.62632e+06 2.20064e+06 9.97299e+06 1.39834e+07 1.82594e+07 2.67032e+06 
2.05957e+06 1.79331e+06 563366 772132 4.7017e+06 4.77424e+06 3.25218e+06 3.44623e+06 5.1893e+06 5.51947e+06 742088 4.5501e+06 1.87406e+06 4.82811e+06 1.06811e+06 2.45163e+06 1.95825e+06 3.83753e+06 2.05339e+06 1.84918e+06 444845 2.56583e+06 3.30321e+06 1.98315e+06 1.45912e+06 3.2927e+06 3.54961e+06 3.11095e+06 2.1692e+06 587539 7.17504e+06 5.81416e+06 2.05063e+06 1.64756e+06 1.69725e+06 3.87729e+06 1.83759e+06 3.24757e+06 3.55538e+06 1.84864e+06 2.09708e+06 2.51332e+06 2.70397e+06 5.62762e+06 3.89479e+06 2.4966e+06 2.20064e+06 2.63724e+06 5.45088e+06 5.03516e+06 2.67032e+06 
209054 717303 215470 772132 1.84969e+06 370787 708342 1.63898e+06 1.56989e+06 2.27933e+06 293957 1.09372e+06 556064 543057 835777 157202 206475 432005 545219 1.16169e+06 339450 712109 1.20509e+06 130131 1.05615e+06 248879 2.31615e+06 1.98056e+06 830864 587539 672234 1.41237e+06 313877 24034 374829 1.7309e+06 313818 257380 269033 1.2621e+06 158429 441411 358805 1.46565e+06 646303 1.96741e+06 152297 524317 2.01993e+06 582877 756142 
5909.75 39358.6 70559.9 10842.7 54863 18856.8 7141.29 52046.3 71315.8 74821.4 13471.4 45433.2 23610.9 21571.6 32620.2 41489.6 8900.17 33352.2 64182.8 18563.1 24366.4 42647.4 37846.2 7449.52 16684.8 17859.8 42930.5 10906.4 8859.3 30768.8 98594.3 70262.3 9047.89 24034 10807.9 5303.99 9352.59 37942.1 21119.1 6430.05 20393.8 21180.7 18170.7 26206 41066.9 197952 27574.8 68774.1 45234.4 18157.4 36637.1 
509.244 639.698 667.417 679.558 688.645 591.923 635.795 542.788 667.525 644.996 533.481 709.606 613.365 568.067 530.378 714.643 627.846 607.345 598.423 607.846 589.033 541.172 658.861 616.769 563.327 624.404 575.576 520.971 579.496 696.843 618.602 1382.07 531.495 1084.6 530.447 600.842 498.168 701.985 645.075 547.944 610.285 637.794 676.29 612.368 536.527 887.353 598.357 609.115 603.596 505.33 578.517 
399.708 407.67 399.928 400.094 413.456 401.292 402.105 401.404 406.692 407.601 397.943 402.388 401.945 399.19 401.542 402.696 403.872 401.467 399.227 398.647 406.106 406.744 402.507 402.389 402.828 402.311 405.284 400.036 404.904 404.615 404.169 423.977 399.456 411.592 401.463 402.469 400.188 410.025 400.676 402.498 402.057 405.226 406.174 403.545 402.313 405.241 401.053 406.865 403.556 402.677 401.251 
395.283 395.582 395.655 395.41 395.778 395.803 395.315 395.504 395.94 395.688 395.587 395.65 395.683 395.364 395.474 395.285 395.777 395.575 395.524 395.34 395.8 395.715 395.514 395.274 395.293 395.444 395.82 395.621 395.541 395.472 395.428 395.96 395.446 396.145 395.407 395.47 395.435 395.678 395.451 395.638 395.544 395.796 395.831 395.303 395.555 395.476 395.588 395.99 395.394 395.828 395.515 
394.965 394.943 395.057 394.756 394.916 394.948 394.791 394.837 395.075 395.17 394.822 394.913 394.955 394.913 394.831 394.987 394.906 394.901 394.758 394.791 394.917 394.965 394.76 395.005 394.713 394.89 395.06 394.955 394.831 394.946 394.813 394.982 394.956 395.125 395.021 394.842 394.774 395.045 394.853 394.829 394.88 394.899 394.922 394.874 394.899 394.855 394.964 394.998 394.892 394.862 395.086 
394.561 394.516 394.625 394.516 394.527 394.513 394.505 394.57 394.543 394.546 394.531 394.523 394.51 394.533 394.549 394.551 394.673 394.509 394.525 394.56 394.509 394.63 394.502 394.546 394.504 394.561 394.68 394.576 394.506 394.514 394.504 394.548 394.681 394.534 394.62 394.535 394.523 394.731 394.564 394.52 394.538 394.557 394.511 394.556 394.503 394.518 394.545 394.675 394.528 394.525 394.532 
394.501 394.501 394.502 394.514 394.501 394.501 394.501 394.514 394.515 394.514 394.502 394.514 394.504 394.501 394.514 394.514 394.665 394.501 394.514 394.501 394.501 394.515 394.501 394.501 394.501 394.501 394.515 394.514 394.501 394.501 394.501 394.514 394.665 394.501 394.501 394.515 394.516 394.685 394.514 394.502 394.514 394.501 394.501 394.501 394.501 394.501 394.514 394.665 394.514 394.501 394.514 
394.501 394.501 394.502 394.514 394.501 394.501 394.501 394.514 394.514 394.514 394.502 394.514 394.504 394.501 394.514 394.514 394.665 394.501 394.514 394.501 394.501 394.515 394.501 394.501 394.501 394.501 394.514 394.514 394.501 394.501 394.501 394.514 394.665 394.501 394.501 394.515 394.516 394.685 394.514 394.502 394.514 394.501 394.501 394.501 394.501 394.501 394.514 394.665 394.514 394.501 394.514 
394.501 394.501 394.502 394.514 394.501 394.501 394.501 394.514 394.514 394.514 394.502 394.514 394.504 394.501 394.514 394.514 394.665 394.501 394.514 394.501 394.501 394.515 394.501 394.501 394.501 394.501 394.514 394.514 394.501 394.501 394.501 394.514 394.665 394.501 394.501 394.515 394.516 394.685 394.514 394.502 394.514 394.501 394.501 394.501 394.501 394.501 394.514 394.665 394.514 394.501 394.514 
394.501 394.501 394.502 394.514 394.501 394.501 394.501 394.514 394.514 394.514 394.502 394.514 394.504 394.501 394.514 394.514 394.665 394.501 394.514 394.501 394.501 394.515 394.501 394.501 394.501 394.501 394.514 394.514 394.501 394.501 394.501 394.514 394.665 394.501 394.501 394.515 394.516 394.685 394.514 394.502 394.514 394.501 394.501 394.501 394.501 394.501 394.514 394.665 394.514 394.501 394.514 
