288915 275159 272868 301296 333362 308991 291766 295528 241879 308073 282952 305213 297918 213789 306465 242463 254527 332293 280985 299905 274741 236408 296110 298506 272537 284085 198812 340472 304731 314591 269288 233081 266384 282295 326727 290659 201163 327902 303746 297042 271706 278533 382412 330564 288237 236099 339246 270778 288703 260439 286538 
281059 275159 251728 275991 293695 256056 206255 252075 241879 241382 237945 206998 275292 213789 299814 242463 207721 245960 280985 265855 273283 233282 267500 250741 272537 240083 198812 246531 261025 236337 264153 205309 231043 282295 266204 213624 200881 214239 222299 271010 271706 278533 278239 231874 255442 236099 282913 235077 230187 245947 264340 
267638 213290 235074 229765 247850 236991 206255 244708 241879 241382 237945 206998 241975 213789 238328 196776 183273 245960 231037 234786 220888 205002 233197 250741 184808 231633 192645 246531 224224 236337 249997 205309 231043 263699 158936 213624 200881 214239 222299 219296 252528 217596 241162 231732 234983 230106 196888 235077 213535 209513 233604 
196670 189624 208916 196078 236030 211807 206255 225447 214407 193185 155228 206998 229172 192731 214676 193511 183273 204428 228797 185180 220888 192911 165208 250741 184808 143128 192645 203895 216141 230005 222977 205309 215787 202601 158936 192630 200881 214239 205475 219296 252528 188818 207733 225096 234983 180248 196888 235077 190050 209513 211937 
149709 112313 116264 85787.7 149169 142192 159884 117804 162387 103483 135484 147477 155744 88188.3 117833 134158 106886 148179 131840 112387 153109 99489.7 136503 157631 138357 115022 127128 123732 137810 124473 145076 150657 108722 139187 151873 124476 122633 107798 139056 157360 118816 132647 114225 141335 149810 120213 115737 152175 119057 143090 132882 
5899.39 3439.84 3410.19 4067.58 5484.22 5433.07 6971.92 5812.59 4812.94 4717.41 5260.61 5757.84 7960.13 2823.6 5136.97 5762.04 4671.26 6439.98 3844.24 5385.33 3428.86 4791.72 6342.82 6264 5767.27 4596.13 5254.84 6071.81 8138.16 3875.54 8033.22 5508.65 4397.34 5682.87 5471.73 3863.32 5029.25 4146.33 5129.97 4846.74 4788.21 4203.33 6124.89 4210.27 7962.72 4292.27 4141.71 6885.69 5565.78 3969.07 7552.68 
21.0551 34.1623 14.6966 31.4636 50.7199 47.3085 77.6108 44.6759 35.5244 37.9958 31.311 36.0091 48.6877 30.2838 42.2746 30.6062 19.7816 48.3992 25.7076 44.386 30.2941 31.9693 37.3663 72.3494 40.7083 28.5482 36.7383 35.7867 52.2907 26.2015 89.6234 39.0324 25.9703 50.6214 30.5453 29.8113 65.7628 25.0874 34.6944 46.9718 39.9553 39.3053 38.4395 28.2635 48.8434 18.2615 42.174 35.6327 29.2676 46.6328 37.3018 
0.0838858 0.117143 0.065162 0.0884455 0.23935 0.117431 0.316175 0.192762 0.128121 0.236586 0.237782 0.207474 0.125456 0.0654381 0.30634 0.119354 0.0878482 0.227095 0.105071 0.182182 0.0800308 0.156532 0.201994 0.465999 0.13813 0.0633121 0.139935 0.135816 0.214925 0.105146 0.319803 0.142046 0.109665 0.18272 0.133584 0.115832 0.377594 0.0611216 0.109739 0.274098 0.193601 0.18572 0.155461 0.139277 0.201344 0.0810433 0.153722 0.257371 0.105417 0.245665 0.0972971 
0.000102451 7.5311e-05 6.33811e-05 0.000188337 0.000362172 0.000192885 0.000535262 0.000476472 7.83906e-05 0.00012771 0.000199135 0.000427113 4.40144e-05 0.000111297 0.000303092 6.16213e-05 0.000110638 0.000283273 0.000250908 0.000309203 0.000143424 0.000146082 0.000234683 0.000622386 0.000149045 0.00010505 0.000208723 0.000205732 0.000492282 6.10266e-05 0.000323566 0.000293543 5.16151e-05 0.000185729 0.000164629 4.38177e-05 0.000443251 3.32909e-05 4.99973e-05 0.000430991 0.000244265 8.76688e-05 0.000261651 0.000272442 0.000185517 4.37401e-05 0.000192555 0.000564472 3.84068e-05 0.000433398 9.0265e-05 
3.0761e-07 7.30624e-08 1.80435e-07 4.86575e-07 1.13812e-06 2.20121e-07 1.84078e-06 4.15818e-07 7.33524e-08 3.28611e-07 3.10694e-07 5.1392e-07 1.09974e-07 2.12745e-07 5.15463e-07 7.29934e-08 1.5379e-07 4.14073e-07 5.3462e-07 5.32994e-07 7.84076e-07 2.08975e-07 3.15799e-07 1.56518e-06 1.07651e-07 2.68319e-07 1.25393e-07 1.6412e-07 3.9511e-07 6.07102e-08 4.29232e-07 2.9953e-07 1.25995e-07 3.37638e-07 5.54137e-07 6.15162e-08 7.62023e-07 3.47452e-08 2.75189e-07 3.62391e-07 1.16912e-06 1.43657e-07 3.1333e-07 4.76565e-07 4.42575e-07 1.43522e-07 2.73794e-07 1.16803e-06 4.11291e-08 1.17142e-06 2.9257e-07 
0 0 0 0 0 0 0 0 0 0 0 0 0 0 0 0 0 0 0 0 0 0 0 0 0 0 0 0 0 0 0 0 0 0 0 0 0 0 0 0 0 0 0 0 0 0 0 0 0 0 0 
0 0 0 0 0 0 0 0 0 0 0 0 0 0 0 0 0 0 0 0 0 0 0 0 0 0 0 0 0 0 0 0 0 0 0 0 0 0 0 0 0 0 0 0 0 0 0 0 0 0 0 
0 0 0 0 0 0 0 0 0 0 0 0 0 0 0 0 0 0 0 0 0 0 0 0 0 0 0 0 0 0 0 0 0 0 0 0 0 0 0 0 0 0 0 0 0 0 0 0 0 0 0 
0 0 0 0 0 0 0 0 0 0 0 0 0 0 0 0 0 0 0 0 0 0 0 0 0 0 0 0 0 0 0 0 0 0 0 0 0 0 0 0 0 0 0 0 0 0 0 0 0 0 0 
