1222.21 17542.4 3093.25 1306.89 2362.73 206.054 21949.9 23011.7 879.962 17947.9 20107 7043.26 776.469 5231.9 7539.13 8588.82 13245.7 2488.01 1052.01 12040.5 42500.1 7683.52 10106.4 6309.77 10197.3 9049.52 253.665 10077 7461.63 1552.95 9779.46 5859.15 20808.6 37783.3 5730.02 219.216 821.126 1876.79 3913.65 4043.25 3409.53 1005.71 8432.73 4305.45 12846.4 1890.16 7829.06 2342.15 1258.86 3708.06 6979.47 
1222.21 985.605 1068.94 1306.89 2362.73 189.259 909.624 626.711 879.962 1165.89 1234.9 509.243 776.469 475.138 1430.4 1762.65 1286.3 1472.08 291.432 408.827 1893.41 1432.91 1624.48 922.958 1642.83 408.157 253.665 9549.49 4181.79 1552.95 1089.34 406.042 733.02 3218.14 1491.26 219.216 808.027 1853.45 279.435 572.032 3409.53 1005.71 669.648 1647.87 481.1 1680.16 427.326 193.88 1258.86 675.69 1831.64 
116.835 103.596 207.835 458.194 808.685 163.476 143.76 626.711 632.76 485 318.814 170.408 385.267 313.917 671.376 687.886 117.074 327.632 291.432 120.694 284.388 1432.91 294.358 804.415 372.939 408.157 253.665 722.554 1036.41 429.475 606.071 406.042 367.183 123.009 1491.26 219.216 189.551 154.34 279.435 278.385 754.536 644.238 517.71 488.523 149.771 346.135 427.326 179.981 165.241 314.213 1831.64 
92.1678 103.596 113.79 104.19 109.812 91.3905 93.2331 104.953 127.878 70.971 82.6414 103.482 81.4071 123.851 95.2512 95.013 101.22 103.367 103.799 84.7809 154.889 107.084 67.5828 110.977 55.6026 91.0032 70.3153 133.997 83.9498 139.362 120.183 109.828 91.5 105.608 106.796 121.032 91.8154 120.692 107.646 120.538 107.61 72.86 92.941 81.5681 104.628 70.8849 72.9631 86.8458 77.519 96.6804 122.161 
38.2486 35.5188 34.1543 35.6684 27.0031 26.15 36.1051 34.3119 32.8451 32.8837 37.578 23.2939 35.5203 29.97 35.9844 37.054 31.5877 32.5932 31.0261 31.9271 32.9499 31.6318 28.8933 35.2536 34.5782 39.5956 37.1691 35.717 33.7406 32.2685 34.0782 29.9754 28.6639 35.1008 29.0735 35.5729 36.82 34.9907 35.3438 33.4697 27.4329 31.7523 32.7632 37.6891 36.8585 31.3635 37.3511 35.0895 34.7612 36.0482 27.8764 
25.8224 28.9042 23.6844 23.5665 27.0031 26.15 25.0492 27.457 24.9512 22.3293 27.3072 23.2939 16.3771 25.2744 27.0726 18.8223 24.9899 27.3997 13.7552 25.2318 26.1538 16.9941 26.8093 20.7191 25.2183 26.9463 25.7165 27.8992 22.8585 23.7528 26.0517 23.5319 22.0872 28.656 20.0897 27.2768 26.3739 24.4214 23.107 21.7999 25.0326 26.577 24.701 27.433 26.3961 18.5776 25.4802 25.4859 25.9331 22.6856 27.547 
22.3781 26.5053 22.5435 13.386 16.0472 22.6695 21.2094 22.0442 14.755 13.8721 21.131 23.2939 16.3771 17.0127 25.9869 18.8223 22.3235 23.8557 13.7552 22.5372 18.1303 16.9941 23.3363 14.9398 23.9949 15.8735 23.158 23.9073 14.7298 9.23057 16.9727 20.6761 15.3472 19.9532 13.3649 23.5597 20.0428 22.2982 20.9653 21.2319 16.3941 23.8324 17.6397 13.1249 21.6947 18.5776 12.3598 22.4635 24.5655 13.5894 18.7982 
12.3056 12.438 9.16278 7.63813 11.977 7.47684 12.325 16.4824 7.91356 12.2328 11.5584 10.5159 7.36158 9.06583 17.5644 8.06777 8.63176 18.3307 12.7135 14.1304 12.9877 10.2561 9.99959 13.9471 13.2782 14.4769 9.57896 17.1421 7.33127 5.32664 9.38566 9.98661 9.65397 14.3858 10.8058 15.295 10.1363 9.87545 10.4326 12.5354 10.4866 13.0763 8.94743 12.9516 15.8755 14.5555 9.17094 14.7015 18.7936 9.26642 12.2316 
8.72772 8.54612 5.30643 6.59358 6.00636 6.57813 8.6653 8.62234 7.01442 5.46036 10.8167 9.32989 7.22532 6.01421 11.981 2.15611 5.44075 5.11719 3.75337 6.40228 8.55833 7.69839 5.55039 6.64162 9.11942 6.78818 8.14719 10.0527 5.19379 5.32664 8.22861 7.67138 7.70891 8.90992 8.07376 7.10982 7.48259 7.99628 5.76518 7.17673 6.64053 10.6077 6.89423 4.12437 6.43678 6.97809 5.62954 9.61898 8.6109 4.28989 7.53232 
5.46149 3.70155 3.95774 4.4929 3.87696 4.33224 4.03902 7.19801 5.21643 3.43649 5.53098 3.48819 4.45004 5.18368 7.37388 2.05082 5.37836 4.59144 2.07128 4.74901 4.66088 4.56198 4.19673 5.16077 7.01835 2.72313 6.10486 4.00228 5.19379 4.00376 2.72584 4.4379 3.98117 5.29271 3.44139 4.23497 5.46109 5.01884 3.54875 5.48957 3.72979 5.62252 4.33352 2.75921 5.11896 4.60536 2.21674 5.45617 6.22263 4.28989 3.76497 
2.06194 3.39439 3.79823 4.4929 0.829607 3.10687 3.86281 5.4771 0.0235847 3.43649 5.20732 1.50475 2.23157 0.649067 4.26222 0.000707836 3.44206e-05 1.89476 0.0713293 0.192446 1.9264 3.63529 3.79698 4.93188 3.45031 1.81975 4.32753 0.558518 3.79931 0.00556245 1.57847 3.01612 3.61468 0.127639 3.44139 3.00362 4.80187 3.35664 3.4982 2.70404 2.77111 4.4709 2.256 2.75921 0.000572135 1.66979 0.353227 3.04908 4.73512 3.13781 0.0324345 
1.61852e-07 0.00993826 0.00218385 0.994963 0 6.35843e-07 0.0129769 0.000404725 0 1.07007 6.29954e-05 2.01569e-07 3.20951e-05 0 1.2187 0 0 0 0 0 0 0.00234699 1.24573e-05 0.0153366 0.759765 1.94873e-08 1.09553e-05 6.78292e-08 3.40707e-05 0 2.64242e-08 9.48545e-07 2.48787e-05 0 5.41014e-07 1.61759e-05 0.981215 0.00790671 0.00992232 6.76447e-05 0.0405103 1.39092 2.20513e-07 0.00573666 0 0 0 2.49956 1.15214 0.00197266 0 
0 0 0 0.994959 0 0 0 0 0 0.994959 0 0 0 0 0 0 0 0 0 0 0 0 0 0 0 0 0 0 0 0 0 0 0 0 0 0 0 0 0 0 0 0.994959 0 0 0 0 0 1.00787e-06 0 0 0 
0 0 0 0.994959 0 0 0 0 0 0.994959 0 0 0 0 0 0 0 0 0 0 0 0 0 0 0 0 0 0 0 0 0 0 0 0 0 0 0 0 0 0 0 0.994959 0 0 0 0 0 0 0 0 0 
