175906 158984 141799 132382 135497 104389 161769 203662 122978 132227 165188 151918 209124 165452 184632 137844 161524 167550 150910 113920 170466 132679 160061 147463 125937 203716 140596 135718 157566 132009 129765 124308 207701 135829 148098 159936 149677 151747 104550 106142 159485 170492 124800 130467 105327 163155 130445 156270 129329 169974 129297 
105853 111396 113117 129674 93961 104389 121768 143950 103002 119109 118793 151918 139588 126418 117015 133621 153611 130563 117704 94806 139898 127977 135267 107064 106663 127805 140596 64068.7 151367 126734 129765 124308 130701 135829 148098 129852 119296 151039 104550 106142 159485 116167 85558.1 120551 105327 111459 130445 131521 129329 108489 129297 
105853 111396 105224 97812 93961 92954.3 121768 134040 103002 115044 118793 118328 139588 126418 117015 121564 134352 124412 116710 94806 139898 101718 114535 107064 106663 111682 118876 64068.7 122111 120997 87812.5 114683 114112 107999 85164.5 129852 87945.3 115408 104550 106142 120726 115246 85558.1 102129 105327 103001 116501 122389 112398 108489 129297 
78900 98862.7 105224 93267.5 93961 92954.3 72099.6 86421.5 103002 107588 90090.1 89453.1 98627.5 76218.9 77130.5 73379.3 93490.1 113414 98481.5 88437.8 96388.4 101718 100510 94837.7 100223 103307 87440.7 64068.7 111867 69164.3 80116.1 67744.1 88897.2 73792.3 85164.5 80309.1 87945.3 88799.9 104550 92177.4 84440.6 79664 85558.1 101276 89578.6 83994.3 110469 56888.8 99263.6 100266 98400.3 
36554.7 26776.9 36623.3 34692.6 44855.1 47139.7 30215.1 27650.5 38921.4 42519.3 42329.7 31106.7 42281.7 46868.7 31624.6 44532.6 40052.6 40335.6 33969.8 43661.2 40293.6 24858.1 33603.6 31388.5 49107.5 45347.5 43099.2 36897.4 43045 39638.8 40541.3 43700 31750.8 34432.8 39359.3 27659.1 38566.9 29228.2 30163.2 38395.4 28807.7 27736.4 35385.5 45987 34751.6 32177.3 35970.7 28487 32402.4 25701.8 31276.2 
867.292 392.634 477.324 590.781 1042.11 980.235 790.16 861.576 858.659 674.337 890.101 732.233 1076.12 909.603 601.89 1238.71 916.193 908.964 951.159 1195.97 1013.79 608.284 794.149 687.741 1236.88 664.312 837.592 1024.9 773.43 955.391 1027.21 936.631 797.623 801.743 671.883 588.601 940.692 634.593 689.89 956.487 580.203 364.584 1086 1273.6 622.377 759.266 922.793 646.031 568.447 780.632 694.989 
2.28231 1.07376 2.48103 2.02961 3.07674 2.6151 2.327 1.90528 3.34682 3.26107 3.85867 2.54031 3.18714 3.54118 1.97561 3.97123 2.90326 4.29619 3.57516 5.59199 4.1341 1.43499 2.54295 1.94534 4.25194 2.31616 2.16779 3.97268 2.51599 2.02807 3.64842 4.52617 3.25394 2.72346 1.8745 2.54815 2.02422 1.71352 2.8548 3.47098 2.26593 1.41194 4.07811 3.28217 2.78679 2.30275 3.07804 2.99353 1.37171 2.5366 2.18653 
0.00327974 0.00220593 0.00197961 0.00194644 0.00479005 0.00386899 0.00215566 0.00204827 0.00334998 0.00341616 0.00549369 0.00415739 0.00442375 0.00406464 0.00194405 0.00394226 0.00210169 0.00300438 0.00468386 0.00480874 0.00320031 0.00139021 0.0037415 0.00280183 0.00490516 0.00296696 0.00356568 0.00539277 0.00468298 0.00224443 0.0043636 0.00540461 0.0031587 0.00256027 0.00317985 0.00223847 0.00413481 0.00180526 0.00278889 0.00412848 0.00240311 0.00168964 0.00441464 0.00365668 0.00341665 0.00362978 0.00260819 0.00228183 0.00206015 0.00479393 0.00251804 
1.38889e-08 4.31616e-08 4.95099e-08 3.23813e-08 7.82142e-08 5.24155e-08 1.33568e-08 3.33872e-08 2.81522e-08 6.76251e-08 4.02628e-08 2.60944e-08 7.69631e-08 7.36774e-08 1.4024e-08 2.49055e-08 3.24607e-08 1.86973e-08 7.74626e-08 3.1503e-08 4.31693e-08 1.82733e-08 3.38167e-08 4.68971e-08 6.68828e-08 3.9941e-08 9.01696e-08 4.54675e-08 7.71494e-08 3.00555e-08 6.13526e-08 5.63843e-08 3.628e-08 3.42536e-08 1.69182e-08 3.42896e-08 3.32532e-08 2.17986e-08 4.98551e-08 2.75508e-08 3.71288e-08 1.44156e-08 4.14745e-08 2.39424e-08 2.90384e-08 5.20521e-08 2.32784e-08 2.48386e-08 3.26793e-08 6.37701e-08 2.09436e-08 
0 0 0 0 0 0 0 0 0 0 0 0 0 0 0 0 0 0 0 0 0 0 0 0 0 0 0 0 0 0 0 0 0 0 0 0 0 0 0 0 0 0 0 0 0 0 0 0 0 0 0 
0 0 0 0 0 0 0 0 0 0 0 0 0 0 0 0 0 0 0 0 0 0 0 0 0 0 0 0 0 0 0 0 0 0 0 0 0 0 0 0 0 0 0 0 0 0 0 0 0 0 0 
0 0 0 0 0 0 0 0 0 0 0 0 0 0 0 0 0 0 0 0 0 0 0 0 0 0 0 0 0 0 0 0 0 0 0 0 0 0 0 0 0 0 0 0 0 0 0 0 0 0 0 
0 0 0 0 0 0 0 0 0 0 0 0 0 0 0 0 0 0 0 0 0 0 0 0 0 0 0 0 0 0 0 0 0 0 0 0 0 0 0 0 0 0 0 0 0 0 0 0 0 0 0 
0 0 0 0 0 0 0 0 0 0 0 0 0 0 0 0 0 0 0 0 0 0 0 0 0 0 0 0 0 0 0 0 0 0 0 0 0 0 0 0 0 0 0 0 0 0 0 0 0 0 0 
