176.122 409.247 384.885 429.786 125.917 200.849 251.146 362.405 130.046 219.862 193.384 322.654 243.863 146.366 324.233 315.181 293.01 361.494 158.324 334.785 302.345 92.7693 240.639 361.702 174.943 397.57 414.531 254.988 265.182 179.578 311.903 387.47 486.307 433.963 160.741 275.587 125.764 417.828 268.509 331.602 426.513 325.993 292.835 181.852 161.798 373.339 290.079 323.678 263.875 376.533 307.906 
107.771 87.5351 125.607 75.5579 125.917 106.315 119.591 70.6114 130.046 134.418 126.902 90.2941 115.823 113.183 105.578 103.538 119.719 104.742 36.6854 148.626 79.2875 92.7693 90.2161 65.9054 102.616 163.209 138.747 102.105 63.649 108.639 85.2522 66.3576 96.2298 85.5179 122.943 128.514 55.4281 58.2534 117.795 128.259 81.7509 95.7741 99.4406 148.264 124.421 107.235 65.2055 124.411 104.545 91.341 124.34 
40.7432 58.1383 40.1866 40.3242 60.0237 50.3711 51.9182 57.7765 49.0039 25.0307 49.575 50.8679 46.4788 61.4496 47.3064 29.536 68.3276 41.0985 36.6854 63.8517 57.5593 57.3564 35.0064 65.5217 52.8586 43.5822 40.0906 31.4048 63.649 41.3389 50.1789 30.9826 28.887 36.0283 65.7931 57.2485 49.1097 56.8659 56.1649 86.8397 22.9509 57.167 50.4778 32.0288 71.6114 57.0098 43.2149 51.6886 65.4445 52.3648 31.303 
17.5471 23.1225 21.1711 11.9904 24.7858 13.6462 14.3233 16.8388 24.2616 22.0599 17.8873 17.9331 22.9994 27.4481 13.8234 21.3627 21.4358 20.2985 19.3138 21.6145 15.1291 12.021 18.151 17.5475 21.595 18.1757 20.7257 14.019 18.9038 22.7723 22.1557 22.7131 16.0959 19.6213 23.0096 15.8596 14.32 20.7804 17.6557 21.7997 14.8593 15.2476 15.2329 17.3972 19.8977 18.2648 17.993 16.5517 18.1528 18.0848 13.4533 
6.43733 6.06666 6.80572 6.38894 6.43967 6.31417 6.83625 5.54793 6.84746 6.77218 6.77563 5.95501 6.31628 6.59574 6.88347 6.26312 6.76781 6.94266 6.51969 5.97937 6.00336 6.82176 6.37024 6.85061 6.6713 6.1073 6.56227 6.17661 6.46184 6.42129 6.28149 6.42795 6.40833 6.94459 6.48747 6.44162 6.52746 6.69859 6.8456 6.30117 6.06295 5.70918 6.16867 5.79197 6.16434 6.55806 6.29416 6.5046 6.23699 6.58846 6.24459 
1.78962 1.93639 1.92812 2.17289 2.07777 1.90838 2.11353 1.72549 2.38425 2.491 2.27676 1.79967 2.46089 2.55573 2.12455 2.29488 1.84647 2.36955 2.35572 2.14697 1.82299 1.76232 1.83713 2.00536 2.07443 1.76173 2.01019 2.07121 2.0743 1.8297 1.8186 2.79588 2.40193 2.59938 2.15055 1.91818 2.24392 1.91744 2.12893 1.78072 2.09754 1.92292 2.21428 1.90413 1.90496 2.26929 1.78501 1.91997 1.78451 1.87044 1.90494 
0.00599691 0.0260926 0.0106686 0.00816776 0.00618984 0.00545762 0.00675259 0.00430094 0.0291872 0.0301301 0.0121522 0.0037933 0.0270714 0.0170024 0.00938552 0.0195685 0.00578158 0.0143557 0.0317245 0.0222894 0.00616449 0.00691774 0.00727804 0.0103758 0.00618758 0.0047866 0.00897876 0.0247769 0.0124015 0.00462698 0.011268 0.0289248 0.0171916 0.0261842 0.0147625 0.00615537 0.00871967 0.0107962 0.00552005 0.0155678 0.0203106 0.00799285 0.0146137 0.00581195 0.0207718 0.0073352 0.00543745 0.00588763 0.00354588 0.0116855 0.00997369 
3.91709e-07 2.50758e-06 9.88259e-07 1.03639e-06 8.51513e-07 4.11145e-07 5.65837e-07 5.23933e-07 4.03204e-06 1.44192e-06 1.41382e-06 5.41923e-07 1.35084e-06 2.30791e-06 8.62201e-07 1.7932e-06 7.47484e-07 1.86381e-06 1.54474e-06 1.24634e-06 1.15034e-06 9.66863e-07 9.56162e-07 2.61493e-07 1.36025e-06 6.83661e-07 1.11637e-06 1.56367e-06 4.39362e-07 1.62201e-06 6.93601e-07 2.019e-06 1.08853e-06 1.45633e-06 1.60204e-06 6.30645e-07 1.35216e-06 8.79775e-07 6.91776e-07 1.5026e-06 1.52308e-06 6.58576e-07 2.66994e-06 8.34869e-07 1.36993e-06 1.45422e-06 7.60172e-07 9.14806e-07 8.98912e-07 9.39356e-07 5.0988e-07 
0 0 0 0 0 0 0 0 0 0 0 0 0 0 0 0 0 0 0 0 0 0 0 0 0 0 0 0 0 0 0 0 0 0 0 0 0 0 0 0 0 0 0 0 0 0 0 0 0 0 0 
0 0 0 0 0 0 0 0 0 0 0 0 0 0 0 0 0 0 0 0 0 0 0 0 0 0 0 0 0 0 0 0 0 0 0 0 0 0 0 0 0 0 0 0 0 0 0 0 0 0 0 
0 0 0 0 0 0 0 0 0 0 0 0 0 0 0 0 0 0 0 0 0 0 0 0 0 0 0 0 0 0 0 0 0 0 0 0 0 0 0 0 0 0 0 0 0 0 0 0 0 0 0 
0 0 0 0 0 0 0 0 0 0 0 0 0 0 0 0 0 0 0 0 0 0 0 0 0 0 0 0 0 0 0 0 0 0 0 0 0 0 0 0 0 0 0 0 0 0 0 0 0 0 0 
0 0 0 0 0 0 0 0 0 0 0 0 0 0 0 0 0 0 0 0 0 0 0 0 0 0 0 0 0 0 0 0 0 0 0 0 0 0 0 0 0 0 0 0 0 0 0 0 0 0 0 
0 0 0 0 0 0 0 0 0 0 0 0 0 0 0 0 0 0 0 0 0 0 0 0 0 0 0 0 0 0 0 0 0 0 0 0 0 0 0 0 0 0 0 0 0 0 0 0 0 0 0 
