188.119 156.987 161.769 186.501 220.767 179.198 202.336 190.575 118.218 213.164 173.314 178.218 195.793 174.222 229.953 229.807 215.097 177.188 193.681 215.169 228.256 171.584 169.485 175.069 183.174 248.959 169.045 191.896 152.805 174.174 240.353 228.864 192.179 145.476 156.592 178.751 149.857 178.875 178.014 161.09 184.054 151.033 151.982 204.504 142.173 229.083 222.531 176.533 202.674 203.985 207.557 
150.991 116.484 134.594 118.036 120.986 115.267 118.299 136.757 118.218 132.963 81.4414 148.412 152.073 131.383 128.07 89.5439 131.578 120.028 130.126 130.135 114.188 131.143 102.893 124.592 97.0031 137.126 135.476 130.156 126.457 113.349 112.549 107.654 139.277 143.24 142.038 116.043 106.872 112.869 111.547 129.867 130.881 114.458 119.221 141.316 111.534 131.722 125.181 149.28 108.269 125.782 138.87 
95.6205 90.7822 95.2364 81.5042 106.86 106.066 109.358 99.0056 75.9673 94.6539 81.4414 102.659 86.0332 97.9471 100.104 89.5439 79.7168 101.434 116.57 68.2889 95.3255 106.11 102.893 118.337 97.0031 90.5174 110.154 110.268 100.763 96.1061 105.669 98.0832 89.6095 93.7873 108.395 83.6618 94.1507 90.6375 82.4216 100.219 103.054 102.51 82.7684 86.7454 105.073 85.8321 107.238 100.605 98.2546 83.9276 94.7705 
85.1737 80.249 84.8863 78.3307 82.1648 82.8963 67.554 60.4748 59.5928 78.159 81.1877 73.2986 72.0378 68.0304 75.4283 63.7126 67.1238 63.8077 78.966 68.2889 78.4987 81.1525 64.2656 78.7951 77.249 81.1808 60.4979 87.5946 68.2814 64.839 68.0464 65.0499 76.1437 60.6849 50.3467 83.6618 76.14 65.2498 75.6411 76.37 71.8984 65.1033 70.371 65.3376 64.2196 63.7937 85.3794 72.7957 70.2981 66.1314 76.8062 
59.2631 59.2089 47.0109 57.1243 57.2289 56.9233 63.9882 53.8711 53.9926 56.9849 57.5549 54.398 52.0269 62.3736 54.4139 42.3474 52.9677 53.2661 44.7262 52.7804 31.4331 55.3466 51.0965 44.8708 64.2272 53.7695 60.4979 48.7894 50.7717 54.1417 54.3609 54.7629 44.434 60.6849 43.6864 56.9809 40.9746 56.1575 49.7423 53.6888 50.219 63.6724 48.0301 52.5103 46.7982 56.171 48.0526 49.5234 52.6875 66.1314 50.8111 
39.1787 51.5718 41.2665 47.3743 42.873 50.0779 49.6312 39.2701 46.2288 46.1859 43.0711 48.4515 45.7842 47.6668 45.2797 42.3474 40.1113 43.5175 44.7262 47.0794 31.4331 45.7287 34.9394 41.276 47.8769 46.2294 46.7333 46.9242 43.8966 54.1116 46.881 44.5977 44.434 46.9543 43.6864 50.2816 32.755 53.7056 44.7674 51.0897 50.219 46.5969 41.6156 43.3345 38.0402 47.7484 42.854 42.5063 45.4956 48.2371 41.0913 
39.1787 35.4551 27.9105 30.8828 41.0774 37.3053 49.6312 39.2701 42.0776 44.926 43.0711 36.9217 39.6702 35.637 35.0669 35.2328 38.8468 42.7702 39.0127 40.3513 31.4331 45.3332 33.5222 37.1569 42.7377 27.207 45.9774 43.2679 43.8966 37.4938 41.1892 44.5977 44.2769 43.328 41.7847 44.1259 32.755 35.6251 36.9667 37.671 49.65 37.95 32.1899 34.8648 38.0402 44.2728 42.854 38.0025 44.9022 47.0724 41.0913 
37.0534 23.1335 22.8771 24.4015 29.5152 27.9207 31.0112 27.2157 32.0835 30.7627 25.0877 20.1833 28.1906 30.8234 25.1852 32.1014 31.7432 32.2004 35.1985 26.4149 29.8852 21.5879 30.3841 35.3903 37.4101 26.8036 39.1554 29.5792 30.8893 24.5469 29.3611 29.1044 31.6493 33.4984 27.0391 23.5019 23.6442 25.1268 32.3273 26.4169 35.3163 29.6198 29.6467 28.2145 27.3164 22.9886 29.5459 28.4482 27.1859 33.7815 23.1136 
25.201 21.2356 19.9018 21.599 17.6014 22.8747 24.7108 23.8002 27.6242 19.4646 25.0207 19.7633 21.8462 21.7889 19.0371 23.0513 21.2471 21.082 25.488 17.1512 20.7054 18.4224 27.407 23.0697 22.1715 22.7156 22.412 27.7277 27.3942 22.1784 22.3104 26.0784 21.4849 26.0546 21.4205 21.1976 19.5109 23.4795 27.4279 25.8494 25.7513 20.6897 24.4674 26.7331 23.9582 20.5046 21.8321 18.8484 20.884 27.5874 18.5375 
22.5838 18.6077 16.8303 19.848 17.6014 14.2711 19.1903 17.3073 15.5032 17.1633 20.4989 18.1779 15.8738 18.6911 18.3213 21.0737 18.2262 17.8633 18.5277 17.0071 17.4833 14.7297 22.0906 18.2498 21.7668 18.7091 19.9947 21.7412 20.2074 17.6018 20.1527 20.111 20.0992 21.7821 19.5012 17.4604 19.4198 21.3225 20.0443 17.8592 22.6635 17.9855 21.5533 18.1991 19.1831 16.7926 18.6852 15.0341 18.1217 17.76 16.9524 
17.9521 13.7422 15.2099 17.2894 16.796 12.8554 17.8649 13.4542 12.7243 14.0886 13.9571 15.284 12.9729 13.8749 15.6463 16.455 15.3128 17.0142 13.9427 15.0238 14.7568 14.1535 14.7352 14.3961 15.7659 15.2961 15.2124 15.7059 15.9925 14.1394 15.4615 17.3743 15.527 17.6325 15.2399 14.0097 17.0498 18.2026 14.7281 14.2088 17.9291 14.8155 17.8295 13.8773 17.9492 13.7519 14.8287 14.1187 13.9615 15.9025 15.6871 
14.0667 12.3685 13.1462 13.8982 13.7025 11.8186 13.808 12.8434 11.9627 13.2609 12.3525 12.8313 12.0621 13.2004 13.5132 13.702 13.0043 13.1104 13.3073 13.5042 13.2018 11.6941 12.6091 13.3846 11.8933 13.6384 12.9612 12.9504 13.9226 12.8164 13.3821 12.012 13.3426 12.8267 13.0846 12.5583 12.426 15.2887 12.1438 12.4905 12.5332 14.6843 13.0043 12.0336 13.9841 11.8374 12.2083 13.6614 11.2728 13.6982 13.7103 
11.2058 11.5342 12.3616 13.3889 11.8707 11.1001 11.4379 12.3368 11.7424 12.5143 12.0387 12.1105 11.8312 12.358 11.7239 12.662 12.2001 12.7069 12.0558 12.8775 12.4756 11.3287 11.7751 11.6915 11.2301 12.5366 12.0861 12.0831 13.01 11.6952 12.9697 11.2829 12.3686 12.4599 11.5567 12.2709 11.2984 13.7139 11.8788 11.5117 11.8399 12.3601 11.6447 11.5031 12.9454 11.4297 11.4479 12.0869 10.8349 12.4655 12.4427 
11.0519 11.2801 12.2873 13.1609 11.4988 11.0706 11.2651 11.3452 11.497 12.3769 11.9201 11.9987 11.7502 12.2453 11.4221 11.9599 11.4357 11.904 12.0274 12.8148 12.093 10.9605 11.484 11.611 11.0572 12.4936 12.0861 11.8814 12.679 11.5625 12.7945 11.2621 12.2785 12.1342 11.4963 12.2338 11.1054 13.5367 11.8456 11.4189 11.8205 11.9916 11.2686 11.4738 12.4194 11.2468 10.8203 11.1883 10.7464 11.7122 12.3599 
