340.286 220.001 353.261 285.028 247.272 271.605 373.85 250.245 278.55 238.605 295.969 291.396 261.565 294.21 284.841 306.183 283.469 205.032 373.037 136.989 249.348 326.731 204.04 292.228 285.232 174.105 166.807 280.033 258.868 158.351 248.727 107.853 270.94 258.928 212.099 221.18 189.058 169.573 179.879 362.28 299.365 292.619 253.7 266.204 253.519 224.669 237.403 325.67 325.469 230.849 129.189 
234.521 103.962 172.139 210.532 247.272 179.141 304.556 78.3857 212.664 238.605 174.728 148.285 231.983 188.106 181.836 169.339 252.958 201.141 291.032 136.989 249.348 282.475 204.04 212.176 136.844 174.105 166.807 173.53 204.272 158.351 248.727 107.853 206.557 203.227 190.56 221.18 177.833 169.573 145.072 197.133 201.632 197.046 213.135 261.796 252.618 154.213 210.318 230.707 290.534 228.053 129.189 
187.726 103.962 85.8403 150.846 238.661 179.141 182.826 78.3857 171.454 152.967 98.8318 148.285 148.993 188.106 135.856 169.339 247.165 129.529 221.454 136.989 215.875 189.028 191.292 202.011 136.844 143 166.807 170.65 122.092 158.351 180.714 107.853 206.557 180.409 179.577 221.18 153.88 66.4677 145.072 116.229 143.334 157.69 168.73 161.427 145.664 154.213 173.153 162.063 211.917 164.472 129.189 
138.165 99.4122 85.8403 150.846 161.082 160.594 169.984 78.3857 94.6914 117.548 98.8318 115.037 141.639 170.845 124.193 169.339 141.093 95.7263 191.743 134.548 204.866 100.088 137.974 183.357 86.3932 143 117.755 170.65 101.781 134.116 180.714 107.853 164.598 155.271 119.017 130.828 153.88 66.4677 117.953 116.229 135.025 126.731 150.985 156.69 119.462 103.953 151.345 114.34 147.117 137.902 88.1261 
124.575 99.4122 63.5167 79.763 109.632 83.1351 105.622 78.3857 86.1927 82.109 61.3322 98.2577 99.8476 134.297 96.7823 84.4476 82.7137 95.7263 125.749 131.088 136.024 100.088 104.68 64.8157 86.3932 87.2881 117.755 97.342 79.9954 112.841 91.4948 99.2716 81.0794 62.8198 90.7752 83.9513 100.316 66.4677 110.677 76.7655 95.0596 118.423 84.226 100.807 83.4235 89.6777 111.275 73.4268 83.2573 132.603 88.1261 
47.4472 53.0968 63.5167 73.1007 59.8754 66.1659 47.8039 67.5541 69.6433 59.8694 37.7546 65.1052 75.3065 62.7619 59.6173 60.2687 47.6205 61.4003 66.7171 59.5651 62.2791 61.8507 71.384 54.4926 69.3354 65.9258 47.52 71.7837 57.3395 65.1976 70.7779 74.1069 76.669 46.3672 64.0602 60.3926 72.7238 58.08 57.7335 61.6481 71.2178 81.0803 54.8751 65.7918 62.2024 59.6948 65.3665 54.0985 60.8195 82.3996 55.2034 
39.8656 40.3243 45.6632 41.4038 47.1415 42.5749 38.1669 53.0894 49.5223 40.3976 33.7134 39.9656 37.9988 48.0408 40.907 48.7429 46.0702 44.0174 51.755 43.9052 46.0256 49.8347 41.3884 43.9777 42.1191 37.0899 42.2028 47.9123 40.7744 45.5839 52.4566 45.2367 44.4631 31.2057 44.3106 43.8322 44.5155 43.8834 42.0832 42.1139 43.9877 41.4923 46.8495 34.5345 49.9997 52.8099 38.3363 38.9985 42.0197 47.2834 43.0946 
36.1465 32.518 32.6624 31.3641 26.9401 33.5397 36.2725 34.1648 32.4411 28.2409 29.9366 31.5676 31.4168 25.1725 29.2099 36.2599 40.6838 33.0838 33.6792 25.2545 32.3256 31.3365 28.9549 23.9493 25.5268 34.1667 28.6595 27.0434 29.9031 27.6314 30.278 33.2835 32.5591 31.2057 34.9977 18.2434 32.0266 25.5646 26.0114 30.2234 26.1237 26.7961 25.6567 26.9864 31.1732 29.7975 29.884 32.5514 34.6773 35.6961 28.9212 
24.3121 22.196 22.1949 18.4173 25.3075 22.6969 26.6964 24.8827 28.5239 20.2836 23.2901 27.0496 19.956 18.5131 22.4437 25.7151 17.2919 22.4216 22.4481 23.7098 24.3845 18.7527 24.2735 20.607 15.9344 27.6263 13.9445 15.349 16.4309 21.3819 19.3403 23.1602 27.5959 16.8691 16.2845 18.2434 26.1037 19.283 15.3095 24.1101 19.3802 19.9352 14.6575 20.8791 13.4274 20.6199 26.1142 25.1977 21.6316 26.4851 24.2846 
7.74359 9.98791 10.381 8.08571 3.38708 15.241 23.3204 16.6542 11.1824 7.58562 9.54467 13.0998 8.08736 3.37741 4.40916 6.46816 10.297 15.4883 16.8386 7.02675 21.5706 9.86968 10.4644 7.48855 1.24275 12.3994 3.46105 4.68787 2.96353 8.85873 6.34005 7.55239 2.40538 2.05148 4.77054 11.2997 10.7544 4.09455 4.90148 5.928 7.12909 6.62338 8.3576 11.0054 6.88926 8.32671 17.9419 7.53079 7.75755 13.5704 10.2597 
3.08011 2.02748 1.08389 0.821881 0.312208 0.34013 21.262 3.36892 1.79295 1.71681 0.313031 1.22406 0.315728 1.48625 0.317538 0.419761 2.64402 2.20925 1.58695 0.475162 6.29022 3.99815 1.67487 0.624695 0.312183 3.5735 0.312275 0.453034 0.312336 0.635981 0.313272 1.02814 0.864097 0.624368 0.625394 2.09578 3.62406 0.368469 0.331831 1.69347 0.797387 0.711907 0.528446 0.946816 0.627201 3.31228 3.1741 0.452237 0.958972 5.40048 0.314321 
0.312192 0.31219 0.312173 0.312212 0.312173 0.312173 20.0588 0.317172 0.312174 0.312385 0.312173 0.312187 0.312173 0.312173 0.312173 0.312173 0.312175 0.31221 0.312173 0.312173 0.312204 0.312439 0.312205 0.624347 0.312173 0.312258 0.312173 0.312176 0.312173 0.624347 0.312173 0.312175 0.312173 0.624347 0.624347 0.312238 0.312174 0.312173 0.312173 0.312175 0.312173 0.312174 0.312173 0.624347 0.624347 0.312341 0.312225 0.312173 0.624347 0.10325 0.312173 
0.312173 0.312173 0.312173 0.312173 0.312173 0.312173 20.0033 0.312173 0.312173 0.312173 0.312173 0.312173 0.312173 0.312173 0.312173 0.312173 0.312173 0.312173 0.312173 0.312173 0.312173 0.312173 0.312173 0.624347 0.312173 0.312173 0.312173 0.312173 0.312173 0.624347 0.312173 0.312173 0.312173 0.624347 0.624347 0.312173 0.312173 0.312173 0.312173 0.312173 0.312173 0.312173 0.312173 0.624347 0.624347 0.312173 0.312173 0.312173 0.624347 0 0.312173 
0.312173 0.312173 0.312173 0.312173 0.312173 0.312173 0 0.312173 0.312173 0.312173 0.312173 0.312173 0.312173 0.312173 0.312173 0.312173 0.312173 0.312173 0.312173 0.312173 0.312173 0.312173 0.312173 0.624347 0.312173 0.312173 0.312173 0.312173 0.312173 0.624347 0.312173 0.312173 0.312173 0.624347 0.624347 0.312173 0.312173 0.312173 0.312173 0.312173 0.312173 0.312173 0.312173 0.624347 0.624347 0.312173 0.312173 0.312173 0.624347 0 0.312173 
