266307 442876 3.84518e+06 5.30045e+06 1.98292e+07 320353 2.05292e+06 6.06431e+06 9.87207e+06 1.1759e+07 5.45077e+06 1.8378e+06 4.00467e+06 950589 3.27181e+06 1.82631e+07 375865 1.1695e+07 1.70616e+06 3.90066e+06 6.29122e+06 1.37814e+07 876918 2.87276e+06 4.33901e+06 3.09788e+06 5.44372e+06 2.96692e+06 8.13856e+06 6.24175e+06 3.36579e+06 3.27211e+06 7.14571e+06 1.60874e+06 2.55935e+06 2.32752e+06 8.3511e+06 1.266e+06 7.60895e+06 2.49529e+06 1.59638e+06 2.76781e+06 905660 6.60371e+06 2.71705e+06 1.09337e+07 8.32277e+06 1.01294e+07 2.23151e+06 285304 6.74735e+06 
266307 249202 719948 1.56145e+06 127611 275333 87577.3 328402 235853 249082 482179 44525.2 786583 519339 279091 319886 375865 71446.6 269024 408721 322715 2.10013e+06 393156 82922.1 928053 661565 718075 81742.1 558901 1.31261e+06 1.24778e+06 449643 199813 143752 96212.9 191129 52380 91874.1 226301 434907 119363 595714 108566 307339 412665 769658 266749 108837 106700 285304 616970 
175666 22551.9 371301 84233.4 36781 13250.3 87577.3 38245.9 115664 43772.8 94993.4 44525.2 45093.8 67310.9 105654 111407 107051 71446.6 49946.9 88784.8 13760.8 75086.5 69725.1 82922.1 26406.4 36232.3 19650.4 14905.4 26775.8 55193.7 99358.2 56693.7 99232 40938.1 96212.9 191129 49543.8 91874.1 37013.9 132182 11645.6 27574.6 108566 125944 8377.29 41440.2 27035.1 14422.3 68005.1 109369 291940 
3157.09 4050.18 1824.37 12526 4240.4 2825.69 15170.3 6769.47 2294.56 8564.43 5348.63 4690.34 6315.68 17261.6 8813.49 10157.4 9784.45 13612.1 11618.5 9416.42 12991.8 4256.55 4802.15 7151.2 7534.09 6335.99 4395.75 6508.63 3987.86 12800.5 16185.9 7431.25 17265.1 5589.22 1234.53 9474.61 23883.5 7313.74 17557.9 2569.69 9941.54 10593.3 6738.27 5530.42 6677.94 9690.77 9226.46 5778.24 4141.29 12005.1 14281 
169.16 254.441 111.101 190.079 150.207 162.124 229.384 180.012 112.259 260.563 289.699 194.563 198.02 200.972 159.442 215.886 136.853 165.895 144.639 186.368 193.173 192.438 281.155 150.992 245.378 149.792 161.822 132.936 231.247 181.784 124.877 114.021 227.969 259.554 194.657 235.738 272.207 302.857 241.066 156.163 163.813 105.57 245.328 173.23 146.724 167.886 212.493 187.968 284.067 154.484 399.973 
16.2835 16.6476 19.1416 18.2979 23.285 23.9948 15.6404 21.3486 17.6871 13.6702 26.152 26.7248 22.4789 15.727 21.8823 25.6808 17.7175 24.073 29.9365 15.9272 20.5461 17.1033 23.9091 25.9653 26.3249 21.2972 22.661 20.902 15.1156 24.3189 25.2826 12.3085 26.4602 27.5811 24.3341 23.7207 14.9206 20.9759 16.589 15.7053 9.25986 18.7529 20.4122 17.2937 25.694 19.729 25.9065 26.0714 24.1157 22.055 20.0348 
13.1147 14.2612 11.0669 13.7536 15.5108 15.986 12.5205 12.9686 11.2129 10.3784 18.2928 14.5912 12.7221 10.1062 11.7263 12.9895 15.7177 13.4332 9.92688 15.9272 13.5946 10.7186 17.4987 12.4646 17.7115 15.4674 15.3884 17.755 14.3008 12.175 13.6335 9.7903 16.0605 14.6346 17.6061 16.3709 8.81481 15.5448 9.50628 12.1952 9.25986 14.3963 11.0847 13.1463 15.0882 10.8576 15.3601 11.7551 15.1311 10.1097 16.2985 
7.5822 7.41139 9.8498 10.9805 10.3961 12.7915 9.54138 8.98508 11.2129 9.50768 13.7462 9.70388 12.7221 10.1062 11.1967 10.6677 9.9615 10.9371 9.92688 11.1777 9.68853 10.381 10.1427 7.76259 14.3447 11.9304 11.4597 11.5407 6.70187 11.0751 13.3092 7.76392 11.4824 12.2753 12.1294 6.32981 6.76467 10.6619 8.33898 8.26105 8.63102 9.70124 11.0318 10.0474 10.6442 10.8576 13.6546 9.22112 11.5772 9.67695 12.5499 
6.91392 4.75153 7.74741 7.91935 9.54455 9.79937 7.88579 3.88199 8.10543 7.25439 10.1444 7.99876 8.86482 7.49715 10.699 6.0803 8.29092 8.3615 5.90902 4.0647 8.75616 8.11989 8.30343 4.99811 11.9348 7.82172 9.06934 8.12558 4.84677 10.6498 9.1292 5.16031 7.47755 9.54574 8.95125 4.47935 6.76467 8.36902 7.04057 4.31707 4.11 8.62148 8.97059 8.3636 8.24015 9.30372 9.26329 8.7965 7.39822 6.89975 8.97465 
6.24028 2.60127 5.47783 7.51248 7.61052 7.38886 7.68005 2.74682 7.21368 6.63094 8.08562 2.88635 6.97946 7.2075 5.58319 6.0803 7.4445 7.65218 4.9652 2.93165 6.6753 7.52557 6.65952 2.8984 8.07486 7.79588 7.25335 5.92366 2.78505 8.04305 6.80784 3.45602 6.99456 7.97828 8.95125 4.03696 4.12504 7.62383 6.29812 2.15412 2.15554 7.58568 7.45612 6.62648 7.63603 7.61151 8.07566 7.54706 5.58134 6.08517 7.28765 
6.03978 1.63732 4.06413 7.11043 6.51642 6.80209 6.59203 2.12603 5.40992 6.06855 6.81041 1.62057 6.11167 4.10691 4.33408 5.728 6.28725 7.06233 3.78895 2.93165 6.08826 6.81335 5.40299 2.07552 8.00217 7.35902 6.41506 4.8527 2.2849 6.97776 6.59178 1.92315 6.68275 6.69667 7.08592 3.27693 2.84829 6.82907 6.1188 1.3865 1.44652 6.69094 6.3977 5.93942 7.17163 7.26151 7.73184 6.88637 2.59337 5.78066 5.76834 
5.78241 0.553994 2.94558 6.0286 6.34858 6.15012 6.1189 1.64104 3.87064 5.64559 3.70985 2.4098e-08 5.49307 2.75657 2.22952 2.54554 5.90585 6.27756 2.14902 2.38048 5.02747 5.08363 4.84116 0.507535 5.1992 6.88029 5.817 3.6801 1.68538 6.01916 5.46704 0.684452 5.7376 6.2012 6.47817 1.3687 1.00318 6.09299 5.51911 2.74304e-07 0.00900772 3.6628 5.39892 5.49845 6.42875 5.94356 6.91343 6.33386 1.03245 5.32768 4.87477 
5.06504 0 1.18588 5.39413 4.83714 4.83762 5.4531 0.0634736 2.7119 4.83714 2.30554 0 5.39413 1.96489 0.994959 1.8489 5.39413 5.58412 0.994959 0.00257837 5.02714 4.83714 4.83714 0 3.06192 4.84128 5.0334 2.85387 0 5.39417 4.83714 0 5.20413 4.83714 4.83714 0 0 4.83715 4.83714 0 0 1.77844 5.39413 4.83714 5.30343 5.12798 5.95111 5.052 0 4.83717 3.15097 
4.83714 0 0.994959 5.39413 4.83714 4.83714 4.83718 0 0.995103 4.83714 0.994959 0 5.39413 1.16064 0.994959 0.0149968 5.39413 5.58412 0.994959 0 5.02714 4.83714 4.83714 0 0.00262648 4.83714 5.02714 0.994968 0 5.39413 4.83714 0 5.20413 4.83714 4.83714 0 0 4.83714 4.83714 0 0 0.994959 5.39413 4.83714 5.02714 4.83714 5.95111 4.83714 0 4.83714 2.01936 
