6124.3 5948.51 6492.95 6562.87 6125.29 6115.87 6119.14 6172.26 6290.81 6065.14 6234.05 6358.69 6090.83 5841.73 6309.73 6615.35 6468.54 6099.19 5838.08 5715 6109.82 5997.19 5870.22 6067.08 6395.89 6498.95 5911.15 5524.08 5820.15 6302.99 5937.05 6153.25 5828.04 5392.27 6568.53 5995.98 5950.5 6190.88 6026.07 5702.4 6109.42 6246.56 6352.49 5840.17 6274.59 6233.85 6218.2 5891.89 5824.5 6430.15 6330.49 
6102.19 5948.51 6246.05 6237.26 6125.29 6115.51 6079.48 6172.26 5796.52 6055.94 6207.54 5821.15 6058.72 5840.04 6009.05 6414.53 6208.15 5878.73 5838.08 5715 6109.82 5335.64 5820.34 5933.47 6147.96 5460.52 5911.15 5524.08 5820.15 5909.15 5937.05 6153.25 5767.85 5392.27 5906.85 5995.98 5950.5 5652.81 5922.45 5702.4 5695.59 6153.87 6225.65 5801.05 5624.72 6233.85 4973.79 5807.33 5824.5 6167.06 6248.42 
5797.52 5869.43 6176.21 5961.89 5940.19 6115.51 5657.35 5838.62 5796.52 5546.21 5854.56 5750.45 5151.67 5217.56 6009.05 5988.46 5692.68 5878.73 5624.23 5545.27 6109.82 5335.64 5820.34 5911.03 6139.89 5460.52 5911.15 5524.08 5820.15 5852.67 5937.05 5628.95 5767.85 5392.27 5717.65 5995.98 5950.5 5652.81 5912.12 5702.4 5241.99 6153.87 6084.45 5424.36 5624.72 6209.44 4973.79 5807.33 5824.5 6150.72 5662.58 
5797.52 5703.62 6045.61 5738.95 5708.51 5645.85 5657.35 5838.62 5572.23 5546.21 5854.56 5750.45 5151.67 5217.56 5956.15 5781.99 5692.68 5803.16 5349.85 5545.27 5180.99 5335.64 5198.02 5253.42 5966.91 5258.67 5605.56 5418.22 5805.5 5852.67 5937.05 5628.95 5767.85 5392.27 5717.65 5767.16 5601.1 5441.86 5061.79 5667.21 5241.99 5853.72 5738.75 5424.36 5624.72 5801.7 4973.79 5707.77 5779.05 5689.53 5657.46 
5491.36 4950.67 5460.54 5160.13 5361.48 5355.93 5657.35 5465.95 5572.23 5024.56 5511.06 5679.51 5151.67 5217.56 5220.52 4898.03 5692.68 5430.73 5349.85 5545.27 5175.66 5335.64 5145.17 5086.02 5705.2 4730.5 5156.38 5211.43 5406.68 5511.75 5715.2 5072.89 5285.82 5392.27 5270.56 5579.63 4795.53 5441.86 5061.79 5667.21 5241.99 5525.32 5524.92 5424.36 5624.72 5610.63 4973.79 5474.27 4937.98 5432.39 5642.88 
4653.42 4950.67 5256.49 5160.13 5142.76 5355.93 4871.07 5127.56 5191.18 5024.56 4964.78 5185.65 5151.67 5123.92 5099.25 4898.03 5475.61 4919.52 5315.18 4868.72 4798.37 5220.14 5145.17 4446.27 5345.14 4730.5 5156.38 5211.43 5105.34 4958.42 4871.37 5072.89 5074.01 5375.16 5218.52 5272.63 4795.53 4560.19 5061.79 5490.95 5241.99 4982.42 4806.25 5274.93 5126.43 5024.16 4973.79 5202.82 4937.98 4949.84 5137.88 
4653.42 4950.67 5256.49 5160.13 5142.76 5052.9 4871.07 4897.71 5191.18 4768.49 4701.14 5082.73 5151.67 5123.92 5095.08 4898.03 4367.06 4892.39 5144.72 4868.72 4750.72 4726.53 4965.33 4446.27 5049.7 4730.5 4798.41 5034.5 5071.36 4958.42 4868.82 5072.89 5074.01 4812.99 5129.74 5080.47 4383.34 4560.19 5061.79 5238.49 4845.5 4982.42 4806.25 4955.64 5019.2 5024.16 4973.79 4836.31 4937.98 4926.97 5015.78 
4641.01 4593.11 4236.99 4743.17 4881.28 4912.04 4871.07 4704.46 4617.57 4768.49 4701.14 4692.14 4842.67 5015.6 4680.73 4696.17 4367.06 4892.39 4905.58 4845.12 4163.72 4726.53 4577.41 4446.27 4959.41 4606.34 4439.52 4903.18 4835.42 4772.33 4539.75 5010.66 4915.01 4712.41 4993.35 4714.25 4281.4 4520.97 4805.35 4896.38 4845.5 4723.7 4686.74 4955.64 4809.72 4481.19 4410.64 4747.18 4825.61 4926.97 4543.29 
4440.61 4276.39 4236.99 4477.34 4583.9 3728.29 4248.41 4002.24 4272.25 4403.42 4601.96 4241.53 4338.87 4311.9 4151.07 4274.39 4367.06 4557.65 4345.22 4332.26 4133.98 4352.21 4378.03 4188.06 4147.07 4527.04 3930.43 4522.57 4088.07 4164.84 4427.4 3843.62 4323.99 4321.66 4400.06 4585.08 4210.94 4282.48 4441.6 4382.97 4228.61 4377.25 4420.55 4659.07 4506.26 4337.82 4365.75 4429.78 4543.66 4820.54 4184.06 
3879.93 3416.41 3457.68 3887.69 3990.49 3575.82 4040.98 3622.57 3885.25 3993.47 3992.48 4041.15 3901.75 3897.65 3903.35 3964.24 3692.49 3623.52 4305.87 3910.44 3768.02 3706.14 3928.71 4129.53 3904.49 3820.34 3417.32 3999.05 3508.59 3639.96 3689.08 3802.21 3761.69 3714.37 3683.82 3656.45 3982.31 3898.7 4214.87 3920.43 4128.09 3383.91 4202.67 3747.6 4127.12 3938.95 3816.59 3651.66 3882.38 3843.78 3774.52 
3384 2814.12 3448.17 3649.36 3554.17 3473.43 3484.89 3211.75 3697.02 3363.13 3641.51 3819.92 3404.27 3584.19 3557.35 3402.1 3222.15 3236.21 3565.73 3580.98 3380.27 3096.3 3515.6 3615.52 3318.7 3490.33 3131.71 3684.14 3263.44 3620.62 3517.84 3004.33 3254.65 3435.65 3408.61 3236.1 3674.52 3320.27 3664.38 3450.68 3626.16 3183.89 3616 2896.59 3525.15 3486.87 3465.12 3076.51 3614.74 3505.4 3472.43 
3176.66 2676.58 3263.09 3017.85 3379.98 3277.26 3337.46 2971.66 3091.56 2816.99 2756.69 3011.03 3185.62 2881.73 2770.34 2967.18 3094.05 2872.78 3297.91 2905.45 3078.77 3066.83 3133.55 2871.01 3092.29 3137.07 2919.13 3014.96 3185.53 3134.31 3219.88 2510.76 2996.18 3207.61 3112.08 2999.41 3187.8 2964.33 3171.88 3154.45 3163.74 2972.76 3111.62 2770.92 3004.54 3210.3 3246.65 2957.85 3195.32 2923.32 3097.43 
3015.83 2560.61 2930.38 2824.54 3069.61 2666.46 2978.95 2691.93 2711.78 2428.04 2609.41 2891.92 2872.54 2758.85 2430.04 2812.52 2774.94 2646.02 2952.91 2664.14 2538.18 2792.4 2851.12 2651.51 2695.15 2563.67 2731.04 2659.67 2896.16 2777.49 2732.51 2283.88 2552.21 2995.64 2850.32 2805.79 2812.6 2750.74 2540.55 2546.32 2890.31 2469.37 2429.58 2484.91 2660.55 2853.2 2671.96 2523.6 2584.91 2523.57 2808.6 
1059.67 1507.07 1275.87 1637.23 1335.92 1256.08 1663.53 1132.57 1495.79 1592.94 1572.02 1558.21 1346.77 1286.11 1111.07 1419.57 1744.19 1222.2 1577.88 1430.18 1052.68 1217.22 1661.59 1489.99 1312.83 1596.09 1490.87 896.334 1699.18 1771.31 1582.96 1160.4 1381 1322 1678.78 1319.22 1281.47 1598.76 1326.05 1734.53 1084.55 1481.12 1241.46 962.448 1435.66 1510.72 1530.58 1151.93 1149.42 630.201 1198.48 
