1130.08 1171.32 1176.04 1158.53 1195.98 1218.4 1229.58 1240.62 1148.33 1202.2 1273.1 1072.53 980.493 1162.45 1208.76 1252.24 1128.58 1118.16 1087.88 1219.5 1208.62 1297.06 1218.56 1219.18 1312.59 1199.04 1119.94 1197.96 1013.57 1110.15 923.558 1262.04 1075.54 1060.71 1312.85 1162.51 976.414 1202.99 1243.97 1155.51 1287.99 930.535 997.779 1293.7 1172.18 1064.27 967.012 1248.54 1123.77 1128.35 1087.17 
689.527 670.842 674.703 692.825 533.922 787.669 789.726 781.804 647.309 662.106 706.623 609.747 694.534 684.617 702.379 797.185 569.194 653.892 696.903 738.754 769.6 796.107 679.962 703.925 779.274 700.313 679.036 751.155 686.287 789.775 715.269 764.085 715.706 708.203 569.456 687.267 729.656 726.183 679.086 729.571 830.167 580.342 700.787 703.282 801.246 735.106 755.758 706.418 762.56 707.562 743.5 
520.725 518.587 529.687 527.929 533.922 500.444 497.042 534.391 547.147 529.648 540.339 495.433 481.327 498.352 549.108 557.454 545.792 605.066 451.307 517.841 547.093 582.966 592.593 514.953 506.99 512.97 550.833 553.978 592.198 549.123 414.39 574.105 550.801 550.837 542.057 522.762 570.323 517.292 556.993 574.12 530.732 492.654 610.738 519.82 567.742 540.878 505.63 500.112 528.248 564.653 468.146 
370.238 389.732 374.864 376.152 356.921 396.642 392.324 369.406 369.222 370.266 357.654 397.458 385.235 385.517 392.606 389.169 374.342 353.218 377.926 367.281 367.576 402.195 393.781 387.03 363.206 359.966 400.668 374.41 346.189 388.9 336.356 379.034 380.446 384.129 395.992 336.704 371.585 381.726 401.646 382.51 406.569 356.72 348.564 356.689 367.002 376.173 343.589 380.311 374.078 383.471 379.203 
264.608 267.512 279.049 277.248 256.993 274.141 265.333 259.631 263.509 260.618 276.451 248.753 282.522 283.071 264.071 278.727 284.69 265.39 270.411 260.453 277.747 268.407 252.666 269.845 299.968 269.555 271.167 258.322 254.249 274.189 294.861 242.361 266.888 266.123 248.829 265.257 250.333 256.483 294.141 279.729 277.19 278.019 278.884 278.422 271.616 275.185 268.504 291.064 283.852 274.425 267.16 
232.475 246.339 234.698 231.639 233.912 237.499 239.683 233.507 217.522 226.144 244.385 229.915 235.687 209.415 218.584 241.782 223.2 239.744 239.035 239.514 236.915 218.821 223.57 240.536 248.204 232.317 222.166 231.915 244.523 249.914 201.652 240.107 225.092 244.769 235.977 228.455 242.843 226.607 240.793 236.106 226.341 245.562 247.437 243.843 247.054 222.681 229.744 252.894 241.611 236.891 238.711 
198.649 221.165 221.545 208.474 227.663 216.701 213.995 206.16 210.475 180.034 224.803 216.381 212.661 209.415 211.184 194.995 215.908 218.483 225.797 222.34 220.46 218.821 205.07 227.184 219.24 219.598 219.079 222.268 229.805 226.301 201.652 219.527 215.723 209.479 218.145 214.94 225.498 200.613 224.419 217.555 226.341 209.672 227.604 210.55 185.512 222.681 210.583 216.092 222.121 202.633 209.443 
182.644 202.096 191.836 186.286 208.312 192.474 203.882 164.317 193.702 180.034 212.706 200.971 182.339 182.858 193.955 189.208 202.884 189.654 195.266 202.43 201.524 195.492 199.484 202.185 190.751 198.342 185.461 194.961 201.335 212 201.652 202.391 196.192 191.281 204.136 212.354 207.826 189.318 201.653 181.426 194.286 198.711 202.889 208.168 177.68 203.533 210.583 197.979 199.892 190.37 190.421 
159.483 184.279 158.138 142.791 181.91 168.778 162.344 159.356 176.081 168.85 193.489 176.049 168.386 164.631 167.486 178.341 170.329 174.396 184.605 168.148 180.592 182.144 174.474 187.328 169.29 161.359 167.969 158.223 124.928 182.566 161.008 173.026 132.677 171.041 189.599 177.941 157.268 173.085 180.38 180.178 179.831 172.415 190.418 155.762 155.818 160.838 178.06 166.77 169.176 165.134 165.505 
150.196 156.639 156.238 136.789 156.293 150.669 157.444 139.429 158.87 137.795 157.373 155.103 151.58 145.522 159.209 137.419 135.947 145.781 160.528 119.999 156.386 149.929 142.681 151.001 148.467 149.991 147.01 141.5 111.829 140.905 148.998 151.991 129.872 151.572 167.345 149.124 139.538 146.069 144.825 150.478 151.562 160.372 146.478 139.893 152.661 145.141 146.07 152.144 140.23 143.852 147.575 
113.35 118.05 103.517 127.12 103.586 130.521 126.495 110.632 120.938 114.759 136.514 130.335 104.396 125.504 123.005 129.463 135.417 103.212 133.011 112.971 101.715 121.037 138.295 133.296 139.102 113.847 106.407 128.848 110.267 123.731 113.146 109.37 123.304 121.595 113.459 136.922 104.212 126.678 124.243 104.557 136.401 116.024 129.815 96.9787 122.986 96.5792 136.095 140.974 117.485 114.761 121.06 
80.226 81.7744 82.9566 84.3407 73.7614 82.5743 99.5009 86.2028 80.4394 79.2716 84.4379 91.1143 81.1273 83.6999 74.8708 87.336 97.1229 79.1014 79.4617 71.684 78.9427 78.3874 89.4649 81.6052 102.007 79.8315 65.5103 78.211 79.6899 89.1032 72.7941 81.6487 90.4003 91.5471 90.5366 87.8722 67.6608 79.3941 71.6514 80.7986 95.9733 88.5522 85.6768 73.7724 81.8743 77.7472 89.8429 72.4929 86.7581 77.6633 81.0147 
56.5534 48.2694 56.6539 49.128 50.971 58.3068 61.2228 54.3915 57.8308 54.8114 58.5753 59.6798 54.5085 54.8032 50.307 56.2021 56.0909 50.0757 53.3168 49.4216 53.7619 57.5585 50.0443 57.1607 55.8365 52.9224 51.7696 49.6245 58.6921 52.0748 57.0374 52.8156 62.4052 55.9931 49.7821 60.5542 55.8938 57.2336 50.4101 55.2709 54.4533 58.7937 50.9385 56.6279 49.6085 53.3834 60.1831 54.6599 56.377 46.8564 53.2021 
39.2843 37.5936 40.0856 38.5699 39.1325 38.0534 37.7756 37.4547 40.7454 38.689 38.964 38.9273 39.862 36.8352 40.9458 39.0821 39.217 39.0635 36.1822 37.3825 39.4813 39.5124 39.8588 40.5105 37.5375 39.4271 39.7962 36.6244 43.0932 36.4047 37.0232 39.7296 40.5764 39.3391 38.5371 39.6831 37.483 38.1484 38.2958 40.7616 37.5459 38.7217 38.9351 37.4756 40.4261 40.0335 40.2733 39.2602 38.9881 36.1148 41.8251 
