4157.1 2491.89 3685.46 4047.89 3218.58 4666.4 3889.72 4503.38 3390.1 2711.1 3026.14 4323.18 3030.08 4030.67 3126 3646.98 3445.92 3400.61 3609.67 3666.23 2697.69 3406.18 3457.01 4544.13 3778.33 2259.58 3294.07 3807.62 3444.6 3555.09 3644.58 2999.42 3841.43 3116.52 2699.41 3858.9 3933.54 4265.27 4414 4001.1 4151.41 4685.41 3425.21 3235.45 2084.61 3717.34 3523.54 2409.7 2268.56 2919.47 3137.27 
2040.7 1876.84 2132.09 2106.21 1692.08 2072.33 1960.08 2125.65 1647.11 1609.42 1983.36 1905.24 1754.53 2108.39 2148.17 1818.24 2393.45 1889.72 1880.42 1758.05 1580.83 2298.46 1922.24 2198.93 2170.65 1963.71 1457.16 1688.09 1872.16 1672.47 1521.5 1711.73 2233.05 1953.63 1543.27 1932.16 1953.57 2438.68 2180.87 2027.87 2378.8 2112.34 2055.61 2156.73 1588.3 2255.06 2066.09 1768.14 2018.48 2009.73 2018.58 
1349.59 1331.02 1353.31 1300.31 1214.05 1372.28 1322.9 1187 1192.01 1258.92 1418.07 1283.27 1343.32 1357.75 1358.45 1203.62 1488.29 1128.44 1170.5 987.227 1127.97 1285.25 1233.4 1210.46 1312.3 1485.56 1375.31 1498.61 1204.64 1148.83 1326.43 1264.8 1203.75 1222.28 957.993 1235.57 1363.61 1286.06 1259.18 1369.92 1355.31 1310.99 1304.22 1545.06 1110.03 1256.58 1360.81 1298.19 1350.36 1363.37 1381.46 
817.026 803.542 811.603 772.056 731.049 802.071 670.821 808.523 745.312 758.56 759.248 741.947 747.963 746.725 733.89 760.532 737.677 760.439 722.637 672.414 769.196 796.504 795.58 783.236 778.017 770.618 750.944 764.278 769.197 724.996 763.77 771.18 775.079 725.626 748.024 812.984 709.447 772.339 840.103 754.042 828.607 725.818 727.787 801.888 750.047 776.973 789.335 839.628 761.468 755.176 765.294 
551.801 528.083 527.382 539.735 513.031 548.39 519.638 526.52 526.86 535.919 523.462 527.629 515.293 525.854 514.009 499.913 539.078 512.267 514.298 527.313 534.476 512.593 536.436 528.607 516.625 517.233 519.858 523.399 522.25 493.093 506.036 517.655 507.146 551.825 521.438 529.179 529.402 527.257 524.222 524.979 519.954 524.503 522.589 543.477 520.441 519.62 530.013 521.823 530.533 536.663 536.767 
421.446 423.021 423.351 427.046 421.412 421.012 422.44 422.353 424.15 413.489 422.587 418.682 423.149 422.323 421.184 425.708 432.501 422.43 422.062 423.223 421.219 421.749 412.651 421.823 426.858 422.861 421.326 421.486 422.526 421.412 420.648 422.093 420.524 425.917 423.612 423.633 424.309 424.825 414.374 408.444 424.303 423.53 409.654 454.801 412.906 419.933 428.566 421.608 415.909 411.276 414.042 
352.904 356.046 358.683 401.516 352.921 386.29 401.428 401.112 400.237 399.091 353.974 367.622 353.193 360.829 401.566 414.079 412.071 356.118 355.138 406.757 401.391 401.027 327.622 358.472 401.623 355.927 383.882 362.683 355.46 401.441 353.128 410.206 353.988 401.856 353.71 362.183 388.322 377.569 323.402 377.018 401.489 401.561 352.324 423.307 370.839 407.869 414.093 400.776 378.318 321.278 307.442 
329.201 307.864 327.03 391.851 301.136 300.257 391.724 390.921 350.504 390.734 331.956 300.209 321.605 331 393.168 413.975 401.191 342.803 318.625 351.643 391.445 396.13 300.117 304.857 389.995 303.674 300.22 338.924 304.106 391.272 302.682 400.914 323.445 350.704 330.705 346.045 336.271 331.896 300.084 300.163 392.587 393.088 300.117 413.987 300.174 403.467 413.975 351.304 300.15 300.079 300.039 
300.007 300.001 300.004 301.188 300 300 300.029 300.126 300.033 300.033 300.007 300 300.003 300.005 308.325 413.975 391.652 300.015 300.003 300.274 300.439 300.052 300 300.001 300.027 300 300 300.007 300.001 300.211 300 379.874 300.005 300.039 300.007 300.022 300.01 300.007 300 300 307.277 313.305 300 413.975 300 403.286 413.975 300.127 300 300 300 
300 300 300 300 300 300 300 300 300 300 300 300 300 300 300 413.975 300.021 300 300 300 300 300 300 300 300 300 300 300 300 300 300 300.004 300 300 300 300 300 300 300 300 300 300 300 413.975 300 403.286 413.975 300 300 300 300 
300 300 300 300 300 300 300 300 300 300 300 300 300 300 300 413.975 300 300 300 300 300 300 300 300 300 300 300 300 300 300 300 300 300 300 300 300 300 300 300 300 300 300 300 413.975 300 403.286 413.975 300 300 300 300 
300 300 300 300 300 300 300 300 300 300 300 300 300 300 300 413.975 300 300 300 300 300 300 300 300 300 300 300 300 300 300 300 300 300 300 300 300 300 300 300 300 300 300 300 413.975 300 403.286 413.975 300 300 300 300 
300 300 300 300 300 300 300 300 300 300 300 300 300 300 300 413.975 300 300 300 300 300 300 300 300 300 300 300 300 300 300 300 300 300 300 300 300 300 300 300 300 300 300 300 413.975 300 403.286 413.975 300 300 300 300 
300 300 300 300 300 300 300 300 300 300 300 300 300 300 300 413.975 300 300 300 300 300 300 300 300 300 300 300 300 300 300 300 300 300 300 300 300 300 300 300 300 300 300 300 413.975 300 403.286 413.975 300 300 300 300 
