1.31432e+10 3.74378e+10 4.36662e+10 1.54277e+11 8.18881e+10 7.2118e+09 2.52244e+10 3.19498e+11 1.1111e+10 5.42222e+09 2.06911e+09 6.69606e+10 2.98837e+10 8.32335e+10 2.60198e+11 1.57886e+10 3.74157e+09 3.03907e+10 4.04957e+10 4.50068e+09 8.61446e+09 1.49329e+10 8.44201e+09 3.50416e+10 7.32256e+10 2.49953e+10 9.98705e+09 7.37434e+10 2.01891e+11 3.2425e+09 2.63821e+11 2.18631e+10 4.63608e+11 1.61872e+10 1.03382e+10 1.15774e+10 1.57351e+11 1.0876e+10 8.75464e+10 6.74e+09 3.55387e+10 2.70023e+10 1.06704e+10 1.52124e+10 2.60808e+09 2.00022e+10 4.42091e+10 3.26964e+10 3.70773e+09 2.48519e+10 2.78339e+09 
8.44934e+08 7.40507e+08 6.77111e+07 4.23215e+09 1.29846e+08 5.14175e+09 7.8852e+06 2.438e+09 1.46795e+09 3.42746e+09 4.07003e+08 1.47349e+09 5.05874e+09 9.22681e+08 9.96336e+08 1.75449e+08 3.74157e+09 2.53703e+09 2.21089e+09 2.41442e+08 4.34226e+09 1.32874e+09 6.59086e+08 5.36396e+08 1.12718e+08 1.72458e+09 5.88511e+07 9.62613e+07 3.10168e+08 2.13144e+08 8.72417e+07 2.14521e+08 1.21305e+09 3.0267e+09 1.7196e+09 4.44786e+08 2.00111e+08 7.60504e+09 7.55885e+07 3.74535e+09 1.85587e+08 1.11868e+10 9.4376e+06 3.99021e+08 1.56583e+06 4.01453e+08 7.75733e+08 3.17495e+08 1.17448e+09 7.33457e+09 2.78339e+09 
4.43098e+07 6.86679e+08 3.05691e+07 1.28205e+08 5.04003e+06 1.21513e+07 7.34117e+06 9.08267e+07 4.87321e+07 3.94962e+07 2.50556e+07 1.97251e+08 9.65372e+07 2.31453e+08 9.9503e+07 1.75449e+08 2.01484e+08 2.54395e+08 1.47356e+08 6.11626e+07 2.30367e+07 7.14606e+08 2.80084e+07 8.22643e+07 1.12718e+08 4.12075e+07 2.72955e+07 8.87289e+07 3.10168e+08 3.86862e+07 2.41358e+07 1.77287e+06 8.19576e+07 5.87765e+07 2.70204e+07 6.49417e+07 5.05416e+07 1.48149e+07 7.55885e+07 4.07286e+07 6.49695e+07 9.61502e+07 9.4376e+06 5.13408e+06 1.56583e+06 1.23404e+08 2.38648e+08 1.09497e+08 1.79836e+08 3.03185e+08 6.87764e+07 
524595 278784 1.5085e+06 1.22625e+06 340609 890516 2.58044e+06 1.08617e+06 2.23519e+06 2.09512e+06 874238 3.66409e+06 738934 113304 2.15841e+06 1.06453e+06 1.81033e+06 509461 5.39233e+06 513422 260730 1.39943e+06 1.0947e+06 1.4825e+06 5.22115e+06 728912 249582 665807 2.50323e+06 1.76599e+06 733479 1.77287e+06 845726 265221 5.44766e+06 1.05908e+06 960058 2.99059e+06 701564 2.69231e+06 2.05806e+06 1.44643e+06 200406 2.82246e+06 806377 1.26075e+06 7.73162e+06 3.50249e+06 1.33223e+06 964077 2.13709e+06 
794.541 1880.38 1795.71 2276.25 1552.31 173.135 4116.88 2942.1 477.401 2742.56 1069.21 1940.78 1338.48 5642.16 2179.98 821.41 858.353 3528.76 6448.72 3758.65 2933.35 2298.91 4807.16 5569.73 1433.15 2271.15 7788.21 275.856 1450.24 5145.91 3704.54 1494.43 1551.23 2658.61 3072.05 6502.88 1426.29 2799.51 668.21 1143.02 204.506 1145.04 2147.3 4261.88 282.014 2440.9 7325.06 5502.42 308.81 2229.01 5223.37 
0.101709 0.0590054 0.0740938 0.0386017 0.123245 0.106818 0.12237 0.0859928 0.111801 0.143439 0.111529 0.100408 0.165592 0.142481 0.0652889 0.0817196 0.117522 0.0699049 0.243112 0.0485684 0.0289721 0.103673 0.221598 0.0201444 0.140894 0.131182 0.247177 0.223138 0.214353 0.246301 0.181485 0.224249 0.12305 0.208111 0.249883 0.118388 0.0554015 0.291509 0.0593616 0.0318979 0.15282 0.0755457 0.0507073 0.0821701 0.112568 0.0756607 0.182822 0.183048 0.0783528 0.0985291 0.190438 
9.1502e-07 6.03881e-06 3.30614e-06 3.43272e-06 3.82031e-06 1.50428e-06 7.68604e-07 2.21321e-06 2.79114e-06 5.95909e-06 9.64989e-06 1.80801e-06 1.29443e-05 4.67612e-06 3.88211e-06 2.64506e-06 1.62908e-06 2.81877e-06 8.39683e-07 4.77595e-06 2.48974e-06 1.77259e-06 9.00599e-06 2.41432e-06 2.20889e-06 3.37141e-06 4.67515e-06 3.3636e-06 5.90035e-06 2.30389e-06 1.01109e-05 7.6708e-06 4.13445e-06 7.16687e-07 3.13865e-06 1.88836e-06 2.52531e-06 4.4702e-06 1.69455e-06 2.58835e-06 2.0446e-06 2.12686e-06 1.79719e-06 2.64866e-06 2.90782e-06 3.25558e-06 7.44914e-06 3.31488e-06 4.92186e-06 8.32123e-07 1.56243e-06 
0 0 0 0 0 0 0 0 0 0 0 0 0 0 0 0 0 0 0 0 0 0 0 0 0 0 0 0 0 0 0 0 0 0 0 0 0 0 0 0 0 0 0 0 0 0 0 0 0 0 0 
0 0 0 0 0 0 0 0 0 0 0 0 0 0 0 0 0 0 0 0 0 0 0 0 0 0 0 0 0 0 0 0 0 0 0 0 0 0 0 0 0 0 0 0 0 0 0 0 0 0 0 
0 0 0 0 0 0 0 0 0 0 0 0 0 0 0 0 0 0 0 0 0 0 0 0 0 0 0 0 0 0 0 0 0 0 0 0 0 0 0 0 0 0 0 0 0 0 0 0 0 0 0 
0 0 0 0 0 0 0 0 0 0 0 0 0 0 0 0 0 0 0 0 0 0 0 0 0 0 0 0 0 0 0 0 0 0 0 0 0 0 0 0 0 0 0 0 0 0 0 0 0 0 0 
0 0 0 0 0 0 0 0 0 0 0 0 0 0 0 0 0 0 0 0 0 0 0 0 0 0 0 0 0 0 0 0 0 0 0 0 0 0 0 0 0 0 0 0 0 0 0 0 0 0 0 
0 0 0 0 0 0 0 0 0 0 0 0 0 0 0 0 0 0 0 0 0 0 0 0 0 0 0 0 0 0 0 0 0 0 0 0 0 0 0 0 0 0 0 0 0 0 0 0 0 0 0 
0 0 0 0 0 0 0 0 0 0 0 0 0 0 0 0 0 0 0 0 0 0 0 0 0 0 0 0 0 0 0 0 0 0 0 0 0 0 0 0 0 0 0 0 0 0 0 0 0 0 0 
