1.49675e+10 1.13925e+10 1.34458e+10 1.42722e+10 1.1596e+10 1.43283e+10 1.20748e+10 1.72383e+10 1.51136e+10 1.43431e+10 1.41887e+10 1.53489e+10 1.14628e+10 1.41659e+10 1.50707e+10 1.34317e+10 9.78995e+09 1.60081e+10 1.36752e+10 1.11184e+10 1.44853e+10 1.34151e+10 9.55134e+09 1.1336e+10 1.42878e+10 1.19113e+10 1.52113e+10 1.25592e+10 2.01279e+10 1.59921e+10 1.29062e+10 1.43022e+10 1.2006e+10 1.4964e+10 1.40301e+10 1.52038e+10 1.33909e+10 1.00872e+10 1.10452e+10 1.18385e+10 1.34434e+10 1.44854e+10 1.266e+10 7.9721e+09 1.10823e+10 1.44064e+10 1.57594e+10 1.28092e+10 1.01259e+10 1.10923e+10 1.09846e+10 
3.81658e+09 4.1689e+09 4.74014e+09 3.0933e+09 3.25458e+09 4.12357e+09 3.78745e+09 4.54858e+09 4.44279e+09 4.90166e+09 3.35286e+09 1.6188e+09 4.19369e+09 4.85028e+09 5.31444e+09 3.97926e+09 2.99271e+09 3.75603e+09 3.79214e+09 4.44468e+09 4.62197e+09 4.07687e+09 3.98968e+09 4.64008e+09 5.1927e+09 4.12583e+09 3.83915e+09 4.74444e+09 3.62482e+09 4.16752e+09 3.10308e+09 4.4008e+09 4.36034e+09 3.07513e+09 3.39006e+09 3.32776e+09 3.85576e+09 3.85016e+09 3.79171e+09 4.48788e+09 4.18807e+09 4.51535e+09 2.40669e+09 4.75245e+09 5.50357e+09 3.8866e+09 2.8618e+09 4.98143e+09 4.1518e+09 4.17637e+09 2.81076e+09 
2.16602e+09 1.868e+09 1.66691e+09 1.30395e+09 8.65679e+08 1.69476e+09 1.62961e+09 1.81159e+09 1.81767e+09 1.96883e+09 1.30152e+09 1.6188e+09 1.58333e+09 1.80449e+09 2.11031e+09 1.75461e+09 1.85009e+09 1.18944e+09 1.87215e+09 2.17721e+09 2.23499e+09 2.27305e+09 2.40509e+09 1.6908e+09 1.72954e+09 1.82186e+09 2.12594e+09 1.47413e+09 1.7984e+09 1.54898e+09 2.12681e+09 1.90767e+09 1.01511e+09 1.80974e+09 1.61441e+09 2.18925e+09 8.97543e+08 1.86558e+09 1.51076e+09 1.97978e+09 1.11202e+09 1.763e+09 1.40568e+09 1.58156e+09 1.6724e+09 1.74128e+09 1.42664e+09 1.66607e+09 1.93957e+09 1.90132e+09 1.59744e+09 
3.98693e+08 5.30807e+08 6.10532e+08 3.66613e+08 3.23408e+08 5.03917e+08 4.65435e+08 4.47457e+08 4.63461e+08 5.6485e+08 4.57383e+08 3.97577e+08 4.2459e+08 3.8762e+08 3.7561e+08 5.92103e+08 5.32209e+08 4.68021e+08 5.46413e+08 6.01707e+08 3.65092e+08 4.07896e+08 2.90696e+08 2.74847e+08 3.48129e+08 3.18056e+08 4.53825e+08 3.79333e+08 4.21234e+08 4.2317e+08 3.80341e+08 3.96041e+08 6.03357e+08 5.73726e+08 5.40586e+08 5.16684e+08 3.37331e+08 4.03765e+08 3.53009e+08 5.02676e+08 3.48499e+08 6.3874e+08 4.48077e+08 4.53549e+08 5.92321e+08 6.2181e+08 4.65627e+08 3.04508e+08 4.12817e+08 3.29372e+08 5.76268e+08 
2.27294e+07 1.84669e+07 2.40909e+07 2.94333e+07 2.01417e+07 2.10057e+07 3.35579e+07 2.49044e+07 2.58228e+07 2.98445e+07 2.51806e+07 1.74926e+07 3.15924e+07 3.41737e+07 1.96411e+07 2.85781e+07 3.00283e+07 2.73163e+07 2.1446e+07 2.11607e+07 2.35076e+07 3.25963e+07 2.68829e+07 3.16656e+07 2.76509e+07 2.11559e+07 3.27256e+07 2.60396e+07 2.62751e+07 2.57725e+07 3.21339e+07 2.60038e+07 3.08066e+07 1.25637e+07 1.94492e+07 2.82613e+07 2.63722e+07 2.73106e+07 2.54113e+07 2.7223e+07 2.29433e+07 2.70591e+07 3.03061e+07 2.51683e+07 3.61333e+07 2.57053e+07 2.44547e+07 2.23476e+07 2.61252e+07 1.6021e+07 2.49592e+07 
107224 137298 166771 103693 98289.5 159161 133234 92502.1 138982 93400.5 129524 92206.8 101833 123847 110311 130978 133111 123923 104179 125733 74403.1 102749 125989 106792 122929 102681 133199 95352.7 104445 112150 118298 142321 113498 78307.1 115434 146873 94218.5 121282 107868 100235 152892 116222 111061 123588 99125.7 95735.9 138105 110610 107553 75966.9 128992 
1134.12 1111.98 1710.18 1377.59 1310 1202.78 2085.66 1193.21 1397.06 1288.23 1656.93 1491.03 1159.7 1443.53 1071.5 1238.43 1115.07 954.226 1277.46 1433.79 1289.42 1004.78 1224.75 1190.87 1441.99 916.933 1125.43 1067.63 1142.08 1165.5 1135.15 1265.48 1490 1126.68 1206.97 1307.38 1176.01 1239.44 1244.18 1225.01 1123.71 1239.69 1300.91 956.913 1221.69 1249.68 1229.85 1179.86 1890.49 1256.28 1016 
236.148 278.497 278.524 231.89 322.964 300.926 271.078 292.088 285.956 249.252 206.701 230.419 224.341 229.153 249.896 273.085 216.214 243.26 260.854 249.018 262.673 184.076 197.448 241.259 284.738 228.841 197.394 274.778 248.191 276.795 253.352 225.911 273.272 259.644 223.089 182.582 241.04 265.129 276.584 164.265 272.031 271.374 259.675 199.779 237.822 265.404 199.583 268.595 283.169 279.932 213.715 
169.308 210.55 198.541 187.017 273.96 234.572 169.96 210.4 226.203 215.982 124.564 154.84 187.088 182.768 212.694 233.665 152.891 189.289 207.265 204.548 226.75 127.672 130.529 172.783 188.372 173.37 169.844 221.341 176.504 229.888 214.013 184.848 236.392 209.252 144.478 145.253 182.055 219.45 242.71 123.269 197.786 231.316 205.99 187.561 185.153 216.761 168.735 204.082 229.002 232.11 153.629 
150.03 182.015 193.443 159.223 237.145 198.98 152.879 185.84 192.654 181.536 88.7972 124.844 144.204 140.928 189.29 203.333 130.449 150.618 195.982 174.989 179.262 82.2037 96.7175 150.518 146.907 141.396 147.432 192.577 163.46 197.065 182.233 153.583 205.168 169.557 127.459 110.671 158.615 193.47 209.041 89.7201 151.245 194.872 178.628 125.604 141.733 198.303 121.743 172.236 200.317 207.811 123.555 
132.93 148.275 179.889 111.136 215.146 171.333 120.893 158.632 170.249 159.477 66.9662 31.969 124.856 116.097 173.793 179.671 62.0102 105.378 183.277 156.116 169.72 71.029 49.4852 119.854 116.478 126.314 72.8063 183.437 91.4195 182.436 140.99 107.995 179.27 138.401 113.729 51.8039 131.657 174.725 194.484 29.3316 144.235 171.504 149.327 114.75 123.679 180.644 102.823 163.086 172.87 171.399 68.6604 
85.6264 119.89 167.092 42.5744 190.414 131.038 93.7092 147.983 116.655 107.661 17.3047 17.2381 85.3603 79.6381 154.477 117.898 15.7771 42.3179 166.32 97.5992 167.298 17.2599 12.9244 106.83 44.5733 75.7136 17.282 150.114 52.1359 136.17 85.811 82.3066 157.52 92.3693 87.8642 18.8884 76.8429 128.854 172.322 16.4967 86.3063 116.437 107.26 76.8216 88.4769 153.866 59.5164 150.308 89.5283 141.848 45.6318 
23.3146 43.7823 84.5333 8.70359 121.521 83.7912 45.2794 79.1993 111.994 36.6211 16.0937 16.3291 12.5855 8.24536 110.99 47.5171 15.159 17.1226 118.27 16.5645 115.38 15.3048 10.7929 46.1165 43.0001 16.3774 14.6874 108.79 20.0429 44.0325 19.4735 75.7828 119.753 82.5955 47.1009 17.5554 11.0042 72.3828 122.972 14.0279 13.0821 46.4523 56.3591 12.5682 79.0895 117.376 12.2009 90.4823 44.6184 41.5586 42.6757 
10.4877 39.4264 41.3826 4.5847 43.7221 49.6741 44.4145 44.4782 42.9277 35.7034 13.4011 13.6675 7.73701 8.16444 37.2575 43.3589 14.1489 12.4077 40.0677 15.4363 46.5294 11.7391 7.93679 42.0475 38.8713 13.4491 11.2094 37.4478 16.9581 39.5446 16.1309 9.25624 54.7106 82.1704 45.3521 15.3469 9.59223 39.318 45.7776 12.1619 6.02711 40.3542 55.7182 10.8793 7.46102 110.901 7.87448 44.7427 41.1117 37.0731 40.4026 
