1061.87 898.266 957.295 1031.59 891.76 921.792 937.331 959.081 951.714 950.501 935.847 927.712 987.364 964.708 1002.94 1004.05 914.902 961.163 916.32 965.421 1006.04 1006.85 923.039 980.48 910.409 975.115 1057.7 949.083 854.984 1011.49 1019.54 899.62 949.634 962.927 968.535 1070.66 973.757 886.805 920.744 883.029 971.914 853.503 895.089 984.668 1008.01 907.709 960.083 992.98 953.536 1007.33 892.508 
828.794 732.626 737.764 753.491 745.056 772.935 691.398 774.234 744.114 773.044 747.236 720.314 759.963 753.986 775.429 727.791 724.367 743.223 725.534 715.684 762.397 766.226 806.459 781.635 742.633 746.82 747.596 679.891 748.607 756.191 719.558 781.522 734.87 778.24 775.503 771.567 741.242 773.035 775.646 720.199 762.154 728.249 789.212 752.265 741.687 757.656 739.986 736.227 774.66 745.655 786.738 
715.413 678.396 668.069 693.297 653.599 648.087 666.347 641.326 645.272 681.636 653.391 660.925 657.991 673.539 680.114 639.608 653.953 647.653 700.199 624.512 675.012 662.064 669.04 675.78 637.436 640.346 662.628 678.836 697.467 680.065 668.647 662.314 651.911 656.105 631.598 690.599 668.994 665.881 691.962 675.852 662.867 644.383 647.629 656.184 699.521 706.716 658.76 654.175 675.73 666.75 668.977 
611.583 618.948 604.346 622.355 606.755 611.876 570.803 599.978 590.534 612.838 621.18 597.02 607.947 602.827 591.163 601.225 602.487 609.058 565.007 614.971 617.546 610.403 602.325 597.835 608.984 601.369 599.924 609.818 595.539 625.177 587.251 627.113 611.973 594.105 613.928 605.475 609.611 624.389 614.584 590.842 608.929 597.559 607.514 605.727 608.806 612.047 612.879 611.471 577.144 629.275 589.466 
584.86 554.163 579.668 559.524 556.173 582.096 570.803 571.015 577.943 584.153 572.445 564.778 593.128 579.426 579.164 563.325 537.008 564.768 560.03 556.469 562.8 569.774 587.337 563.345 569.655 572.125 555.301 534.389 580.548 581.914 562.031 562.217 570.04 565.695 559.643 535.232 567.395 572.9 576.215 566.671 579.486 564.285 557.371 538.778 581.082 576.463 560.716 554.809 562.271 586.649 545.283 
558.939 547.714 524.185 544.942 548.112 547.283 559.658 547.592 548.655 541.87 526.49 545.093 539.954 502.752 533.092 542.483 525.967 530.378 556.244 553.95 553.226 529.62 539.243 528.648 533.82 539.856 540.903 522.533 536.733 549.268 548.382 520.367 554.61 563.117 537.555 535.232 539.129 536.248 558.06 538.542 535.23 519.692 540.3 538.778 555.304 547.114 540.397 545.82 530.333 539.693 545.283 
500.582 519.25 512.413 485.964 526.72 537.385 522.548 522.673 531.282 531.052 526.49 534.214 538.146 500.529 512.665 521.18 525.967 521.39 530.613 504.841 524.65 497.256 519.552 520.953 510.355 527.526 514.19 521.011 523.512 538.994 520.872 505.921 523.223 540.403 535.355 511.648 534.779 509.853 524.11 534.124 528.414 516.542 524.265 526.811 531.792 522.252 515.709 511.912 526.53 531.469 534.491 
481.877 494.276 483.943 473.762 478.811 497.014 501.004 503.128 461.276 482.527 495.383 488.203 462.834 487.005 491.931 498.603 480.595 481.25 493.429 484.476 475.87 486.862 479.634 499.826 488.751 469.463 490.784 478.993 482.978 491.607 496.716 480.548 496.494 485.369 488.651 491.74 479.598 457.564 490.951 479.152 489.505 498.251 470.917 482.991 489.967 489.091 472.46 488.595 487.268 499.111 498.82 
456.4 466.649 467.108 442.349 464.905 477.965 474.121 486.815 455.352 476.29 469.619 475.537 451.995 464.157 482.867 472.843 470.168 472.061 482.384 471.81 459.324 454.288 465.042 479.288 471.665 464.276 474.04 466.871 456.318 468.987 474.993 465.247 451.644 476.243 470.862 450.128 471.028 449.12 454.021 462.095 448.937 484.241 467.549 478.724 481.728 469.563 465.567 467.845 478.397 451.687 449.418 
446.021 433.753 420.758 426.257 458.552 443.728 457.011 456.273 442.642 443.073 441.944 448.411 450.975 444.795 445.493 463.277 437.555 442.546 439.561 458.123 447.577 425.635 440.385 462.321 447.069 449.739 453.618 443.104 434.56 448.274 442.987 444.681 435.457 471.048 453.535 422.355 442.111 433.012 436.178 444.947 437.69 459.219 453.822 425.778 450.709 437.871 438.321 454.867 462.017 431.708 433.548 
406.168 400.275 402.287 398.121 424.346 425.788 444.09 427.512 422.556 430.593 402.314 413.348 409.241 418.223 407.477 421.85 422.731 422.786 436.107 419.045 416.455 398.369 412.161 420.341 418.073 388.958 406.271 420.662 417.301 426.535 394.122 409.981 398.175 441.974 420.633 396.121 404.884 399.775 416.886 417.029 421.126 425.501 412.612 395.845 423.849 412.762 410.592 427.606 437.334 408.666 426.16 
374.234 381.955 369.22 379.934 392.544 387.235 400.775 395.585 385.824 385.608 387.858 390.013 377.146 382.112 377.992 390.729 380.844 390.103 392.568 392.388 381.158 387.355 385.619 390.726 384.851 373.025 381.528 387.125 377.629 385.978 383.56 373.903 375.907 400.126 388.941 370.202 382.9 375.887 382.324 383.574 384.865 381.634 390.437 382.875 387.46 374.33 380.296 391.434 400.402 377.379 387.322 
355.474 363.288 357.766 366.178 370.067 364.627 370.31 371.934 362.971 367.852 360.707 363.999 357.369 361.209 350.428 357.91 357.24 365.805 363.618 365.064 367.146 365.467 353.506 368.141 363.051 354.724 361.362 362.63 362.109 366.102 363.562 367.622 361.036 371.421 359.147 355.683 360.752 358.277 367.235 359.558 357.65 359.916 369.446 362.101 358.684 355.534 359.862 367.608 374.068 355.963 364.769 
348.044 350.003 350.997 354.16 352.98 351.622 351.391 361.371 350.627 351.551 352.623 356.804 351.878 350.184 344.927 349.976 347.988 349.261 350.698 351.216 349.542 348.89 342.277 352.119 349.607 347.335 346.609 349.72 351.192 351.528 348.621 347.695 349.942 355.975 347.694 350.503 348.059 351.25 355.62 353.285 349.05 347.093 349.364 351.199 346.949 349.73 352.007 355.035 357.704 349.603 354.728 
