5.16171e+08 3.05862e+08 7.42988e+08 4.53873e+08 1.02993e+09 1.33539e+09 6.95031e+08 5.49621e+08 8.41529e+08 1.03298e+09 6.73692e+08 5.6926e+08 3.12041e+08 7.93556e+08 5.12217e+08 5.79241e+08 1.25105e+09 5.81101e+08 5.41411e+08 3.55159e+08 7.1292e+08 5.88772e+08 5.345e+08 2.81769e+08 8.44661e+08 3.69069e+08 7.7814e+08 9.04483e+08 6.54316e+08 1.05922e+09 3.6025e+08 7.63181e+08 8.19712e+08 3.74113e+08 5.17454e+08 5.60742e+08 9.44841e+08 7.58297e+08 5.04681e+08 5.70545e+08 1.05448e+09 9.38655e+08 1.01397e+09 7.85766e+08 1.08359e+09 1.22577e+09 8.29285e+08 5.48484e+08 7.32692e+08 9.26786e+08 7.61114e+08 
2.70589e+08 8.64366e+07 3.53282e+08 3.21555e+08 2.43087e+08 1.18184e+08 4.72341e+07 3.1915e+08 2.10778e+08 2.00721e+08 2.26773e+08 7.63637e+07 9.47955e+07 1.09742e+08 8.67575e+07 1.03804e+08 2.05109e+07 8.77129e+07 2.36332e+08 7.42106e+07 1.84271e+08 1.14048e+08 2.00008e+08 1.37963e+08 2.03814e+08 2.50478e+08 2.4829e+08 1.95617e+08 2.91962e+08 3.06251e+08 9.4429e+07 1.18893e+08 3.19526e+08 6.51719e+07 2.77286e+07 1.81119e+08 2.46638e+08 1.99111e+08 2.80275e+08 3.13982e+08 2.3193e+08 1.67861e+08 1.6573e+08 1.9881e+08 2.61858e+08 2.09968e+08 1.51569e+08 1.67072e+08 2.1316e+08 2.41357e+08 9.2522e+07 
2.74916e+07 6.68647e+07 1.03933e+08 9.08744e+07 9.42223e+07 5.22308e+07 4.72341e+07 7.49042e+07 9.06931e+07 6.62676e+07 5.72811e+07 3.43829e+07 8.14676e+07 4.90561e+07 6.56334e+07 6.08481e+07 2.05109e+07 5.8089e+07 7.40258e+07 4.25894e+07 6.88819e+07 6.40046e+07 5.0125e+07 1.45529e+07 6.69515e+07 6.48957e+07 9.01329e+07 4.56459e+07 7.8077e+07 6.52265e+07 7.04071e+07 4.4787e+07 6.7952e+07 3.73916e+07 2.77286e+07 3.41035e+07 8.94947e+07 4.40686e+07 6.02255e+07 6.52241e+07 4.81199e+07 4.58364e+07 6.50602e+07 4.91612e+07 3.0615e+07 7.53854e+07 3.05333e+07 8.72794e+07 3.0883e+07 6.69158e+07 3.29484e+07 
6.51436e+06 9.76058e+06 9.25362e+06 1.169e+07 1.21215e+07 1.16264e+07 8.90503e+06 5.86243e+06 1.42607e+07 8.90131e+06 3.74629e+06 1.01857e+07 1.02508e+07 8.58232e+06 8.22248e+06 8.9251e+06 6.85993e+06 1.06334e+07 1.43736e+07 1.04827e+07 1.49695e+07 8.73837e+06 1.06363e+07 9.54479e+06 1.3734e+07 5.57262e+06 5.62201e+06 8.84067e+06 1.22108e+07 9.14799e+06 1.85424e+07 2.01234e+07 9.57943e+06 1.19099e+07 5.77564e+06 5.32069e+06 8.29453e+06 1.39609e+07 9.41264e+06 1.10863e+07 8.82224e+06 5.59324e+06 8.36483e+06 6.00118e+06 9.62759e+06 7.55737e+06 9.34959e+06 1.40983e+07 1.35664e+07 2.9457e+06 4.73517e+06 
94237.6 131786 149815 145844 123671 74230.7 86891.1 73028.4 159307 79709.4 194945 74962.8 97762.6 125416 71335.1 118390 118656 112608 105621 69419.4 83105.7 144002 209273 148827 125083 57229.7 112793 146421 108564 112613 111217 139863 92727.2 80957.1 229456 137788 121261 155088 155132 77338.7 104931 30019.8 127826 112293 144155 135711 73281 87643.2 86307.2 110615 184516 
189.428 225.246 190.753 183.687 122.838 224.922 137.031 171.758 152.772 237.59 195.131 214.817 208.136 185.412 204.969 264.321 227.442 184.06 161.251 182.475 153.624 169.748 185.497 193.208 223.173 137.375 302.969 227.778 225.622 184.822 175.362 174.721 228.228 145.458 263.527 180.129 182.797 180.638 188.242 169.79 221.597 227.343 173.847 217.463 193.298 150.035 208.458 221.192 164.74 292.515 223.806 
39.091 34.1512 40.6419 43.0039 36.6776 41.2033 32.0957 38.3552 43.247 36.1733 36.7411 40.226 32.1548 45.7813 36.5237 40.311 42.2195 38.8053 41.9262 30.9178 37.8757 34.368 42.1774 45.1299 35.0026 43.5976 43.0027 36.0565 32.7898 34.5054 40.0373 33.5031 41.1102 34.0763 45.4197 43.9624 38.0275 35.8109 33.8451 31.8175 37.9985 35.2331 31.5492 39.1467 35.8866 36.4511 42.7908 40.9943 38.5586 39.5679 38.7319 
30.8172 27.4206 33.0946 30.8386 33.8544 30.0829 31.7508 29.1124 29.9653 31.1717 32.0661 31.5173 21.2634 32.1437 26.6897 26.9662 27.6579 32.0087 26.072 30.9178 33.6159 32.4512 31.605 29.0014 26.3865 35.1442 35.1766 29.0291 31.4009 27.0204 30.0578 30.6141 28.1708 33.313 33.9756 28.0469 32.0415 31.6632 33.8418 27.5919 34.4641 27.4332 26.4879 31.3597 33.6515 30.5872 27.8538 30.802 24.7838 29.9054 31.9436 
24.8913 22.9781 27.8919 24.358 24.593 26.0843 21.686 21.5554 23.7383 22.5878 23.9159 25.8514 21.2634 25.0428 23.6981 23.4798 22.075 23.8261 24.5936 29.2915 24.0031 22.8854 27.0647 23.8889 21.0793 25.5089 21.9886 24.8569 25.6459 22.4345 22.0479 25.5912 22.5528 24.5425 22.94 25.0647 23.7286 23.63 24.5334 21.9129 24.4305 25.8963 25.7635 23.2365 26.7972 22.6769 23.8905 24.1882 24.7838 24.8264 24.5447 
19.7159 19.374 22.9194 20.1066 21.4861 19.6492 19.8904 21.213 22.0165 19.4874 20.7761 17.9235 19.208 20.9976 18.6131 17.5619 20.191 20.4727 21.3348 21.4372 19.976 19.7573 18.7897 18.2492 17.1283 18.7649 20.3204 18.4383 19.4431 18.0141 20.7519 19.8669 20.5933 22.4284 18.1781 20.2044 21.1567 22.1538 19.8726 16.9558 19.6058 18.9378 17.7685 18.2935 20.2358 18.0082 19.1745 21.7392 19.6737 19.7876 18.4701 
19.5129 14.7542 19.0073 16.3597 17.7537 17.3837 17.8068 18.4502 18.7555 19.4874 18.0322 17.9235 17.0774 18.249 18.345 16.3392 18.9138 18.4917 17.6627 17.4031 19.9576 17.8911 18.0912 15.6909 16.5063 16.7686 16.2955 16.7744 13.02 14.7005 19.8941 18.0012 16.4503 20.1358 16.2869 19.7338 18.9028 17.8735 17.8279 14.7073 19.3954 15.7504 17.6586 15.8564 17.7129 17.5094 17.9346 17.9602 17.6763 19.2539 17.9834 
16.8218 4.24824 18.0118 11.7306 13.9913 15.936 5.89996 15.4451 13.2255 17.4144 17.6311 7.333 4.05277 17.1778 15.6336 8.78481 14.0057 17.9715 15.5807 16.4705 16.7222 13.7579 7.92122 14.2819 5.32325 9.90653 15.1764 4.71499 4.28798 4.70547 13.9515 16.7657 16.4503 18.7334 6.15653 15.2437 12.6258 15.9642 15.591 12.8519 8.21706 5.30863 14.1057 9.33367 17.3201 11.1541 17.4249 15.5587 14.7819 10.1258 5.85295 
6.8716 3.78332 6.6848 5.04955 3.72898 3.9053 3.35147 4.2907 3.65476 11.7861 15.1167 4.70956 2.80822 5.47279 7.83202 4.62803 3.76282 14.2023 7.39907 12.7861 7.02135 4.35548 2.91635 5.19556 3.31685 3.86279 12.9643 3.31366 3.80151 2.72501 3.84881 7.25533 5.93531 15.9686 3.08297 3.49469 4.50778 5.69348 3.39652 2.86317 4.63707 2.99319 4.44334 5.6447 11.7317 4.5695 9.00299 5.99149 6.70656 3.06756 3.18643 
5.75987 3.77925 3.75255 4.84269 3.66136 3.79963 2.92325 3.55555 3.59237 6.22051 10.8607 4.49218 2.17304 4.95817 6.9011 3.94101 3.0875 8.28325 5.3734 6.64528 6.59837 4.21022 2.53512 5.17534 3.30497 3.70926 6.26463 3.30662 3.80035 2.06775 3.21063 5.80001 5.67104 4.51274 2.96529 3.4619 4.22715 4.44402 3.06836 2.33444 4.62271 2.7794 3.9052 4.33638 7.62542 4.08531 6.09437 5.25197 6.57558 2.43923 2.67298 
