166.716 167.506 214.648 211.598 77.5272 318.264 209.975 140.386 286.727 223.271 320.818 153.898 322.723 187.125 327.005 288.535 322.748 231.691 284.708 201.139 197.744 283.087 410.145 286.67 209.781 266.673 332.539 373.432 227.772 186.918 256.738 204.591 343.218 230.736 283.314 248.018 279.106 188.761 181.245 261.797 221.226 259.279 371.451 258.177 262.297 257.126 319.822 287.615 230.593 136.074 279.066 
156.662 167.506 149.176 190.562 77.5272 79.3589 209.975 140.386 175.077 191.577 201.05 153.898 237.524 109.831 122.971 190.415 249.092 145.994 213.592 159.297 194.11 143.238 271.231 210.932 148.283 253.355 229.475 155.817 167.696 186.918 114.64 131.303 96.3994 133.443 231.96 146.422 203.795 156.103 171.096 209.198 219.046 156.108 174.125 221.704 176.001 197.366 210.519 175.084 95.1515 95.0074 185.549 
153.349 167.506 134.51 123.736 77.5272 79.3589 174.34 140.386 175.077 109.194 149.311 129.92 113.249 109.831 122.971 185.398 157.909 145.994 140.616 67.4998 174.027 143.238 173.489 122.661 111.042 191.888 215.839 155.817 167.696 109.8 114.64 131.303 96.3994 133.443 158.301 141.313 203.795 143.963 171.096 140.092 185.215 156.108 174.125 78.3269 130.891 152.127 148.21 113.684 95.1515 95.0074 169.186 
91.6316 134.489 102.454 113.293 77.5272 79.3589 137.267 140.386 148.916 96.9637 92.2547 114.032 97.2315 109.831 91.567 124.455 118.213 123.285 103.261 67.4998 111.243 125.294 128.845 122.661 111.042 191.888 154.781 79.4912 159.469 88.2383 101.898 131.303 96.3994 109.629 126.247 103.029 104.48 96.2419 152.766 121.795 139.502 92.8982 98.8759 78.3269 103.488 96.1261 116.358 113.684 95.1515 95.0074 142.251 
73.4943 108.071 102.454 77.6915 77.5272 74.6439 72.0515 71.533 90.2015 77.4299 75.1598 79.4223 97.2315 86.3878 91.567 70.3457 82.6441 106.226 88.2128 67.4998 88.5495 79.321 128.845 95.011 77.3362 93.1143 106.201 79.4912 87.3292 88.2383 64.3779 81.6829 88.0523 67.48 99.7269 94.1342 86.8438 87.0506 111.196 114.768 98.1169 91.3302 98.8759 78.3269 103.488 66.4705 95.9243 106.603 77.7947 95.0074 77.6365 
71.5555 66.1899 70.9148 66.5653 57.6365 59.3501 52.1845 71.533 70.452 45.9218 64.2855 75.7709 49.7763 79.0115 58.2949 65.602 59.503 49.5092 58.3326 67.4998 67.7578 53.7259 74.8899 74.7573 72.8473 72.6404 56.5966 63.4758 49.5496 76.4176 58.2513 69.5087 60.763 56.9741 53.5063 74.7662 55.3317 67.7303 72.6394 59.5348 58.2149 65.4111 83.5993 69.1463 64.0643 66.4705 67.8369 70.7468 52.2416 61.2933 69.7951 
50.9567 61.5816 44.3458 43.9224 57.6365 47.5161 52.1845 43.8729 56.5633 45.9218 61.3086 56.9608 36.2031 61.2821 39.7698 56.0092 50.477 47.9451 53.1217 44.4241 47.9707 43.4661 51.6523 42.7857 63.2704 57.0686 47.0233 58.6505 45.5506 51.9535 44.1681 49.4026 58.6742 56.9741 53.5063 54.2972 40.2986 48.9917 49.7294 50.6336 58.2149 50.0226 72.8175 60.0554 46.7082 57.3635 60.0298 43.5688 44.554 50.7495 62.744 
46.0872 33.2023 44.3458 42.3761 46.034 46.3637 41.6353 37.4046 44.7866 45.2236 44.4267 44.5469 36.2031 41.8155 38.5325 54.5986 34.436 39.0123 45.3161 39.0403 35.7732 35.8351 44.6857 41.0756 47.5182 31.7557 41.8763 47.7826 43.0154 34.5194 41.6629 25.0723 42.1622 39.7587 42.436 32.3403 40.2986 42.8163 46.2882 50.6336 36.9282 47.9119 46.1955 45.7403 40.5862 44.7922 43.834 38.5671 38.2748 41.8393 48.0119 
36.4877 33.2023 31.1642 32.9751 28.8113 36.6318 33.5465 35.9532 32.1024 35.3015 36.6845 28.4053 36.2031 41.235 37.5096 41.355 34.1394 36.6905 34.557 37.9336 35.7732 32.4917 36.8556 31.9799 30.7634 31.6928 37.9067 40.2777 32.9356 33.7866 32.5352 25.0723 32.8336 30.8633 34.4468 27.5779 39.8435 26.7811 35.1371 39.3996 36.9282 38.7223 38.7566 34.1827 28.8469 34.8341 33.7759 35.574 32.6046 32.243 39.2346 
28.687 26.6382 28.541 31.2296 25.3683 16.6619 25.7589 26.824 20.4595 25.8816 30.4898 27.6277 28.0827 31.303 24.9289 30.8286 24.8184 23.6154 28.927 17.6784 29.8492 26.8387 26.9217 29.0778 25.3755 27.5882 32.8643 22.0584 24.9394 29.352 23.6112 19.5208 27.9109 18.3761 27.7658 27.0253 29.4234 18.0511 26.9434 28.0618 33.3659 31.5649 37.9508 27.1608 28.0205 29.7073 24.9277 27.1683 15.8075 26.9273 14.253 
13.3316 10.8257 8.89335 14.123 12.3908 7.53003 7.12606 14.7837 6.09436 8.45415 13.0825 13.953 21.0909 13.3168 7.8001 20.4905 13.4393 13.1003 8.62418 8.42101 13.624 10.7884 16.6937 15.9145 17.2413 12.5722 9.202 9.17984 10.6933 9.31078 15.1796 7.64261 6.95208 11.1713 23.3836 19.8557 20.6824 7.09204 10.396 11.8395 11.4825 24.0284 17.0677 15.5598 7.50588 24.1218 14.4678 15.1875 8.23044 10.205 12.7423 
2.91374 2.35326 1.15306 3.40159 1.23252 1.54427 1.97809 1.19454 1.34871 0.855539 1.76193 2.262 4.01965 1.78078 2.31446 2.21082 1.98537 1.75086 2.30355 2.19238 3.04986 2.11845 3.55779 4.09973 3.04877 3.19105 1.60663 3.13393 2.4218 1.38803 2.32585 2.53416 1.14554 1.58875 11.8118 2.37531 4.49253 2.5935 4.59758 4.04582 5.66895 5.89638 4.24051 2.47711 2.76954 6.86993 4.60095 3.45936 2.04241 0.872871 3.18757 
1.3586 1.55848 1.14335 1.46528 0.542984 0.388627 0.879593 0.69067 0.929369 0.717276 0.33558 1.56762 1.97415 1.2561 0.963639 1.64295 0.483339 0.605952 1.02125 0.435256 1.04713 1.64204 1.21458 1.20623 1.50712 1.12463 0.399996 1.49422 1.48406 0.650598 1.60992 1.10524 0.414203 1.33693 0.888821 1.39901 1.14957 1.84156 1.46505 1.12487 0.909155 1.76075 2.07825 1.07652 0.880677 1.40483 1.0959 0.94943 1.5474 0.652006 0.737773 
0.108216 0.811262 0.723564 1.06072 0.366482 0.0593222 0.343685 0.210658 0.656774 0.33551 0.0655847 1.12838 0.786992 0.39991 0.49717 0.608913 0.431206 0.385434 0.742661 0.0197588 0.599363 0.33273 0.0199673 1.1069 1.065 0.492006 0.0740715 0.386239 0.418728 0.471196 1.45261 0.465163 0.140951 1.16625 0.520537 0.403139 0.143253 1.09034 0.0507758 0.224543 0.385715 0.388617 0.382715 0.72161 0.391805 1.02119 0.374017 0.695027 0.349916 0.0251483 0.513921 
