173201 170560 39891.3 34873.3 48019.9 14996.3 47768.4 13906.3 30414.8 36863.1 19974.3 12032.7 5865.75 9231.03 65725.7 16709.7 60515.9 43681.2 83870 16576.7 30135.2 87363.1 5106.32 119817 29898.8 19973.5 8557.6 9692.66 10373.2 60917.1 33856.1 5485.45 30024.5 38533.8 30513.9 15214.8 16477.2 15987.2 22861.4 20646.8 73454 40197 379007 20107.9 18059.3 77839.3 51582.4 47463.1 24886.8 31471.2 24580 
32277.8 5790.58 3732.79 14326.6 16821 14996.3 13725 12036.8 30414.8 16436 3595.89 3726.39 3742.98 9231.03 19843.3 16030.6 16425.7 14699.4 24911.7 5703.71 7865.28 3021.67 5106.32 10101.5 13654.2 7192.78 8557.6 5143.29 10373.2 10276.9 10635.4 5336.37 3123.59 7796.52 26551 4142.72 16477.2 15048.3 22861.4 20646.8 9409.67 8506.41 13684.4 3790.8 5734.43 5562.64 21412.6 22235 4773.13 15622.6 4284.42 
1717.64 2704.68 827.59 4674.91 5659.54 3688.2 4832.9 468.22 4224.8 4208.9 3431.35 3726.39 2557.25 1896.8 5300.74 3151.66 5264.03 6386.11 2890.17 2528.63 6063.8 3021.67 477.233 4098.66 5763.94 3348.67 3530.64 3973.27 8392.31 3190.04 6512.87 2621.45 583.723 1589.95 2288.9 2104.37 6115.66 5425.57 4582.17 2700.02 4433.75 3735.27 1226.29 3790.8 5734.43 5562.64 917.303 6890.41 2412.14 2205.79 3511.36 
1093.01 672.014 526.957 297.786 362.029 871.007 1633.11 465.512 1417.33 716.976 189.105 278.05 389.729 445.492 887.5 545.073 561.792 516.055 168.362 460.897 347.285 134.122 352.084 953.353 289.278 515.858 466.141 197.735 615.275 315.707 745.648 464.843 387.723 581.758 729.579 421.063 671.392 332.383 429.048 539.935 342.348 495.573 384.74 543.514 421.63 1071.55 276.39 988.242 549.023 379.19 387.549 
23.4839 32.706 23.3299 20.5746 17.1622 22.2589 35.2074 39.3295 30.1617 23.0836 29.6071 28.4314 32.6986 15.2672 6.95806 24.8276 20.4284 37.856 34.7916 23.9163 14.7854 18.7045 40.4181 28.031 39.992 30.0457 29.0105 27.4569 22.0308 33.2433 36.5819 29.8487 30.3199 30.1489 23.8282 26.4214 31.8387 19.3426 24.4486 19.9148 33.1149 29.0651 35.8535 33.4047 30.6628 17.7014 10.6482 27.6558 16.7669 30.1588 21.861 
7.48543 6.80984 2.89084 5.65538 3.7796 6.25391 4.17778 5.94612 5.82603 7.33715 6.74782 5.25702 5.98686 7.52246 6.20179 8.82255 3.63797 6.42054 6.68655 6.11663 5.36947 6.73661 7.04437 6.4726 7.78103 2.74886 4.08657 5.01677 6.80286 5.9962 5.25883 6.3856 7.01744 6.28147 6.05058 7.25666 6.81445 4.44532 5.80472 5.60148 6.93998 6.66761 5.77831 5.81136 7.55483 5.18808 6.43365 3.48418 4.85903 7.07069 7.49823 
2.90022 3.90478 2.81566 3.97669 3.7796 3.35536 2.57908 3.38151 3.12766 3.77829 3.79748 3.09261 3.15219 2.22856 3.06727 3.31991 2.83298 3.18282 3.38232 2.19701 3.1132 3.5787 3.2308 3.16613 3.84609 2.74886 3.83096 4.41534 3.31396 3.59677 4.90214 4.26412 3.85605 3.70993 2.36415 2.71394 3.09042 3.06488 4.67272 2.91581 2.20706 3.46476 3.18172 2.95178 3.2271 2.87723 2.65854 3.09091 2.47832 3.68038 3.79302 
2.18061 2.63637 0.953461 1.45082 2.63543 2.3434 2.08959 0.779703 2.26813 2.2278 1.72451 2.18039 1.42375 1.86445 2.41105 1.81688 1.89441 1.57972 1.26042 1.47449 1.65317 1.52396 1.56708 1.95938 1.62321 2.13317 1.43084 1.88253 1.83058 1.87437 2.4342 0.842543 2.38861 2.3852 1.70047 2.2463 1.58853 2.30817 1.92553 2.06085 1.53621 1.90034 2.06804 1.37891 1.96921 1.56122 1.25899 1.58424 2.47832 2.27588 1.53263 
0.496064 1.06437 0.531359 0.543702 0.870245 1.02514 0.809246 0.63055 0.766972 0.617772 0.788201 0.975218 0.484466 0.929869 0.599294 0.57746 0.755549 0.739493 0.526032 0.497591 0.303703 0.392762 0.540429 0.686577 0.29027 0.59169 0.55598 0.654191 0.497643 0.835627 0.864497 0.597433 0.621157 0.444893 0.255514 0.68805 0.489074 0.513313 0.62245 0.738971 0.53145 0.947566 0.633302 0.590579 0.699404 0.52754 0.283737 0.431024 0.833465 0.712273 0.956434 
0.114383 0.20136 0.174032 0.496602 0.517017 0.50097 0.494634 0.449847 0.116597 0.411825 0.520128 0.202357 0.299751 0.420968 0.181758 0.133941 0.493939 0.500147 0.485146 0.248733 0.040313 0.0583419 0.500045 0.469158 0.0543273 0.23387 0.480763 0.106202 0.172331 0.285799 0.369287 0.335188 0.441187 0.106598 0.077986 0.462958 0.0274664 0.10254 0.188849 0.108982 0.5 0.500342 0.326506 0.34095 0.500007 0.333103 0.0970107 0.0851484 0.144353 0.495797 0.430891 
0.0931979 0.113357 0.0231248 0.493862 0.479584 0.00986895 0.477637 0.388045 0.0218802 0.354736 0.386237 0.022143 0.080562 0.00607133 0.00786567 0.00419782 0.488312 0.499999 0.480447 0.226209 0.00374919 0.0140095 0.499879 0.445743 0.0158028 0.225274 0.479915 0.0622079 0.0267154 0.11361 0.0667504 0.29868 0.413767 0.103547 0.000386746 0.453533 0.00436565 0.0831361 0.1837 0.00348639 0.5 0.499997 0.179559 0.333231 0.5 0.329646 0.0928836 0.00113117 0.000585873 0.492048 0.22295 
0.0931801 0.113069 0.00386763 0.493829 0.479417 0.00664609 0.477539 0.387573 0.0214398 0.35418 0.385848 0.0179929 0.0801373 0.00524097 0.00771784 0.0031378 0.488291 0.499998 0.480436 0.226155 0.00227686 0.0138293 0.499876 0.445614 0.0156654 0.225263 0.479913 0.0621671 0.0257161 0.112722 0.0615346 0.298614 0.413709 0.103535 0.000364886 0.453504 0.00252691 0.0830995 0.183692 0.0034212 0.5 0.499994 0.179168 0.333225 0.5 0.329642 0.0928757 5.38508e-05 0.000375935 0.49204 0.222829 
0.0931801 0.113069 0.00363417 0.493829 0.479417 0.00657196 0.477539 0.387573 0.0214392 0.35418 0.385848 0.0179905 0.0801373 0.00523993 0.00771751 0.00313505 0.488291 0.499998 0.480436 0.226155 0.00226046 0.0138292 0.499876 0.445614 0.0156653 0.225263 0.479913 0.0621671 0.0257157 0.112722 0.0615345 0.298614 0.413709 0.103535 0.000364803 0.453504 0.00252528 0.0830995 0.183692 0.00342097 0.5 0.499994 0.179167 0.333225 0.5 0.329642 0.0928757 4.85432e-05 0.000373399 0.49204 0.222829 
0.0931801 0.113069 0.00363385 0.493829 0.479417 0.00657195 0.477539 0.387573 0.0214392 0.35418 0.385848 0.0179904 0.0801373 0.00523993 0.0077175 0.00313505 0.488291 0.499998 0.480436 0.226155 0.00226046 0.0138292 0.499876 0.445614 0.0156653 0.225263 0.479913 0.0621671 0.0257157 0.112722 0.0615345 0.298614 0.413709 0.103535 0.000364799 0.453504 0.00252528 0.0830995 0.183692 0.00342097 0.5 0.499994 0.179167 0.333225 0.5 0.329642 0.0928757 4.85409e-05 0.000373394 0.49204 0.222829 
