65941.4 77919.2 70024.5 57289.5 62819.7 78271.6 73720.3 63954.6 75753.5 66951 76381 76391.8 71670.2 71207 67898.2 82629.8 69366.2 79284.8 72709.1 67256.3 75266.6 71895.9 60902.2 64567.8 65152.3 53627.2 78328.1 73827.4 66228.1 73475.9 71253.8 81213.4 61242.6 74185.6 66949.9 66538 68401.9 74088.4 60749.4 64590.2 64797.9 68389.7 70160.6 70168.7 76902.5 67566.6 56433.4 69646.6 56935.2 66870.2 72918.3 
26432.2 30718.5 32424 25503.2 31883.4 32956.1 29786.2 29372.4 32614.2 33131.3 23835.6 28216.3 27253.7 26557.2 26288.9 30536.3 32483.7 33491.2 30544.8 34504.5 29039.4 30878.9 26031.5 30677.3 27374.8 32947.4 31274.9 30304.2 25984.7 29227.2 29687.8 27311 25577.9 19869.1 28342.5 29779.8 34735.3 28860.9 28375.2 27265.3 32180 27781.6 24987.8 33145.4 27186.7 31123 29431.2 27963.5 30431.8 30550.5 25818.3 
10789.3 15860.9 15460.7 16237.8 13732.6 16972.8 14736 12245.3 15666.9 16040.4 15444.9 13300.7 13710.6 14949.7 14845.2 14527.2 14041 17451.2 13225.3 15018.4 15522.8 14772.4 12437.1 14516.7 14815.8 15454.6 15781.5 14100.5 11614.4 13948.7 14215.2 15181 14358.4 15350.7 12133.1 14210.3 14676.7 14625.7 14744.7 17107.2 13452.3 13839.5 13997.8 14110.4 13807.8 11705.5 12946.9 10949 16512.9 14483.9 16228.3 
4288.11 4481.45 4193.97 4212.31 4086.76 4991.59 4502.53 4623.6 4765.04 4007.27 4453.01 4833.98 4131.71 4429.16 4528.31 3964.64 4162.22 4802.33 3763.65 4319.3 4645.28 4253.92 4498.59 4445.27 3848.88 4014.71 4426.32 4248.04 3608.4 4608.26 3684.17 4264.2 4342.54 4345.88 3663.86 3928.72 3813.66 3143.62 2957.5 4176.01 4410.77 5111.7 4167.1 4217.43 4714.44 4005.83 3764.22 3716.88 3649.88 3824.38 4715.3 
706.736 742.335 681.725 688.143 672.891 753.761 710.541 681.542 698.964 648.986 663.288 702.115 639.635 700.626 695.595 648.268 663.695 712.033 693.84 724.425 734.253 642.791 689.925 660.045 670.718 685.185 586.478 649.986 702.126 715.226 636.122 681.847 696.846 678.974 633.464 726.951 702.143 667.439 644.352 653.703 673.278 692.858 698.667 677.075 724.149 630.045 671.876 658.057 633.618 615.909 708.054 
296.612 273.06 275.091 275.29 267.533 263.79 284.619 249.606 265.638 262.132 248.705 225.917 270.159 273.338 269.744 225.412 265.374 262.532 281.084 290.087 287.248 240.447 296.216 269.923 275.328 265.302 253.756 304.313 264.748 279.545 274.803 268.9 277.301 271.695 254.358 249.774 269.681 249.272 268.398 243.953 276.269 278.289 250.565 243.356 242.125 265.864 268.686 263.212 269.898 258.524 265.935 
273.172 235.335 237.953 234.107 204.202 206.185 266.138 230.099 215.756 235.193 208.112 200.801 235.179 237.037 230.929 203.026 214.799 205.862 237.517 268.063 237.66 214.511 260.315 235.908 231.786 204.011 240.987 269.492 234.859 235.939 235.658 206.7 208.522 212.1 237.037 235.413 233.26 229.906 258.89 199.076 223.14 235.206 234.037 198.459 201.811 235.053 235.506 235.169 236.291 236.257 230.949 
225.414 230.025 232.342 229.538 197.451 200.875 257.301 225.965 197.538 225.757 197.506 197.38 229.907 233.365 228.268 198.258 200.797 197.481 233.389 254.497 233.917 203.915 252.378 219.693 229.514 197.41 220.829 263.953 221.573 231.717 231.362 197.426 197.434 198.907 227.975 222.722 229.55 221.889 249.586 197.361 197.692 230.532 217.038 197.362 197.414 230.334 228.468 220.249 229.662 228.869 228.177 
220.819 207.94 210.268 220.708 197.357 200.7 239.055 215.25 197.357 206.083 197.357 197.357 219.501 214.711 219.463 197.357 200.7 197.357 214.465 241.062 223.832 197.013 243.215 206.217 220.807 197.357 204.744 248.036 206.403 209.859 223.182 197.357 197.357 197.361 219.658 208.925 220.773 207.927 241.851 197.357 197.357 214.075 201.862 197.357 197.357 218.411 208.393 207.208 222.768 211.33 218.298 
220.755 197.006 197.567 212.812 197.357 200.7 177.206 212.474 197.357 196.796 197.357 197.357 207.566 199.229 214.945 197.357 200.7 197.357 198.61 232.012 206.129 194.978 234.378 199.817 212.77 197.357 196.332 241.474 196.824 197.556 207.776 197.357 197.357 197.357 214.686 196.844 213.196 198.16 237.253 197.357 197.357 203.862 196.058 197.357 197.357 203.954 196.239 202.857 215.564 198.321 212.98 
220.755 195.859 195.638 212.432 197.357 200.7 162.885 212.292 197.357 195.872 197.357 197.357 203.82 196.022 212.586 197.357 200.7 197.357 195.939 224.254 203.766 193.546 228.17 195.519 212.413 197.357 194.958 234.083 195.855 195.862 203.752 197.357 197.357 197.357 212.586 195.81 212.345 195.375 234.286 197.357 197.357 197.551 195.61 197.357 197.357 197.497 195.807 197.293 212.7 195.882 212.478 
220.755 194.332 193.271 212.388 197.357 200.7 158.015 212.277 197.357 194.538 197.357 197.357 196.957 195.848 212.436 197.357 200.7 197.357 194.553 154.72 197.472 192.104 162.078 194.353 212.28 197.357 194.462 229.321 194.256 194.119 195.409 197.357 197.357 197.357 212.29 193.948 212.28 192.562 229.967 197.357 197.357 194.756 193.453 197.357 197.357 195.92 193.998 193.583 212.436 194.301 212.278 
220.755 192.109 192.075 212.312 197.357 200.7 151.866 212.277 197.357 192.174 197.357 197.357 194.346 193.352 212.277 197.357 200.7 197.357 192.222 86.5245 196.028 192.068 151.178 191.396 212.277 197.357 192.174 160.697 192.099 192.087 193.139 197.357 197.357 197.357 212.277 192.091 212.277 192.071 163.765 197.357 197.357 192.262 192.075 197.357 197.357 193.916 192.095 190.378 212.277 192.116 212.277 
220.755 192.069 192.068 212.277 197.357 200.7 148.67 212.277 197.357 192.07 197.357 197.357 192.177 192.077 212.277 197.357 200.7 197.357 192.071 85.2096 195.377 192.068 84.524 187.7 212.277 197.357 192.071 151.355 192.068 192.068 192.073 197.357 197.357 197.357 212.277 192.068 212.277 192.068 87.4742 197.357 197.357 192.072 192.068 197.357 197.357 192.11 192.068 190.164 212.277 192.069 212.277 
