32545.3 28768.6 30668.2 32272.3 24977 33596.6 28484.4 26795 34263.1 30060.5 32792.6 28577.8 30705.9 32094.8 33274.9 31035.3 30691.9 28431.3 29714.5 31064.9 29668.7 27061.8 30139.5 30744.8 31048.2 25593.1 32533.9 26475.2 33324.5 30827.5 27506.8 29805.2 26468 31392.5 30815.7 31731.7 30590.9 29847.5 29215.5 30674.3 30978.3 28642.8 29064.4 27940.5 29239.7 32195.3 32560.1 27044.6 30541 30344.4 28547.3 
20039.3 19055.5 19414.5 20082.2 19011.2 17395.2 19582.4 17072.3 17431.1 20129.3 19619.3 18788.8 16865 19989 16387.5 18555.9 19186.6 19286.5 18770.2 20265.6 19307.5 18786.6 18997.8 18877 18208.4 17029.5 18753.8 19964.3 20106.1 17391.7 19672.9 20435 17481.4 20332.7 18069.9 18400.5 19017.9 19196.1 18081.9 20250.9 18393.4 18145.9 18593.8 17120.8 20132.9 20707.8 17889.1 19969.9 19733.4 20706.8 17496.8 
12884.3 13108.9 11194.3 11963.6 12887.1 12195.6 13100.9 12341.6 11442.3 13689.9 14188.9 11941.1 11842.4 14207.9 12612.6 11712.4 13684.4 12763.3 12733.5 13529.1 13747.5 11282 13979.2 12874.9 11241.4 12081.4 11674.1 10910.1 12790.1 11607.8 10860.6 13464.8 12624.1 14401.6 11190.9 13812.2 13218.7 12034.1 12092.9 12903 12882.1 12428.1 12499.4 11645.3 13612.1 14310.8 13257.1 13949.1 12921.5 14123.7 12967.5 
6089.02 5857.73 4848.48 5967.98 5577.31 5685.99 4993.64 5288.94 4615.02 5152.42 5979.33 5593.02 5166.64 5772.73 5652.74 4497.11 6168.47 4403.28 5196.35 4814.93 5647.36 4935.42 5942.58 5422.56 4911.2 4241.32 4781.48 4846.58 5694.93 4639.34 4597.5 5147.36 5553.77 6042.48 4349.4 5550.16 6135.14 5124.34 4377.21 5015.57 5359.51 5351.88 5489.29 4902.48 5393.41 6122.45 5244.03 5317.93 5202.72 6334.1 5662.52 
1086.54 1056.39 971.521 1152.09 997.578 1074.25 1050.58 1047.48 1087.1 1024.99 1118.05 1103.49 1040.42 1026.24 1115.34 1069.39 1125.08 1029.63 1061.73 1070.18 1118.22 1077.3 1134.55 1051.88 1004.5 1036.75 1041.2 1032.83 1062.76 1011.24 987.333 1024.07 1123.56 1152.48 1044.91 1106.89 1127.01 1074.42 1020.57 1049.42 1039.06 1105.54 1041.19 1074.77 1080.2 1056.63 1070.93 1055.83 1087.47 1105.05 1082.67 
594.389 590.718 600.469 635.485 607.522 612.215 597.522 627.309 608.963 627.956 575.725 610.925 604.415 573.608 653.808 602.231 578.11 606.79 592.278 607.28 621.884 631.046 626.235 573.748 678.612 650.688 612.054 656.495 633.979 611.708 608.133 604.18 589.553 612.684 619.22 612.182 588.151 639.78 684.842 600.277 651.128 655.799 622.143 647.103 661.631 610.561 622.833 614.882 613.365 619.193 650.151 
556.464 551.417 562.499 593.793 584.694 537.594 555.539 576.553 573.896 570.533 547.968 556.723 531.929 549.83 557.701 547.529 548.867 582.327 556.583 585.832 561.119 595.2 536.556 542.326 569.38 572.39 567.555 591.176 565.027 534.695 577.468 593.414 551.263 569.517 543.611 584.889 542.629 569.542 592.577 495.628 580.884 552.868 594.676 553.429 547.34 585.194 594.493 579.879 575.505 566.295 584.088 
541.773 523.65 525.695 585.846 576.056 526.128 536.515 556.398 567.455 554.367 539.039 526.928 525.032 532.97 533.724 536.427 530.815 578.432 524.54 578.828 549.073 563.841 521.335 537.508 542.84 528.067 552.351 580.027 561.062 522.829 562.522 585.657 541.578 557.98 525.418 578.85 531.893 561.158 581.929 488.048 554.637 534.263 589.749 543.616 537.458 580.746 573.128 527.576 562.801 544.844 572.59 
527.821 517.53 522.522 583.127 573.922 521.353 524.376 525.078 565.974 528.117 526.61 522.041 520.933 529.921 529.193 523.562 528.504 576.951 517.38 561.09 528.409 541.838 506.524 534.132 532.779 517.717 530.467 575.078 560.74 521.809 555.264 583.402 527.564 549.293 509.108 563.083 511.247 554.353 580.619 480.715 549.032 529.911 583.09 532.924 532.421 575.726 571.99 523.041 559.817 535.884 562.504 
525.289 515.825 521.683 581.628 573.687 520.085 520.476 519.478 558.365 513.213 519.877 520.158 520.079 528.758 528.295 520.293 527.341 576.862 516.044 555.909 526.636 532.782 505.001 519.577 529.82 509.615 525.291 573.653 555.893 521.67 554.525 581.89 525.241 546.595 505.435 554.713 504.921 548.239 576.259 478.225 530.551 528.716 576.978 525.127 524.792 573.704 570.597 520.423 559.542 525.197 559.626 
523.936 503.642 521.67 575.03 573.615 520.071 519.006 510.612 530.322 508.437 518.852 520.071 520.071 528.043 527.816 518.756 526.931 576.861 505.835 554.511 524.281 531.901 503.689 518.869 529.443 505.652 524.423 573.615 554.131 521.669 552.105 575.92 524.144 544.933 503.706 553.911 500.16 546.026 573.785 478.188 525.186 528.702 575.85 524.452 518.864 573.617 570.536 520.072 558.924 524.269 559.542 
523.669 502.927 521.669 573.274 573.614 520.071 518.742 504.428 527.97 504.964 518.643 520.071 520.071 528.041 527.816 518.742 524.974 576.861 503.203 553.968 523.669 531.848 502.246 518.645 529.124 503.534 524.245 573.614 544.494 521.669 543.425 574.92 523.669 491.804 502.778 552.071 497.665 543.851 573.615 478.186 524.329 528.702 574.379 524.246 518.643 573.614 570.536 520.071 554.144 524.245 558.28 
523.669 493.505 521.669 572.383 573.614 520.071 518.742 500.277 527.003 503.268 518.643 520.071 520.071 528.041 527.816 518.742 523.669 576.861 493.74 552.097 523.669 531.848 493.396 518.643 529.025 500.258 524.245 573.614 542.542 521.669 543.408 573.67 523.669 489.516 496.86 543.414 497.595 490.884 573.614 478.186 524.245 528.702 572.403 524.245 518.643 573.614 570.536 520.071 550.861 524.245 552.947 
523.669 492.629 521.669 572.381 573.614 520.071 518.742 493.413 525.615 493.548 518.643 520.071 520.071 528.041 527.816 518.742 523.669 576.861 492.619 543.416 523.669 531.848 492.615 518.643 525.597 493.254 524.245 573.614 495.037 521.669 543.408 573.617 523.669 488.471 492.626 543.409 497.594 489.573 573.614 478.186 524.245 528.702 572.382 524.245 518.643 573.614 570.536 520.071 550.856 524.245 550.856 
