6172.69 7534.11 7712.26 7799.46 6100.3 7422.61 7151.82 7614.69 7606.51 6547.1 7210.28 7136.54 7120.01 6760.39 7760.53 7790.28 6986.65 7405.02 7479.28 6937 7103.46 6880.05 7042.17 7605 8083.7 7866.97 6413.67 7629.27 7913.08 7587.01 7650.83 7128.46 7112.94 6835.84 6751.23 6925.75 7104.88 7720.46 7613.46 6775.44 7291.16 6923.59 7795.85 7296.9 7663.88 7652.87 7200.73 7096 7360.59 7565.19 7276.08 
4985.21 4610.8 5484.34 5035.14 5351.78 4827.99 5007.68 4910.85 5162.22 5392.12 5513.82 5318.5 5300.81 5148.85 5029.52 5552.67 5179 5829.05 5122.82 5105.11 4340.84 5552.67 5225.65 5600.51 5606.36 4825.2 5188.53 5782.82 5409.14 5417.4 5069.55 5429.51 5704.14 5343.49 4841.66 5101.79 5560.68 5376.44 5355.05 5524.79 5109.78 5275.45 5516.77 5074.01 5289.09 5308.48 5516.06 4871.41 4637.97 5715.78 4900.58 
3964.28 4413.75 4843.25 4135.4 4387.21 4260.47 4402.89 4286.62 4186.33 4201.74 4056.93 4359.01 4235.58 4244.62 4119.72 4416.42 4364.02 4404.34 4090.48 4146.38 4190.8 3876.5 4535.03 4164.27 4270.14 4386.48 4206.76 4507.89 4079.21 4451.3 4385.79 4364.47 4165.59 4187.59 4157.93 4358.93 4302.58 4292.78 4398.97 4465.89 4166.01 4349.46 4196.51 4118.14 4159.7 4131.96 4420.31 4381.76 4052.8 4697.14 4413.73 
3488.57 3453.43 3828.49 3781.92 3431.46 3581.87 3465.49 3503.52 3756.7 3811.45 3576.95 3652.34 3569.46 3831.03 3866.53 3712.45 3891.86 3815.14 3694.43 3627.6 3696.59 3618.38 3647.89 3450.59 3740.58 3514.62 3722.97 3915.83 3717.11 3685.69 3747.26 3701.97 3633.21 3691.2 3729.22 3827.46 3729.7 3488.85 3312.44 3487.88 3786.77 3792.45 3659.93 3264.49 3597.8 3640.33 3806.19 3761.71 3461.97 3399.87 3566.17 
3279.21 3070 3268.87 3171.23 3225.56 3210.24 3271.04 3227.27 3028.41 3191.5 3199.16 3373.07 3016.92 3219.36 3280.41 3256.78 3336.07 3129.23 3036.91 3103.71 2933.26 3334.71 3236.16 3349.4 3281.22 3244.08 3159.15 3228.68 3255.96 3169 3262.43 3140.68 3022.88 3257.77 2906.5 3329.32 3278.72 3188.4 3285.69 3248.1 3136.46 3154.23 3278.46 3217.78 3320.68 3331.95 3241.46 3317.28 3324.05 3187.12 3233.43 
2872.81 2816.85 2717.03 3020.01 2983.95 2977.12 2889.56 2490.7 2930.31 2947.98 2886.12 3015.09 2879.19 2846.52 2883.15 3016.53 2821.71 2846.6 2858.15 2937.48 2569.4 2962.72 2783.19 3037.3 2787.27 2883.26 2768.44 3015.09 2975.13 2866.71 2808.62 2974.06 2980.32 2959.74 2829.09 2943.97 2861.36 2992.92 2930.58 2834.24 2956.93 3000.48 3023.94 2938.4 2781.78 3063.63 2821.03 2899.45 2914.71 2920.55 2923.23 
2629.5 2457.57 2567.85 2653.64 2653.17 2594.26 2549.37 2490.7 2443.8 2713.82 2676.83 2546.87 2522.54 2687.13 2674.47 2734.16 2688.19 2633.76 2572.14 2567.25 2470.82 2618.75 2525.87 2523.53 2342.71 2552.74 2502.9 2638.19 2717.67 2566.38 2617.28 2565.19 2649.78 2752.81 2742.49 2653.38 2703.14 2816.12 2597.09 2686.27 2444.57 2539.55 2573.9 2722.41 2590.51 2677.03 2738.53 2698.71 2561.56 2658.44 2821.31 
2187.63 2313.26 2034.67 2029.88 2183.85 2279.99 2048.28 2191.86 2249.09 2210.18 2325.57 2251.35 2073.79 2229.9 2373.86 1966.97 2177.87 1935.25 2229.65 2106.8 2159.23 2345.53 2375.77 2154.32 2335.38 2222.05 2239.81 2057.29 2339.02 2264.13 2158.19 2317.13 2178.86 2195.35 2292.84 2264.7 2222.64 2248.63 2285.03 2222.2 2111.1 2217.34 2214.78 2243.36 2354.66 2224.36 2306.81 2186.74 2186.59 2206.11 2260.69 
1936.47 2103.94 2024.57 1883.98 1976.24 1834.27 1781.36 1863.12 1981.32 2068.73 2099.67 1972.14 1878.93 2032.75 2153.16 1776.17 2095.15 1844.88 2087.5 2047.92 1965.87 2095.54 1953.65 2017.09 1968.67 1962.54 2031.94 1869.01 2053.53 2049.59 1997.35 2166.38 2045.01 2055.25 2085.26 2158 2071.28 1925.59 2028.86 2008.91 1977.25 1887.64 2054.27 1906.98 2077.29 2088.6 2020.36 2037.68 2045.28 2135.1 1856.22 
1761.44 1729.02 1642.81 1604.68 1752.87 1594.55 1697.92 1363.81 1756.03 1778.24 1674.62 1794.46 1605.19 1609.33 1983.57 1732.85 1672.69 1693.24 1878.63 1693.24 1592.42 1669.51 1846.51 1705.36 1734.79 1776.89 1803.02 1747.25 1657.71 1852.56 1454.2 1815.94 1747.9 1809.51 1841.38 1767 1959.77 1672.85 1819.07 1696.07 1599.4 1754.74 1836.64 1780.56 1917.28 1889.62 1771.94 1803.5 1770.09 1905.55 1667.21 
1566.24 1525.06 1437.26 1525.89 1506.1 1383.7 1515.53 1207.3 1677.63 1704.86 1547.5 1252.49 1376.44 1325.6 1763.42 1503.15 1509.03 1558.02 1630.42 1428.56 1402.69 1597.22 1362.88 1513.25 1429.99 1590.65 1557.47 1435.07 1472.66 1529.62 1304.28 1456.32 1376.14 1738.34 1606.28 1569.17 1784.02 1402.77 1487.51 1481.03 1390.21 1581.56 1647.1 1553.68 1551.41 1689.18 1423.1 1627.82 1536.36 1653.15 1540.21 
1239.22 1196.53 1113.7 1125.89 1240.18 1138.53 1145.45 906.361 1280.09 1052.37 1216.18 1115.89 1133.06 1167.27 1341.69 1130.03 1107.32 1085.2 1232.5 1222.5 1053.05 1273.4 1168.77 1293.18 1228.64 1267.56 1323.11 1101.07 1139.66 1297.51 850.607 1160.53 1046.95 1213.45 1130.87 1372.26 1407.43 1158.96 1234.18 1090.59 1164.24 1234.66 1240.58 1211.85 1207.43 1332.12 1089.53 1166.09 1238.16 1087.53 1208.11 
1042.02 994.12 909.419 887.298 930.401 990.599 973.006 906.361 1008.14 975.7 972.058 880.065 937.038 955.428 1077.85 1010.25 947.615 904.056 997.741 1019.32 932.433 1051.46 926.517 1045.49 929.994 1007.52 965.336 938.601 941.854 989.208 850.607 963.655 912.918 1047.02 966.84 934.779 1038.38 998.535 872.327 900.194 912.214 1050.63 880.367 993.895 1002.3 1106.18 961.212 1035.42 1013.07 1011.07 1054.99 
967.847 938.752 856.139 850.899 930.401 946.731 923.769 906.361 933.157 882.981 932.258 880.065 870.064 955.428 998.147 944.487 895.665 839.458 880.592 948.04 893.177 940.491 882.741 994.476 929.994 937.336 965.336 881.063 884.864 911.702 850.607 870.064 839.243 964.237 931.167 934.541 960.507 946.518 872.327 900.19 912.214 935.241 880.367 902.953 963.01 1034.09 930.565 959.831 918.878 956.519 965.115 
