34728.2 35040.6 31889.8 27946 31953.8 31884.2 35257.5 34464.3 33285.2 29241 36928.9 35364.4 34212.8 31942.6 37174 34295.5 33146.2 32015.6 32851.8 35982.6 34796.4 32535 32966.4 33582.9 29828.6 30096.7 30829.6 34186 25863.1 37479.7 30320 35928.9 29395.1 33228.9 32804.5 35047.8 35186.2 32928.4 30932.9 35147.5 35941.5 33866.9 28219.5 34678 29793.3 32249.2 31351 25949.6 32600.9 32746.2 34538.3 
15232.6 17170.6 16738.1 17444.5 16325.8 17547.3 16996.1 15147.1 15230.7 13753.3 16385 14907 18086.6 15589.5 19709.4 17356.5 15298.1 16120.5 17421 18079.8 16433.2 15597 18344.6 15460.4 17854.5 16937.4 17047.7 16351.7 15939.6 15674.9 18851.8 16544.9 14217.9 18332.5 18194 14027.4 16781.4 17725.6 16988.8 14940.8 17598 17599.7 16212.5 16423.3 16603 15374.4 16849 17517.2 16189.5 16078.5 16886 
9593.34 10270.3 11536.6 8451.14 8652.85 9514.35 9394.66 10556.1 8426.25 9528.81 9110.77 10930.6 9653.79 10205 10262.3 9844.98 10198.5 10289.4 9531.55 10253.8 9334.91 9156.96 9359.09 9191.2 10058.3 10892.1 8408.17 9735.5 9355.46 9676.06 10719.2 9405.65 8427.54 8957.14 7580.73 10332 10904.3 8828.16 10686.2 9137.26 9927.82 11332.2 8793.97 8815.58 10101.9 8328.76 10683.4 9520.39 8088.6 10245.2 9103.78 
3545.59 4342.52 4288.45 3245.38 3714.4 3359.22 4026.5 4003.63 3902.83 3463.7 3364.53 4032.93 4169.94 3549.53 4017.78 3801.18 3905.93 3753.92 4283.22 4121.78 4069.14 3637.67 3694.36 3891.53 3673.27 4380.39 4106.31 4036.79 4128.42 3853.64 3646.52 3970.83 3920.96 3011.74 3816.81 4005.73 4010.73 4128.87 4063.98 3786.1 4385.8 4154.7 4376.02 4245.81 4168.33 3626.6 4219.32 4366.41 3924.96 3884.8 3423.52 
1259.14 1328.46 1280.32 1189.06 1266.57 1277.07 1263.44 1281.92 1289.35 1272.76 1253.82 1351.93 1224.9 1275.54 1231.69 1286.02 1246.05 1313.33 1275.84 1266.91 1204.42 1219.3 1288.59 1261.46 1252.96 1336.07 1277.07 1249.29 1361.03 1276.87 1258.15 1308.52 1243.85 1241.81 1226.79 1288.49 1298.03 1240.23 1322.56 1247.57 1251.27 1279.29 1278.6 1277.23 1322.5 1288.17 1261.93 1281.27 1276.11 1259.19 1255.66 
842.12 848.084 814.28 701.088 861.101 798.651 888.149 829.926 755.827 888.118 829.878 793.815 855.785 863.786 840.976 859.222 849.711 884.899 785.653 856.289 851.681 857.415 771.492 829.675 855.08 878.978 792.23 848.678 873.787 838.731 898.56 814.681 791.324 842.301 777.534 772.915 876.253 809.686 894.455 815.174 824.764 759.311 798.956 857.231 809.208 822.893 845.384 815.531 818.807 781.122 854.03 
789.421 811.607 772.989 659.919 795.005 748.81 795.798 745.307 710.066 825.584 764.115 726.805 808.578 794.148 781.479 796.121 801.708 802.837 719.154 800.376 798.659 795.869 711.587 771.152 796.529 824.71 751.488 809.842 828.056 774.741 842.924 737.44 726.936 791.674 720.313 714.998 822.072 746.991 814.417 742.496 713.859 720.551 732.854 810.401 736.976 758.301 789.691 729.861 785.218 735.588 762.372 
773.772 776.017 761.721 638.925 762.438 718.053 763.349 700.865 704.003 766.344 761.608 698.374 774.205 764.739 762.13 766.725 776.882 777.82 698.07 762.79 774.559 762.24 698.855 767.862 762.42 775.654 716.309 774.512 771.106 761.888 767.344 699.969 714.695 774.062 698.163 703.386 763.794 699.735 762.873 699.967 703.101 698.499 704.778 764.508 698.463 706.991 762.238 698.539 773.752 699.513 713.059 
773.467 773.696 761.627 638.635 761.634 714.634 761.628 697.939 703.943 708.728 761.591 697.85 773.576 762.184 761.751 766.107 773.619 773.621 697.862 761.871 773.724 761.812 698.243 767.808 761.847 773.71 714.531 773.686 762.043 761.67 761.611 698.008 714.466 773.536 697.877 703.075 761.945 698.007 761.653 697.969 702.937 698.107 703.859 761.859 697.906 703.086 761.684 697.845 773.532 697.984 704.611 
773.467 773.693 761.627 638.635 761.632 714.612 761.627 697.934 703.943 703.099 761.591 697.85 773.575 762.17 761.751 766.089 773.606 773.619 697.862 761.859 773.717 761.779 698.242 767.808 761.834 773.681 714.53 773.684 762.036 761.67 761.608 697.971 714.466 773.535 697.877 703.075 761.939 697.987 761.653 697.969 702.937 698.107 703.858 761.851 697.906 703.046 761.683 697.84 773.532 697.957 704.577 
773.467 773.693 761.627 638.635 761.632 714.612 761.627 697.934 703.943 703.067 761.591 697.85 773.575 762.17 761.751 766.089 773.606 773.619 697.862 761.859 773.717 761.779 698.242 767.808 761.834 773.681 714.53 773.684 762.036 761.67 761.608 697.971 714.466 773.535 697.877 703.075 761.939 697.987 761.653 697.969 702.937 698.107 703.858 761.851 697.906 703.046 761.683 697.84 773.532 697.957 704.577 
773.467 773.693 761.627 638.635 761.632 714.612 761.627 697.934 703.943 703.067 761.591 697.85 773.575 762.17 761.751 766.089 773.606 773.619 697.862 761.859 773.717 761.779 698.242 767.808 761.834 773.681 714.53 773.684 762.036 761.67 761.608 697.971 714.466 773.535 697.877 703.075 761.939 697.987 761.653 697.969 702.937 698.107 703.858 761.851 697.906 703.046 761.683 697.84 773.532 697.957 704.577 
773.467 773.693 761.627 638.635 761.632 714.612 761.627 697.934 703.943 703.067 761.591 697.85 773.575 762.17 761.751 766.089 773.606 773.619 697.862 761.859 773.717 761.779 698.242 767.808 761.834 773.681 714.53 773.684 762.036 761.67 761.608 697.971 714.466 773.535 697.877 703.075 761.939 697.987 761.653 697.969 702.937 698.107 703.858 761.851 697.906 703.046 761.683 697.84 773.532 697.957 704.577 
773.467 773.693 761.627 638.635 761.632 714.612 761.627 697.934 703.943 703.067 761.591 697.85 773.575 762.17 761.751 766.089 773.606 773.619 697.862 761.859 773.717 761.779 698.242 767.808 761.834 773.681 714.53 773.684 762.036 761.67 761.608 697.971 714.466 773.535 697.877 703.075 761.939 697.987 761.653 697.969 702.937 698.107 703.858 761.851 697.906 703.046 761.683 697.84 773.532 697.957 704.577 
