3168.15 3226.84 3416.68 3428.88 3064.65 3350.53 3079.22 3642.63 3030.14 2889.88 2717.59 2368.87 2336.77 3397.71 3513.27 3357.07 3167.35 3115.45 2811.2 3325.73 3372.1 3439.18 2375.59 3447.59 3052.08 3231.65 3663.1 3255.5 3115.22 3114.33 2969.04 3065.52 3066.34 2858.25 2510.92 2898.36 3374.66 3209.5 3181.92 3554.11 3483.79 2841.27 2886.5 3473.19 3098.06 3468.12 3514.26 2408.38 2671 3005.3 2903.89 
2584.48 2689.92 2727.01 2838.67 2643.09 2493.92 2763.15 2601.79 2565.6 2402.03 2685.67 2368.87 2290.23 2541.66 2301.67 2696.8 2500.77 2573.67 2417.75 2248.12 2488.89 2740.82 2375.59 2718.55 2343.81 2446.37 2498.52 2807.64 2533.16 2849.29 2382.54 2284.98 2725.67 2638.69 2510.92 2721.53 2629.68 2543.34 2643 2215.54 2621.38 2120.41 2351.37 2440.85 2669.16 2663.29 2559.94 2408.38 2489.37 2629.29 2465.33 
2409.09 1927.66 2095.22 2270.36 2022.65 2493.92 2318.73 2263.58 1944.31 2265.44 1993.44 2368.87 2290.23 2090.73 1773.18 2369.59 2500.77 2353.66 2007.72 2248.12 2229.51 2466.39 2174.52 2428.07 2078.1 2161.17 2226.44 2406.18 2322.55 2518.97 2148 2284.98 2067.64 2151.49 2200.85 2331.75 2304.04 2197.84 1815.7 2174.81 2167.68 2120.41 1969.46 2440.85 2320.19 2410.35 2309.16 2355.89 2296.72 2585.01 2297.18 
2007.47 1927.66 2095.22 2084.83 2022.65 2047.81 1884.86 1981.79 1944.31 1983.76 1777.28 1942.36 2188.04 2026.82 1773.18 1642.27 2130.6 2177.94 2007.72 1883.13 1890.98 2064.66 1544.89 2015.84 1962.23 2062.77 2223.18 1838.53 2181.94 1817.85 2116.73 2146.65 2067.64 1700.33 1686.97 2298.36 1894.98 1984.63 1815.7 1950.78 2019.82 1709.25 1852 2389.17 1850.33 1966.28 2309.16 2355.89 1914.65 2234.09 1989.1 
1651.86 1912.44 1623.83 1963.13 1380.7 1958.8 1884.86 1981.79 1793.71 1806.2 1680.49 1619.65 1799.29 1948.86 1616.07 1642.27 1698.03 1551.24 1871.03 1659.87 1714.91 1906.01 1544.89 2002.28 1386.45 1663.63 1765.19 1802.19 1634.72 1817.85 2049 1784.15 1875.39 1700.33 1686.97 1749.62 1859.35 1909.08 1414.47 1571.49 1477.97 1709.25 1852 1660.97 1850.33 1455.4 1780.88 1513.98 1872.33 1690.27 1912.76 
1651.86 1587.01 1623.83 1658.58 1380.7 1487.14 1703.09 1583.58 1143.96 1679.83 1574.26 1591.17 1564.62 1836.68 1424.6 1594.26 1634.23 1551.24 1540.99 1310.46 1590.75 1426.39 1403.13 1360.68 1386.45 1447.37 1558.03 1628.97 1634.72 1437.03 1321.76 1784.15 1417.3 1675.15 1618.64 1673.42 1253.16 1720.84 1414.47 1532.73 1477.97 1299.56 1667.1 1660.97 1531.59 1455.4 1642.35 1232.27 1480.47 1530.06 1685.78 
1500.72 1113.34 1595.77 1494.37 1380.7 1487.14 1550.25 1434.56 1143.96 1537.97 1325.6 1507.79 1130.19 1540.62 1424.6 1423.23 1151.83 1551.24 1514.54 1310.46 1066.29 1426.39 1403.13 1360.68 1333.4 1447.37 1377.85 1189.2 1417.22 1370.22 1321.76 1476.77 1219.28 1434.85 1124.58 1330.91 1253.16 1378.46 1149.91 1443.35 1477.97 1299.56 1609.09 1571.54 1430.22 1341.11 1642.35 1232.27 1159.35 1431.29 1357.67 
1226.32 1113.34 1305.83 1257.8 1136.29 1320.43 1103.03 1255.98 1069.79 1065.05 1325.6 1481.7 1099.43 1348.82 1229.04 1027.37 1151.83 1160.02 1249.69 1017.38 1066.29 1081.91 1070.88 1131.52 1251.6 1340.76 969.787 1189.2 1237.23 1176.59 1043.1 1156.29 1011.73 709.745 739.462 1109.64 1024.53 964.63 1054.81 875.884 584.885 986.325 1256.94 1364.14 1063.33 1151.66 1387.93 973.52 940.055 1273.05 1202.43 
446.366 953.222 840.767 879.021 749.035 890.192 989.653 990.042 638.075 938.602 554.766 1035.03 677.775 811.395 846.953 810.368 1010.78 1055.51 952.579 640.642 383.068 621.554 997.272 891.295 880.132 807.191 969.787 1098.06 750.292 717.768 884.581 693.945 731.49 588.204 554.462 889.417 885.631 922.512 1037.98 697.2 511.256 692.867 958.099 1085.87 455.178 866.406 1048.08 819.271 842.612 818.461 1009.02 
446.366 421.788 759.201 384.976 609.586 454.541 744.631 491.276 551.713 754.111 499.55 622.598 456.175 726.969 382.674 791.166 768.123 795.058 306.739 524.798 370.453 485.168 655.299 727.03 468.723 467.026 468.425 812.662 723.938 658.833 786.742 693.945 731.49 474.026 488.79 442.301 523.421 681.091 751.753 370.212 487.65 687.32 650.958 837.102 273.593 569.716 664.273 591.878 439.4 670.581 877.886 
315.452 360.428 250.901 317.456 307.866 375.22 671.603 389.671 515.041 647.184 455.089 431.313 366.957 511.23 344.055 598.843 613.727 636.455 262.676 399.443 239.626 281.735 534.009 676.796 413.233 222.862 417.928 654.787 545.353 524.492 442.652 533.447 517.963 188.074 342.388 287.445 289.49 641.086 474.936 284.318 365.24 533.016 444.067 659.927 227.159 491.797 499.403 214.108 253.559 448.334 686.196 
259.102 261.586 191.225 174.234 230.471 331.13 441.904 367.094 406.649 536.352 398.99 322.713 290.552 395.135 274.042 385.37 460.638 521.203 165.816 267.947 201.107 220.649 347.832 294.497 240.613 185.356 314.504 569.212 346.806 385.341 337.265 421.107 383.626 114.548 181.036 156.372 212.88 617.696 457.116 131.157 290.847 435.485 147.701 571.737 187.004 337.443 344.943 133.825 173.954 229.423 441.108 
209.268 160.177 163.151 74.1799 89.1855 260.313 358.296 247.958 191.838 364.606 335.211 141.493 254.088 319.833 131.745 162.439 412.233 393.543 119.938 183.844 119.642 153.811 163.782 277.706 94.6949 125.481 263.213 505.54 301.614 293.46 230.906 382.558 292.186 97.9211 100.331 91.4132 114.194 468.656 382.814 101.68 263.549 262.651 92.8347 468.281 76.0134 297.811 264.082 94.8335 107.247 190.462 249.48 
36.0464 25.4286 31.4503 17.9679 8.66948 21.7523 248.686 134.613 14.4318 12.346 251.814 17.0972 17.5298 145.471 21.671 126.378 248.899 153.743 21.0148 44.7539 21.5308 30.3877 12.086 144.254 17.9202 12.8864 17.8237 164.202 241.82 4.018 143.832 283.495 181.338 25.2104 13.638 18.6033 21.3678 139.16 34.3595 22.392 27.9663 162.026 14.3823 255.362 31.1709 147.088 25.9303 21.0296 21.8511 24.1867 143.993 
