2200.53 2328.46 2407.53 2371.54 2309.75 2359.59 2681.9 2202.59 2388.67 1872.79 2214.35 2046.34 2187.94 2340.93 2295.91 2011.3 2356.67 1945.08 2429.71 2429.16 2146.52 2303.83 2244.07 2244.57 2168.85 2254.14 2321.78 1822.3 2190.51 2284.72 2301.04 2083.51 2023.57 2226.84 2247.91 2152.16 2093.34 1927.95 2156.08 1969.04 2327.54 2376.42 2292.45 2081.33 2221.86 2404.39 2206.48 2193.3 2063.69 2394.58 2027.41 
1359.68 1287.92 1523.59 1261.21 1442.67 1365.88 1571.84 1396.33 1479.33 1425.9 1514.69 1460.59 1262.11 1068.62 1312.37 1415.13 1478.02 1450.06 1567.7 1192.96 1510.19 1463.36 1185.4 1452.75 1353.28 1369.04 1550.43 1463.2 1269.79 1422.57 1395.16 1428.59 1481.14 1509.55 1420.08 1286.93 1279.08 1404.43 1427.51 1402.02 1463.25 1460.22 1398.72 1429.55 1441.52 1142.4 1365.06 1071.28 1540.28 1473.19 1377.04 
1056.96 1115.9 1101.96 1095.01 1035.51 1111.76 1015.29 1020.2 1042.92 997.585 1039.51 1021.21 983.004 1065.53 1052.58 1117.82 1090.18 979.801 971.72 1051.71 1066.62 995.759 989.031 992.065 1084.02 1059.3 1076.23 1085.38 1109.97 1005.02 1065.45 1000.61 998.977 1053.39 1102.13 979.336 1001.6 1032.74 1087.42 1083.33 1110.99 1088.44 912.092 876.692 1139.1 1029.35 1027.22 935.168 1001.88 1000.51 962.017 
715.943 725.876 700.255 662.711 669.57 698.27 681.196 743.654 715.488 713.072 669.352 697.923 683.153 686.103 699.804 712.268 649.34 670.431 683.828 673.23 695.042 716.714 713.846 711.83 699.87 673.18 679.086 658.473 681.679 700.194 626.387 667.532 711.428 695.971 689.746 663.36 692.623 694.184 648.469 654.135 686.628 682.227 650.396 684.473 671.982 688.201 710.691 721.33 666.304 634.068 646.528 
486.517 453.345 485.683 513.823 485.83 501.445 461.788 485.395 469.026 476.51 512.957 502.617 478.264 496.947 499.072 455.284 505.49 494.157 509.002 486.414 496.737 506.655 504.162 445.285 464.951 502.538 489.769 473.782 489.22 494.855 487.936 495.073 487.315 487.316 484.716 501.383 507.284 499.891 459.101 513.703 482.857 468.398 490.001 490.934 494.147 484.774 485.885 505.512 493.136 481.137 490.38 
443.403 405.527 396.883 409.051 438.881 437.137 430.526 448.103 437.978 436.211 432.886 432.994 429.244 418.364 427.848 443.819 452.046 437.454 422.035 445.749 424.347 439.314 441.657 414.538 440.479 413.845 432.969 427.32 410.506 448.178 396.431 394.053 442.591 427.026 430.529 433.199 456.394 434.815 448.091 420.745 446.907 438.329 450.429 419.005 427.44 417.496 434.693 438.722 429.604 439.581 417.827 
409.791 382.439 368.166 390.152 407.006 420.619 405.561 386.413 404.006 399.249 394.118 419.019 418.762 402.127 385.376 420.957 414.527 390.388 410.389 418.145 402.791 407.411 404.373 386.847 374.825 397.298 402.547 411.369 402.29 393.344 396.431 394.051 401.119 414.422 390.569 349.177 413.924 404.898 407.424 418.146 414.962 396.683 417.464 404.576 417.035 417.496 374.53 360.085 403.035 376.296 417.827 
385.431 382.439 368.166 377.63 376.953 391.113 389.526 374.656 402.79 367.887 353.358 388.611 347.6 394.394 359.375 351.079 386.479 376.048 383.327 391.636 389.98 392.345 377.249 373.443 365.276 388.207 379.304 374.196 352.949 373.978 396.431 377.444 366.976 371.503 386.858 349.177 382.117 384.415 369.103 384.673 337.231 386.602 387.114 374.175 358.19 390.501 368.484 360.085 340.526 371.059 393.251 
332.509 322.725 339.733 332.603 335.981 341.27 357.094 329.107 311.22 349.006 351.051 351.724 303.268 350.635 350.028 308.398 345.819 338.445 342.27 363.847 353.864 350.85 349.552 309.183 311.374 344.423 340.992 329.262 311.244 345.626 370.398 332.183 334.502 350.795 355.031 340.552 352.997 362.782 346.699 328.364 324.956 346.545 340.093 319.373 352.866 358.713 342.22 337.574 321.023 340.828 342.454 
291.193 251.431 298.117 314.433 331.304 313.442 301.537 313.026 292.448 304.853 283.909 306.887 294.699 273.171 312.896 308.398 318.367 291.826 307.209 318.493 306.82 292.272 319.297 308.658 300.73 318.403 300.468 318.844 307.334 288.004 290.72 310.294 291.018 311.497 291.04 325.411 304.248 312.979 324.916 309.308 298.313 319.306 295.596 298.142 327.919 310.615 327.568 305.359 318.388 316.501 261.209 
263.541 231.85 205.271 274.918 269.606 247.954 258.579 239.993 254.264 240.976 231.419 262.379 254.619 233.17 280.442 289.368 263.074 245.191 259.75 273.378 249.612 259.044 253.856 278.188 248.634 261.408 255.979 289.943 241.331 259.928 261.438 278.474 269.043 249.621 250.907 260.58 289.203 262.997 272.48 271.393 247.397 260.252 257.246 254.676 295.869 286.046 300.941 243.076 279.721 268.165 216.494 
209.118 176.211 167.83 192.229 212.007 174.841 198.966 184.379 188.661 186.08 166.318 183.727 185.99 181.409 200.851 194.262 201.002 194.985 189.2 171.6 167.344 169.782 173.42 198.422 182.217 178.042 192.103 172.071 175.269 164.288 206.974 201.769 186.409 178.3 184.678 178.776 208.242 168.196 171.103 194.377 176.178 183.146 177.514 170.029 204.187 211.981 199.409 178.261 189.041 199.607 179.007 
127.928 117.94 122.855 123.48 123.654 126.532 122.728 117.565 128.395 137.472 118.101 124.965 128.276 120.494 124.877 138.133 139.768 128.846 120.719 124.797 110.205 124.881 116.309 125.426 129.99 118.054 120.282 119.604 133.02 121.368 131.491 128.116 131.78 120.831 122.419 113.51 134.384 127.831 117.704 126.321 131.834 122.742 128.996 119.039 132.138 115.837 127.882 123.782 129.709 133.404 117.405 
63.2304 66.5905 70.5894 63.9365 65.3269 68.7608 66.2454 63.6903 61.3284 63.2369 68.7729 72.5294 68.0943 70.6263 66.6397 67.3998 73.935 67.0381 69.2588 62.379 65.8826 63.7528 64.3201 70.3496 62.5092 68.5371 66.7551 62.924 74.1533 67.993 59.5957 65.7201 67.4736 63.4392 67.2586 71.7608 68.8977 68.1991 63.6829 70.9872 67.0779 65.8085 62.1535 66.9244 69.1319 65.7553 62.9878 64.7173 69.1001 66.346 57.5194 
