1.17085e+06 1.23391e+06 1.91464e+06 319373 604060 2.53263e+06 1.12151e+06 2.62712e+06 687902 2.07075e+06 6.54808e+06 2.39168e+06 2.54181e+06 1.85282e+06 5.69446e+06 1.28164e+06 1.82738e+06 2.89781e+06 2.57416e+06 1.92321e+06 2.47863e+06 2.52823e+06 1.03065e+06 3.21621e+06 487681 1.69522e+06 2.55118e+06 6.74123e+06 1.38907e+06 2.23977e+06 3.37852e+06 3.43816e+06 1.46116e+06 1.62139e+06 2.70214e+06 6.57228e+06 4.17037e+06 3.74353e+06 6.85139e+06 787204 4.48438e+06 774368 1.63394e+06 3.0058e+06 2.2704e+06 3.72135e+06 4.96423e+06 2.22479e+06 1.42613e+06 2.33395e+06 2.91087e+06 
683269 778285 1.21137e+06 319373 603693 53797.5 201285 909517 687902 1.45031e+06 862987 966924 1.89158e+06 1.25044e+06 407236 539746 828808 650251 760265 1.82083e+06 1.09656e+06 764377 656707 1.24172e+06 487681 482065 710521 1.14577e+06 621101 708395 1.07912e+06 1.72979e+06 1.16962e+06 375030 634271 492813 417223 562133 1.15458e+06 763521 855492 774368 1.53926e+06 1.02885e+06 991060 1.34071e+06 927193 904733 566430 623712 690984 
536525 380025 785220 319373 593999 53797.5 201285 387757 133290 247630 113923 169964 329034 299665 370821 446616 265480 285402 171928 613008 415868 281315 609395 451811 447880 482065 534434 707343 352273 382237 527312 621861 645975 237892 211556 368054 417223 40660.8 150944 267307 347478 289362 208836 501361 393471 257856 518580 574208 430632 445437 288076 
37001.7 38595.8 97090.4 64782.9 82737.1 53797.5 26299.9 43787.8 90068.3 68694.8 53201.7 56389.5 99764.5 47009.9 28191.8 103843 69632 86105.6 37873.2 18644.4 115706 79548.7 63342.5 15718.7 32755.8 65830.3 76887.8 35654.5 68161.3 45455.8 28616 97152 48806.4 50360.3 27912.5 88230.7 44498.1 8455.46 57651.4 25397.7 78526.6 75145 32772.7 57077.6 23396.6 67594 33223 72056.5 88445.6 92186.2 47352.5 
1713.1 808.875 1408.14 1375.57 943.717 1127.01 921.32 832.775 1448.13 1231.51 655.163 868.593 1152.39 1119.02 1836.18 1494.01 1382.72 1564.63 976.66 699.554 932.928 1545.29 1023.36 1394.77 1279.9 1029.6 902.933 1747.25 941.581 1007.48 1498.49 1080.86 1406.53 374.016 963.431 1066.29 907.374 659.239 1340.53 1368.69 876.269 658.838 992.513 2367.06 1351.87 947.204 825.127 1433.1 1598.65 979.774 886.212 
102.345 88.4019 98.8255 103.668 101.225 104.696 82.795 97.8001 99.5386 105.662 74.217 101.651 101.901 105.696 101.698 90.6714 86.359 84.0462 109.631 99.288 98.5816 107.257 90.04 104.417 110.581 99.5717 93.8908 111.08 103.637 101.65 100.666 97.4578 96.0484 91.4392 87.3617 88.6425 100.052 90.7382 98.7785 86.494 90.9054 92.5395 85.2216 96.2032 102.952 90.4578 99.2232 110.276 110.446 97.3932 99.3448 
74.9352 62.6067 78.68 68.2754 70.4392 74.2194 82.795 72.8261 63.1615 74.9016 73.6588 76.703 79.0716 82.466 82.348 79.5256 77.2853 72.0624 74.7586 76.5012 56.927 80.501 76.3314 65.2251 77.6254 62.6459 77.9224 86.5648 74.54 65.1655 73.3521 66.4763 74.2853 76.4236 74.692 73.1866 75.7491 68.1405 72.8133 72.3229 78.9718 78.0254 75.054 74.5143 70.2647 80.8016 70.0204 80.593 78.6079 75.8312 66.553 
62.1027 61.1107 64.9558 60.8477 68.0422 68.812 67.9143 56.9726 58.2746 50.3482 67.0669 60.7667 56.7856 52.0905 51.668 63.5697 65.9661 48.2507 68.355 63.9384 52.6877 48.2433 64.4096 57.7935 57.2757 61.4878 59.3832 66.6461 57.8985 65.1655 57.0067 61.9797 53.7588 66.0225 66.5067 58.7126 67.3431 59.0344 52.7234 68.1109 70.528 59.3372 52.9228 59.4869 55.5611 70.6933 60.3123 68.706 66.8155 65.9259 63.96 
46.9192 50.3916 40.6247 48.3798 51.4678 46.5396 47.4176 50.5005 51.4 50.3482 56.194 55.7935 42.5544 44.5726 38.2586 51.0915 52.9897 46.9891 50.8751 38.2835 47.5202 40.1146 58.3029 42.4006 50.5956 53.1484 48.423 53.3213 47.6064 52.4617 40.8793 51.9139 53.7406 49.3481 56.8357 52.4878 54.0656 52.5212 44.8867 53.2385 47.0825 45.5443 46.1753 50.7053 36.8785 57.0664 46.9668 43.2877 58.5595 35.7206 47.6654 
41.9551 44.7027 32.1746 35.5711 37.5633 34.5792 34.8971 40.0533 33.7439 39.3924 35.8704 44.8521 37.9076 34.6171 36.1887 32.5605 49.5801 36.1583 40.7024 35.7138 35.1885 32.0902 44.3122 33.5881 43.7582 43.7345 39.0309 36.603 40.9729 40.766 33.3967 40.1108 39.5461 42.8806 40.2607 41.7911 36.7926 36.7841 36.1206 42.4328 41.6611 38.3537 43.2142 32.9652 33.7575 32.7354 36.8903 39.9446 40.3046 31.0634 42.7826 
36.6129 36.3673 29.3768 29.0452 32.7823 34.5792 32.8168 33.9061 30.3306 34.1919 34.3981 38.2044 32.0337 33.0691 31.1478 30.4001 40.649 32.4529 36.9784 34.7072 27.5869 31.3871 30.8713 29.7083 32.7814 26.0596 33.9575 34.4454 31.9763 36.2567 31.6227 32.4516 34.207 32.3233 32.1458 35.2146 31.5928 30.8425 32.8094 39.7387 36.8795 34.3639 38.8631 29.0569 33.5164 32.4251 32.6847 28.9485 29.4842 30.1249 37.0533 
33.5906 31.7911 27.7599 28.8465 28.9995 30.5661 28.8431 26.6777 28.7556 33.7625 30.7684 30.7474 27.746 31.9904 29.471 27.786 33.5061 32.4529 33.0862 31.3995 26.1054 28.2215 28.5853 26.1712 28.6819 25.0332 32.1288 30.4696 29.399 31.7151 30.3495 29.3236 29.8057 27.4334 29.0527 34.0428 28.6246 30.8407 30.3322 32.8894 32.4364 31.0845 35.1981 27.7878 30.6583 30.2987 29.6662 27.4075 26.5885 27.4828 36.4215 
29.1913 26.2705 27.0536 23.2981 21.5508 27.6931 22.7481 21.0048 21.6277 21.5997 24.3162 23.1266 21.6809 30.4888 24.6894 27.1058 27.1575 29.9984 25.0003 24.1155 21.56 22.6334 26.9286 20.6415 23.0929 24.5816 26.6635 28.1656 23.8968 21.9574 23.1565 21.7996 22.6873 21.8873 21.57 21.7127 21.775 20.7252 25.0152 28.0967 24.5651 27.7211 29.9512 24.6134 24.1686 27.5979 27.2077 22.1638 21.0686 21.7457 27.7712 
24.1104 23.133 22.6035 22.594 20.6423 21.1616 22.0446 20.2898 21.0727 21.0123 22.2419 22.2686 21.1362 24.6207 22.1096 22.1817 24.3728 24.3586 24.2244 22.1249 20.4877 22.2482 20.3055 20.0614 22.3264 20.1677 23.047 20.5487 21.4468 21.1027 21.0881 21.1433 22.1659 21.1213 21.1515 21.063 21.2139 20.1069 22.0591 23.2149 21.212 21.2446 21.149 23.2674 21.082 23.083 21.1522 21.2331 20.3327 21.2572 24.1716 
