627412 643203 611969 603779 613656 604849 595782 670761 538790 633278 634353 656275 644363 689995 558892 658623 583726 694187 678260 624814 687183 519666 716530 586313 609324 604931 628190 591856 637924 700874 694812 593608 646982 612819 638413 632297 764106 614406 620157 633386 556247 584276 586438 516488 595047 544762 657018 659224 710268 634937 648334 
525094 591468 480759 482169 577255 558846 555644 636595 538790 557617 605822 595101 550421 657929 484319 541809 499130 597097 593223 555556 539053 519666 503194 545981 587371 587371 543478 585468 540009 619346 579931 593608 446568 612819 601900 545073 585667 592813 604080 589899 541032 584276 565350 516488 595047 544762 564722 521681 571401 550365 609586 
515377 476275 480759 482169 545133 461304 513884 583212 535694 409423 605822 528517 477204 512200 467102 392227 499130 477536 474926 520614 539053 379670 503194 487059 557283 457038 543478 550951 460942 559123 552958 561872 446568 612819 536499 545073 572175 592813 513688 520106 541032 582990 497820 516488 566033 544762 561057 521681 542985 550365 609586 
408154 474165 476409 482169 461073 461304 513884 503696 517478 409423 481021 528517 477204 512200 411578 392227 499130 477536 474926 482366 469497 374323 503194 452974 514459 457038 444401 479693 460942 501913 538654 494592 446568 555687 499225 495776 482487 484738 513688 519008 500315 429682 477684 481377 533681 482852 511683 427684 542985 473877 454870 
372846 399427 431848 381033 370484 347857 404695 396850 372037 365066 380108 361725 390618 353836 350104 305584 382066 408624 404394 419419 419557 360135 387760 367865 414087 421148 355582 368402 423935 385127 390275 350792 425596 400861 398852 336319 383750 383735 372991 390629 406615 376394 376230 381573 458151 340932 422103 412564 405778 430219 405444 
31908.8 44335.6 39067.2 30277.2 41026.4 25516.1 27050.1 27755.4 41610.4 26289.6 58022.9 27288.4 34532.9 41970 36364.9 26381.9 19942.3 40511.7 30637.6 38079 35505.6 31087.5 44671.9 30681.5 48265.8 38280.1 40390.2 26271.8 36351.6 33749.1 55785.4 30516.3 41746.8 30590.8 36366.9 35820.2 30910.9 51840.6 36409 26259.1 28712 29181 30652.5 33764.2 57287.3 27844.7 55204.1 43298 35340 52438.4 30445.4 
1844.4 2643.43 3412.06 2157.68 3473.7 1862.47 1274.54 1398.61 3337.22 1253.65 3839.2 1647.47 2971.04 2926.29 2512.2 1653.44 1900.12 3012.29 1751.85 2633.81 1954.41 2405.19 2253.57 1570.23 3407.1 2152.37 3964.54 1090.17 2493.44 2907.51 5876.15 2486.1 2086.5 2221.97 2607.65 2582.04 4253.27 4134.78 3341.27 1979.33 1473.65 2353.37 1999.01 3639.05 3521.11 1743.22 3363.73 4147.04 2424.28 3821.5 2073.26 
368.401 454.31 531.239 332.637 362.88 431.749 122.883 233.987 604.607 163.107 675.839 303.783 576.097 343.876 317.051 262.196 177.18 308.078 241.783 324.257 284.447 497.962 337.256 201.269 471.792 311.985 757.167 107.983 340.766 535.868 1202.21 361.071 311.5 211.822 314.619 334.538 857.878 742.557 420.078 313.902 139.04 367.437 315.337 804.923 628.693 300.292 446.334 580.118 307.178 713.391 374.034 
31.632 42.5097 59.6071 38.6832 26.6444 54.0568 10.7884 23.8217 76.783 15.0225 115.844 31.1171 65.4099 25.3841 33.3853 25.2973 13.9959 41.2215 26.5899 30.0294 41.193 63.07 39.5443 16.495 38.1836 45.4293 94.176 7.02143 27.2641 82.7314 190.446 48.1756 33.2167 22.9919 35.3022 47.3459 139.027 139.191 68.6888 29.4944 9.1688 39.3471 32.3817 109.308 116.69 36.8883 61.9027 76.3382 38.8165 88.9768 45.4326 
3.00513 2.50904 2.84839 3.75768 1.34036 5.16891 0.39394 1.61517 5.18283 0.963281 9.35618 1.68613 3.31311 1.84385 2.2005 1.7245 0.52784 2.70271 1.42249 2.11912 2.74565 3.39792 2.57426 0.807785 2.50297 2.74769 8.95476 0.311769 1.9025 4.3488 13.6335 2.91043 2.17614 0.761175 2.72631 2.80755 10.5295 8.89228 4.28662 1.56282 0.345607 1.48309 1.92716 7.36215 5.95558 2.45021 3.44595 4.90048 3.13384 5.09688 2.4183 
0.115598 0.0974341 0.106874 0.235953 0.0603901 0.442645 0.0233689 0.0902123 0.25441 0.0839413 0.563668 0.0745329 0.131624 0.100353 0.0864932 0.0612087 0.0362777 0.155626 0.0730895 0.176165 0.193094 0.149007 0.0997118 0.0350939 0.109795 0.114272 0.560141 0.0175944 0.0830593 0.186109 0.573388 0.152367 0.133666 0.0443821 0.129496 0.119485 0.560577 0.501935 0.274026 0.0616961 0.0136515 0.054024 0.0947455 0.374995 0.329488 0.101929 0.15826 0.312305 0.110744 0.433543 0.149407 
0.00322574 0.00362106 0.00302057 0.0100539 0.00182653 0.0215986 0.000803938 0.00513834 0.0100138 0.00388137 0.0355645 0.00360938 0.00354871 0.00481952 0.00372059 0.00191293 0.00151545 0.0046923 0.00249233 0.00694195 0.00626301 0.00580223 0.00601099 0.00217402 0.00461626 0.00520458 0.0232362 0.000535999 0.00256654 0.00729689 0.0188089 0.00577843 0.00597539 0.00113596 0.00364389 0.00708856 0.0299646 0.0175548 0.00680502 0.00181335 0.000536774 0.00154517 0.00398537 0.0127144 0.0158791 0.00252681 0.00686008 0.011043 0.00382396 0.0132952 0.00524556 
6.39673e-05 0.000121614 5.74884e-05 0.000246519 3.35186e-05 0.000287168 1.9858e-05 0.000260736 0.000291235 5.83823e-05 0.000910408 7.33173e-05 0.000100143 0.000120811 0.000126106 3.37787e-05 3.84019e-05 0.000157225 3.78865e-05 0.000243988 0.000150432 0.000105136 0.000190125 5.05389e-05 8.2201e-05 8.67196e-05 0.000865741 1.03786e-05 5.32237e-05 0.000245701 0.000555261 0.000121531 0.000181815 1.97668e-05 5.73732e-05 0.000186427 0.000496966 0.000287453 0.000120224 5.13671e-05 1.45678e-05 3.69804e-05 6.78049e-05 0.000374491 0.000262659 8.30983e-05 0.000204874 0.000382955 5.35267e-05 0.00021646 0.000145344 
1.03417e-06 2.12251e-06 1.13347e-06 2.81961e-06 6.65534e-07 8.88683e-06 1.21989e-07 5.0183e-06 5.87655e-06 6.48457e-07 6.54512e-06 1.61795e-06 7.76444e-07 1.20472e-06 9.79151e-07 1.84204e-07 4.31171e-07 2.99695e-06 2.65088e-07 3.49012e-06 1.03519e-06 1.52887e-06 1.19833e-06 2.74619e-07 1.2391e-06 1.08396e-06 1.50081e-05 6.44941e-08 5.31849e-07 4.04957e-06 7.29592e-06 1.76496e-06 3.82622e-06 1.61886e-07 7.34295e-07 1.4637e-06 3.0118e-06 3.5597e-06 1.44823e-06 7.88859e-07 1.95441e-07 8.48118e-07 2.32677e-07 2.46754e-06 3.02138e-06 1.73186e-06 5.90634e-06 4.81344e-06 7.84999e-07 2.95722e-06 2.10268e-06 
