2587.11 2394.21 2558.46 2591.83 2468.93 2480.3 2539.28 2732.92 2516.86 2247.58 2442.75 2634.71 2443.52 2500.99 2641.46 2098.44 2425.42 2657.07 2122.83 2597.62 2671.92 1560.66 2717.34 2659.37 2368.3 2619.88 2379.13 2450.45 2458.03 2587.15 2204.62 2374.92 2243.07 2577.79 2393.7 2718.95 2640.69 2491.79 2720.83 2287.75 2579.59 2206.99 2394.89 2410.8 2053.47 2417.5 2524.21 2371.2 2373.37 2719.76 2433.32 
2587.11 2244.15 2154.3 2591.83 2468.93 2480.3 2195.97 2394.29 2445.41 2247.58 2442.75 2359.1 2443.52 2500.99 2269.61 2098.44 2425.42 2582.09 2122.83 2349.39 2632.92 1560.66 2513.21 2485.67 2295.67 2418.01 2379.13 2251.58 2334.12 2217.85 2204.62 2296.27 2243.07 2527.27 2093.35 2354.79 2543.8 2276.75 2338.35 2287.75 2537.91 2206.99 2263.62 2410.8 2053.47 2417.5 2182.04 2336.15 2330.74 2101.42 2318.24 
2587.11 2244.15 2154.3 2506.5 2274.42 2318.21 2195.97 2394.29 2445.41 2247.58 2417.53 1679.37 2443.52 2372.57 2269.61 2098.44 2332.16 2317.26 2122.83 1794.25 2497.15 1560.66 2349.24 2483 2214.41 2221.84 2379.13 1989.12 2334.12 2217.85 2204.62 1872.44 2243.07 2163.55 2093.35 2354.79 2308.52 2276.75 2338.35 2287.75 2429.96 2206.99 2139.34 2404.22 2053.47 2178.07 2182.04 2114.48 2330.74 2101.42 2318.24 
2097.51 1757.06 2154.3 2261.18 2274.42 2030.13 2195.97 2247.71 2445.41 2093.36 1945.37 1679.37 2087.57 2372.57 2269.61 2098.44 2332.16 2106.21 2114.91 1794.25 2369.58 1560.66 1789.03 2066.46 2214.41 2097.19 2379.13 1989.12 2334.12 2186.27 2150.18 1872.44 2128.9 2120.64 2069.06 2354.79 2308.52 2276.75 2311.48 1847.67 2319.03 2113.57 2139.34 2337.1 2053.47 2178.07 1936.19 1852.65 2198.19 2038.27 2277.3 
1981.11 1757.06 2068.49 2172.5 2274.34 2009.44 2195.97 2158.51 2164.64 2029.22 1945.37 1679.37 2087.57 1659.56 2087.21 2035.07 2197.61 1811.9 1903.48 1794.25 2159.92 1560.66 1789.03 1680.51 2125.21 2085.58 2165.77 1989.12 2293.09 1968.35 1834.7 1872.44 2041.32 2053.81 1812.12 2035.22 2236.16 2114.42 1838.02 1847.67 2083.65 2113.57 2139.34 2067.56 2053.47 2037.01 1837.95 1795.59 2086.64 2038.27 1928.54 
1955.19 1495.42 1829.18 1951.41 1450.69 1985.75 1980.11 2001.93 1696.17 1871.02 1655.64 1679.37 1792.46 1659.56 1783.02 1872.08 1651.3 1793.05 1659.39 1374.85 1905.19 1560.66 1789.03 1680.51 1810.83 1915.21 1873.34 1760.24 1620.4 1682.85 1795.07 1486.96 1799.14 2042.99 1812.12 1997.2 1794.92 2006.81 1838.02 1648.2 2083.65 1880.35 1827.24 1795.18 1938.72 1771.78 1526.62 1795.59 1866.51 1840.46 1928.54 
1712.03 1495.42 1504.76 1718.82 1450.69 1641.51 1626.85 1249.56 1438.71 1739.65 1655.64 1679.37 1661.99 1659.56 1685.14 1872.02 1651.3 1614.84 1659.39 1374.85 1884.8 1560.66 1708.31 1680.51 1808.01 1441.55 1768.86 1760.24 1620.4 1682.85 1782.31 1486.96 1618.36 1820.13 1794.67 1703.26 1703.39 1489.88 1821.2 1648.2 1808.19 1817.19 1787.44 1291.42 1810.91 1510.2 1526.62 1795.59 1765.12 1565.11 1839.91 
1522.98 1495.42 1276.21 1642.19 1450.69 1348 1615.85 1249.56 1437.15 1553.08 1182.56 1264.64 1278.87 1551.5 1339.81 1643.68 1437.41 1368.37 1378.43 1374.85 1504.81 1481.04 1584.76 1293.74 1670.46 1441.55 1624.01 1578.76 1283.04 1435.51 1496.74 1154.51 1618.36 1539.02 1584.61 1452.53 1108.07 1489.88 1633.06 1504.5 1667.11 1498.82 1581.43 1260.18 1324.57 1459.73 1343.25 1795.59 1586.28 1565.11 1463.55 
1070.46 1215.85 1052.61 1041.03 1154.97 1068.23 1313.09 1112.39 1175.24 1249.76 985.568 1197.06 1278.87 1110.54 999.456 1112.32 1396.68 1208.28 1110.2 973.567 977.067 1180.9 1047.82 980.029 1422.27 1042.59 1192.6 1196.97 1136.41 1189.51 1266.94 1059.51 1197.58 1166.07 1103.64 1250.84 1108.07 1178.92 1346.94 1103.74 967.233 1187.85 1310.46 1112.16 1093.03 1459.73 1092.85 1369.94 1351 1257.18 1161.51 
873.581 1065.84 940.019 889.007 1001.02 1053.92 1150.95 1029.4 1038.45 1195.31 985.568 1126.4 995.37 853.494 983.81 1046.83 1109.54 689.482 896.924 952.394 949.799 888.738 980.308 779.615 947.121 950.74 741.023 843.738 981.274 1011.25 1077.05 616.842 735.73 712.921 999.595 1054.22 1093.1 789.547 1045.95 623.896 895.712 739.799 974.61 1023.41 1088.62 909.535 913.546 1052.49 1070.09 1063.11 911.808 
862.261 823.674 765.073 710.31 844.344 723.232 884.405 737.976 861.554 653.212 808.402 846.815 839.981 715.428 730.174 691.333 717.277 660.191 824.189 872.596 777.01 781.188 722.21 708.558 684.59 493.275 625.475 712.146 786.899 643.511 711.036 469.801 629.742 635.435 786.659 764.194 821.866 613.559 923.044 561.057 757.075 586.978 829.842 816.612 912.059 842.461 856.24 878.735 640.196 750.845 731.201 
586.733 735.399 722.807 536.05 703.393 630.231 738.012 615.988 773.342 457.507 721.061 727.799 725.89 552.485 393.608 548.574 614.445 560.26 465.551 735.339 560.734 691.523 607.363 558.226 571.883 417.516 502.86 605.39 689.403 514.157 603.195 423.129 495.334 618.874 575.741 595.411 755.707 539.541 598.492 526.555 613.932 512.897 689.958 617.741 614.769 710.761 542.054 776.106 476.254 610.438 669.378 
478.8 634.007 608.439 478.208 607.116 439.888 603.159 431.352 547.563 396.204 492.309 650.711 545.346 404.916 318.876 482.014 506.849 507.3 385.209 598.659 433.933 426.045 549.092 437.769 474.93 378.898 401.572 505.512 566.271 311.042 488.859 359.47 390.534 520.786 541.263 436.298 661.447 255.022 422.628 381.448 505.896 396.823 477.496 540.025 344.486 452.006 418.367 537.295 333.597 555.469 535.12 
110.642 317.934 307.03 222.019 280.204 125.767 130.098 68.3283 171.174 127.666 101.103 192.596 91.8377 72.5724 93.0759 101.766 311.622 205.778 97.8761 113.259 139.909 65.0735 63.7026 108.726 92.3274 111.254 117.696 97.1915 138.189 79.3833 51.1912 146.648 113.905 118.08 309.19 109.854 101.855 82.6734 101.841 64.2045 127.845 117.605 114.001 102.688 73.3823 81.8261 123.566 284.98 78.4639 276.904 308.679 
