1656.64 1696.44 1651.97 1622.06 1674.68 1169.46 1691.97 1556.21 1648.96 1436.01 1119.07 1548.51 1282.26 1420.32 1628.88 1354.3 1396.39 1746.38 1724.7 1675.61 1700.55 1396.58 1653.57 1477.58 1861.09 1692.11 1084.01 1392.38 1800.04 1372.68 1235.47 1407.79 1282.44 1286.88 1712.2 1409.27 1885.92 1776.87 1555.31 1655.71 1898.03 1487.59 1760.96 1606.22 1640.52 1743.89 1220.26 1705.95 1712.06 1304.65 1490.9 
1126.72 1272.12 1323.04 958.865 991.453 1169.46 1313.17 1032.26 1230.35 1052.05 1119.07 909.434 922.026 1168.42 945.828 863.101 1249.22 1294.81 1029.99 1448.6 1259.84 1358.61 1109.91 1189.37 1271.46 1418.54 1084.01 1005.83 1054.14 1098.96 1235.47 865.15 1281.59 1071.56 1091.26 1312.56 1099.04 1372.06 1089.49 1177.61 1061.7 1298.89 1030.38 980.778 1196.9 1246.24 1108.93 1354.94 1201.12 1098.72 1087.43 
1126.72 878.481 969.703 898.405 782.402 863.608 1202.25 827.407 1230.35 641.526 1008.97 689.883 922.026 814.818 945.828 863.101 827.194 778.431 1029.99 997.489 903.198 1092.44 1101.38 1129.68 1057.82 1005.98 1083.66 967.758 910.077 853.906 1051.86 865.15 737.783 858.162 883.678 1047.17 877.408 1224.59 943.367 975.972 1015.59 1187.79 1030.38 716.428 1018.5 1035.78 823.434 1205.38 888.25 1042.26 1042.42 
803.598 878.481 527.547 898.405 782.402 863.608 1027.22 827.407 929.141 641.526 774.429 689.883 848.746 814.818 811.114 863.101 827.194 778.431 821.957 950.24 903.198 730.505 987.235 813.679 1024.38 791.506 707.339 964.542 781.365 415.599 848.992 865.15 737.783 598.42 807.495 1035.83 877.408 857.885 611.301 808.362 773.003 1034.91 916.202 716.428 848.747 677.6 749.7 1112.04 888.25 1042.26 1020.23 
593.824 825.891 527.547 809.605 782.402 692.817 624.503 589.177 711.211 611.662 636.918 689.883 636.162 581.053 788.39 482.235 771.893 602.09 807.841 863.002 751.048 730.505 815.662 727.441 855.479 768.183 555.09 743.075 781.365 415.599 750.947 842.462 566.879 598.42 643.914 644.231 614.588 825.581 611.301 673.947 773.003 882.382 743.501 716.428 754.867 677.6 578.561 567.902 720.099 624.797 624.811 
549.642 538.329 527.547 299.039 602.75 598.847 403.497 507.558 689.107 611.662 554.009 689.883 636.162 420.184 586.704 482.235 426.81 589.47 602.918 512.351 628.705 564.328 446.914 727.441 623.641 489.563 555.09 596.087 642.55 386.639 702.567 673.381 566.879 543.082 563.559 248.784 614.588 628.503 611.301 406.198 484.435 517.6 548.548 425.851 504.241 562.893 578.561 567.902 506.55 624.797 432.339 
549.642 453.927 341.612 299.039 511.711 468.309 403.497 251.37 574.631 518.426 511.493 496.6 579.702 349.186 580.548 482.235 396.153 518.766 501.217 371.701 325.312 323.747 446.914 585.093 388.286 447.117 437.825 325.38 519.156 323.532 472.93 466.525 381.827 485.128 383.6 248.784 392.003 446.975 438.744 319.705 355.39 517.314 467.303 355.016 466.672 562.893 566.003 567.902 312.651 472.099 396.426 
347.507 352.783 285.605 214.077 357.205 254.084 268.552 214.647 300.712 357.834 330.487 222.069 309.189 317.682 271.626 447.505 210.244 352.294 263.731 313.488 281.739 191.254 249.327 240.762 300.234 241.823 266.55 284.582 274.915 310.529 297.568 301.067 263.128 301.943 281.53 247.077 269.6 336.986 290.475 270.469 307.848 307.639 417.7 250.142 295.712 246.466 263.955 271.766 298.872 348.88 277.152 
248.709 192.609 211.78 214.077 200.361 193.889 229.303 213.72 216.187 186.713 221.727 202.455 242.436 268.579 213.421 208.667 202.918 182.258 211.815 240.291 214.715 169.636 215.996 226.439 239.112 228.573 180.991 199.232 216.181 185.187 232.256 175.605 211.545 226.571 223.364 177.662 236.629 254.51 236.7 181.858 141.149 253.691 262.727 208.478 249.073 230.153 205.901 215.152 206.729 213.894 185.147 
203.76 169.19 147.824 168.291 146.206 179.788 111.347 187.775 171.859 150.971 158.261 151.535 170.641 210.135 168.717 161.956 160.184 177.604 164.15 206.212 169.725 167.85 167.352 179.496 173.626 173.423 157.152 187.361 182.376 177.277 172.371 173.957 164.199 177.247 188.581 131.78 157.48 164.157 171.267 152.596 137.765 192.12 175.873 185.133 193.526 159.195 157.619 202.444 151.694 172.842 172.669 
132.785 143.759 126.764 103.396 109.482 130.17 109.675 136.871 112.2 117.164 136.88 116.981 124.852 145.656 128.763 128.39 115.443 121.539 123.248 124.738 123.704 140.627 134.735 155.749 141.88 136.178 107.295 137.188 127.566 134.116 131.774 132.969 132.254 124.293 125.85 122.272 118.535 100.45 135.733 119.475 131.058 164.509 134.911 131.145 153.83 126.666 126.62 164.42 99.4289 162.832 134.966 
111.557 84.8101 103.016 90.0494 84.9899 101.196 98.7 86.2326 87.5994 83.1587 109.057 98.2744 99.7874 112.565 98.5929 76.8457 68.5468 95.5938 99.2462 89.9629 93.7791 107.757 101.609 117.491 88.6402 103.671 81.3369 100.802 63.9109 97.8689 90.5983 105.042 84.6774 96.35 99.7509 94.3887 101.142 78.6089 102.73 94.3395 92.3605 96.1651 101.202 111.378 107.016 83.8976 97.3479 106.125 69.3514 118.152 96.8551 
82.6799 67.4823 61.3317 61.0951 50.7756 65.8236 62.0771 64.726 64.5734 59.8015 67.4593 64.5949 67.9674 72.2657 68.1232 55.8086 51.3125 62.794 70.2076 70.0326 65.308 64.9944 70.6067 84.4267 71.9011 60.6336 48.5505 58.2533 50.8979 56.4756 60.449 68.5182 62.4959 69.1266 73.9016 64.7348 57.8671 48.7837 59.514 45.9942 58.8625 55.929 57.112 68.2409 81.9323 60.9163 67.7961 71.1312 56.6894 83.3697 74.0097 
38.294 23.037 45.2914 36.1972 31.7286 24.1399 19.313 31.8715 22.7146 36.9438 33.0082 39.2751 40.4449 11.6258 43.4596 35.1826 29.6354 34.9515 38.3096 40.5146 33.2033 41.3407 34.1591 44.2918 36.5568 13.1346 35.3452 18.3344 16.4223 28.0077 34.5883 37.6724 24.8327 24.0317 47.555 30.9878 35.9682 30.8951 32.6459 29.0994 33.6037 27.8314 37.2801 42.3019 40.4803 34.7647 33.1322 37.243 40.9077 34.6954 31.9143 
