1115.71 1085.37 1414.81 1367.9 1404.82 1243.74 1176.03 1376.32 1286.38 1227.74 1153.85 1427.43 1141.89 1066.6 1222.8 1241.01 1340.8 1503.52 1427.38 1450.06 1423.71 1525.91 1163.74 1249.58 1166.95 1460.46 1263.18 1424.26 1351.37 1366.25 1300.86 1431.41 1398.85 1395.08 1400.4 1238.24 1406.22 1429.24 1384.17 1324.2 1421.73 1340.27 1263.04 1080.13 1205.4 1124.85 1299.5 1187.81 1205.46 1077.62 1300.88 
862.031 871.47 863.677 858.933 802.55 949.557 865.09 971.185 814.214 837.524 863.724 895.554 798.482 946.22 839.628 925.237 906.793 919.276 847.861 935.598 851.79 1010.78 804.436 887.158 958.537 792.403 965.178 890.682 894.231 900.376 897.486 922.233 932.965 882.083 929.309 926.572 947.195 881.63 850.639 1009.2 934.87 923.206 867.736 877.044 927.204 853.159 857.427 876.084 877.22 936.383 879.748 
775.32 743.946 700.375 696.955 741.631 788.026 743.338 783.98 695.043 750.805 708.592 759.058 703.671 731.216 721.462 791.285 704.29 721.43 701.238 758.037 705.926 775.98 750.163 705.054 770.868 755.96 746.794 747.296 732.811 747.895 767.698 738.617 748.612 778.434 720.924 761.398 782.24 782.389 692.065 800.109 662.935 764.93 764.631 737.64 679.744 694.593 737.172 729.423 711.068 685.503 753.522 
650.123 634.946 619.784 623.66 591.881 630.805 632.828 631.232 602.49 635.531 619.115 651.249 606.868 608.942 628.856 655.577 645.96 634.706 626.06 634.511 636.203 645.918 663.133 650.959 641.918 637.761 637.829 643.108 626.047 651.314 623.857 628.171 619.299 648.977 646.339 602.72 629.384 643.278 620.881 663.492 617.913 622.506 653.156 602.46 635.67 624.711 661.856 613.063 619.722 628.894 614.453 
564.291 567.685 574.227 550.666 561.451 570.661 551.98 568.131 553.231 553.149 559.828 578.619 557.067 560.858 564.984 559.642 555.993 563.208 565.986 565.275 565.875 551.96 571.119 575.796 557.105 570.737 567.997 560.873 565.041 570.426 569.823 551.375 562.497 576.916 567.134 555.935 566.193 563.882 570.425 571.988 553.031 560.788 568.721 557.633 570.77 565.301 568.31 558.591 560.002 551.76 561.295 
528.364 534.212 537.234 525.515 534.424 537.373 513.627 534.412 527.361 519.428 530.008 529.877 528.47 536.611 526.609 528.189 526.096 511.684 517.784 530.218 530.581 521.913 530.126 534.15 535.847 536.892 529.744 532.626 533.099 542.77 542.05 517.842 537.284 537.207 514.498 526.469 534.617 536.488 531.145 537.985 532.626 531.305 536.645 526.815 531.485 533.454 541.075 535.952 536.069 516.968 532.529 
517.201 521.933 529.515 514.992 527.554 522.92 504.832 517.084 518.017 510.741 510.981 513.976 507.183 523.736 514.973 510.582 514.576 494.603 501.019 517.824 520.689 511.614 514.157 516.987 528.448 513.622 518.488 520.242 522.622 509.232 527.587 513.719 527.417 513.256 498.667 515.349 525.397 524.552 517.498 513.275 514.367 516.405 520.956 511.924 509.049 520.24 529.456 525.595 524.973 507.178 524.863 
508.269 502.429 521.273 506.954 520.599 517.08 497.363 507.801 510.864 499.121 503.669 507.403 497.737 515.926 497.965 497.57 506.477 488.948 495.549 509.209 513.661 495.564 501.698 506.694 520.365 502.7 505.956 512.639 518.618 494.95 518.658 508.071 519.365 500.104 493.23 508.552 513.657 518.78 502.616 497.768 505.185 507.575 506.949 508.937 500.994 509.722 529.403 518.638 518.5 506.913 510.683 
498.633 493.148 514.664 491.464 515.139 510.31 482.533 496.231 503.923 494.677 502.513 496.067 494.327 504.913 490.297 493.387 494.019 488.921 495.101 508.633 502.935 494.076 494.02 494.481 510.449 494.834 494.425 499.426 506.745 488.716 509.586 493.989 495.729 497.28 493.184 493.418 506.301 503.992 495.659 486.737 491.341 493.221 504.732 503.436 500.442 502.572 518.677 511.948 504.86 491.44 492.49 
498.595 493.135 510.42 491.042 505.619 510.289 482.033 490.025 503.898 494.677 502.421 492.575 494.326 504.704 490.296 493.385 493.867 488.921 495.099 508.631 502.682 494.075 494.02 494.473 510.4 494.689 490.473 499.355 506.618 488.657 509.501 491.174 493.628 497.266 493.184 493.418 506.278 503.383 495.613 486.732 491.06 493.218 504.729 501.724 500.441 502.566 505.554 511.946 504.807 491.328 492.334 
498.594 493.135 496.621 491.042 499.512 510.289 482.033 490.025 503.898 494.677 502.42 492.574 494.326 504.704 490.296 493.385 493.867 488.921 495.099 508.631 502.681 494.075 494.02 494.473 510.4 494.689 490.468 499.355 506.618 488.657 509.501 491.174 493.617 497.266 493.184 493.418 506.278 503.383 495.613 486.732 491.059 493.218 504.729 501.723 500.441 502.566 505.539 511.946 504.807 491.328 492.334 
498.594 493.135 493.92 491.042 499.51 510.289 482.033 490.025 503.898 494.677 502.42 492.574 494.326 504.704 490.296 493.385 493.867 488.921 495.099 508.631 502.681 494.075 494.02 494.473 510.4 494.689 490.468 499.355 506.618 488.657 509.501 491.174 493.617 497.266 493.184 493.418 506.278 503.383 495.613 486.732 491.059 493.218 504.729 501.723 500.441 502.566 505.539 511.946 504.807 491.328 492.334 
498.594 493.135 493.92 491.042 499.51 510.289 482.033 490.025 503.898 494.677 502.42 492.574 494.326 504.704 490.296 493.385 493.867 488.921 495.099 508.631 502.681 494.075 494.02 494.473 510.4 494.689 490.468 499.355 506.618 488.657 509.501 491.174 493.617 497.266 493.184 493.418 506.278 503.383 495.613 486.732 491.059 493.218 504.729 501.723 500.441 502.566 505.539 511.946 504.807 491.328 492.334 
498.594 493.135 493.92 491.042 499.51 510.289 482.033 490.025 503.898 494.677 502.42 492.574 494.326 504.704 490.296 493.385 493.867 488.921 495.099 508.631 502.681 494.075 494.02 494.473 510.4 494.689 490.468 499.355 506.618 488.657 509.501 491.174 493.617 497.266 493.184 493.418 506.278 503.383 495.613 486.732 491.059 493.218 504.729 501.723 500.441 502.566 505.539 511.946 504.807 491.328 492.334 
