4.46574e+09 5.01092e+09 6.55383e+09 7.28121e+09 7.30497e+09 4.11889e+09 6.09297e+09 4.61981e+09 4.66019e+09 5.56582e+09 5.24172e+09 6.2631e+09 5.65865e+09 6.38366e+09 6.08884e+09 4.96638e+09 4.78624e+09 4.43114e+09 6.06891e+09 7.54022e+09 8.58836e+09 6.73565e+09 6.01982e+09 6.67292e+09 5.6985e+09 7.20324e+09 6.70215e+09 5.81941e+09 5.36136e+09 6.9424e+09 7.35085e+09 4.45729e+09 7.6419e+09 5.94469e+09 4.35288e+09 5.76719e+09 4.26078e+09 5.1627e+09 7.907e+09 3.90878e+09 5.66579e+09 4.19661e+09 6.26993e+09 5.70583e+09 5.08853e+09 5.25579e+09 5.85629e+09 6.19633e+09 7.99039e+09 3.16785e+09 6.96605e+09 
1.94047e+09 1.81448e+09 2.85613e+09 2.50897e+09 2.82698e+09 2.39057e+09 1.72313e+09 1.2168e+09 1.96912e+09 2.48827e+09 2.10537e+09 2.12422e+09 2.79269e+09 2.87298e+09 2.82103e+09 2.20614e+09 2.39326e+09 1.91516e+09 2.44264e+09 2.00223e+09 2.74164e+09 2.12318e+09 2.38741e+09 2.82749e+09 2.59836e+09 2.10708e+09 1.7967e+09 2.77287e+09 1.99224e+09 2.18572e+09 1.79008e+09 1.71847e+09 2.58753e+09 1.58696e+09 2.3458e+09 2.32696e+09 1.51273e+09 2.18637e+09 2.46972e+09 2.11886e+09 2.46909e+09 1.89032e+09 2.40545e+09 2.68531e+09 2.73065e+09 2.79474e+09 2.05261e+09 1.50064e+09 2.42839e+09 3.11115e+09 3.02582e+09 
7.31598e+08 1.06441e+09 1.31032e+09 7.22777e+08 1.0744e+09 9.60986e+08 7.50943e+08 9.66573e+08 1.28943e+09 8.21532e+08 1.14322e+09 1.03698e+09 1.05668e+09 1.24498e+09 1.32289e+09 7.30964e+08 1.03961e+09 1.17537e+09 8.07645e+08 1.18277e+09 1.05559e+09 1.13333e+09 1.07058e+09 1.10641e+09 7.53755e+08 1.00946e+09 1.35249e+09 1.01443e+09 9.8558e+08 9.43169e+08 1.13604e+09 8.57857e+08 9.4724e+08 9.81319e+08 8.89849e+08 1.19403e+09 1.19543e+09 4.8047e+08 6.35425e+08 1.14008e+09 9.25809e+08 8.98007e+08 1.08817e+09 8.73444e+08 1.03619e+09 8.47239e+08 1.30915e+09 9.63927e+08 1.17225e+09 8.88828e+08 1.14603e+09 
3.02844e+08 3.55706e+08 3.94487e+08 2.82983e+08 2.89858e+08 2.20663e+08 2.96352e+08 3.29515e+08 2.34628e+08 2.02419e+08 4.1097e+08 2.65633e+08 3.26057e+08 3.01674e+08 2.95499e+08 2.49681e+08 3.46356e+08 2.18127e+08 3.77213e+08 2.31314e+08 3.6105e+08 2.27438e+08 2.84861e+08 2.77575e+08 3.31942e+08 2.29731e+08 3.32546e+08 3.73312e+08 3.09306e+08 3.39344e+08 2.75803e+08 1.20822e+08 3.08248e+08 3.24685e+08 2.04349e+08 2.61904e+08 3.06091e+08 2.78926e+08 2.6659e+08 3.482e+08 2.58211e+08 3.47121e+08 2.83926e+08 3.57797e+08 3.44892e+08 2.98362e+08 2.52263e+08 2.88909e+08 3.10319e+08 3.15464e+08 3.27074e+08 
2.60739e+07 3.27152e+07 2.78359e+07 1.7425e+07 2.7578e+07 1.51733e+07 3.01655e+07 1.72873e+07 2.67388e+07 2.82808e+07 2.18793e+07 2.74522e+07 2.43367e+07 2.7696e+07 3.25998e+07 2.86671e+07 2.29558e+07 2.39703e+07 2.57078e+07 2.18869e+07 2.5161e+07 2.32655e+07 2.7869e+07 2.5051e+07 1.92427e+07 2.51224e+07 2.65195e+07 1.87423e+07 2.39755e+07 2.50703e+07 2.55782e+07 2.07038e+07 2.74224e+07 2.52133e+07 3.48159e+07 2.22047e+07 1.82418e+07 2.71594e+07 2.66436e+07 1.73888e+07 2.51631e+07 2.33795e+07 1.91954e+07 3.27134e+07 2.64939e+07 3.06855e+07 3.03896e+07 2.69964e+07 2.9803e+07 2.62573e+07 2.20782e+07 
234086 257510 233710 266223 205015 188920 238620 215652 174001 295685 230604 235179 223927 293162 206328 296559 315808 253990 208231 307376 142636 234864 145604 279686 280836 242688 163094 279642 211552 250417 309425 257794 273831 297642 346812 232125 134806 254197 260267 323399 381197 234751 271519 218914 370911 360991 345171 225635 295472 230213 290513 
3973.49 4015.15 3745.67 3837.53 3483.84 3835.06 3482.87 3124.44 3627.86 3411.97 3778.97 3679.28 3868.71 3780.68 3157.79 4080.6 3892.83 4941.75 3413.2 3810.88 3880.23 3854.01 3429.54 4304.41 3253.03 3127.9 2915.4 3615.77 3867.31 3915.35 3515.45 2377.97 3602.12 3370.63 4429.14 3152.11 3844.96 3484.25 3746.28 4265.38 4096.92 3853.28 3909.28 3658.49 3718.13 4223.05 3546.57 4013.98 3793.46 3400.85 3129.55 
1816.91 1463 1458.77 1565.7 1743.44 1692.67 1218.3 1057.88 1017.9 1195.25 1214.61 1288.71 1149.54 1274.87 1321.26 1373.23 1657.15 1788.13 1147.49 1214.61 1422.2 1648.14 1198.54 1439.89 1271.23 1233.44 1128.56 1438.57 1704.09 1351.05 1220.84 1300.36 1328.73 1862.32 1727.93 1158.59 1430.78 1087.91 1466.1 1045.66 944.835 1657.18 1342.17 1181.91 711.423 1327.24 1369.41 1145.04 1618.45 1521.08 1420.54 
1059.87 778.723 951.719 221.528 720.721 685.519 552.665 395.689 323.873 388.088 190.368 603.732 223.445 837.645 504.301 276.05 169.56 890.17 871.7 623.366 563.71 590.033 343.864 543.293 795.074 272.85 570.526 1286.7 953.818 296.784 408.519 274.482 887.149 1049.11 1223.27 939.691 601.529 183.487 343.692 194.564 485.066 370.723 432.955 243.804 163.869 447.434 523.086 415.668 1119.07 921.026 768.736 
553.309 269.687 460.659 133.554 269.98 369.914 154.265 9.22877 126.547 356.468 133.582 257.583 126.128 266.297 16.2994 135.938 129.892 296.94 188.055 181.458 248.262 258.238 154.554 153.58 408.18 126.094 135.04 656.167 585.805 253.749 244.484 248.696 263.154 397.936 820.108 316.333 18.1505 8.68289 139.419 142.702 21.3789 356.035 311.168 129.837 129.684 127.631 130.655 257.851 420.86 434.928 476.624 
248.196 244.901 454.806 133.546 135.56 14.0339 125.941 7.7309 126.46 356.466 133.546 257.401 126.096 139.086 3.95283 135.741 129.891 261.572 133.417 153.731 248.19 257.332 135.674 142.623 124.639 126.027 122.516 315.282 206.05 253.745 244.465 248.693 252.224 363.339 575.033 224.761 11.3849 7.65837 139.033 142.688 3.88396 356.033 311.145 129.821 129.683 122.373 130.185 257.834 244.628 143.423 246.625 
245.056 244.899 454.804 133.546 135.238 4.19234 125.888 7.72753 126.46 356.466 133.546 257.401 126.096 138.895 3.93316 135.74 129.891 261.559 133.408 153.717 248.19 257.332 135.671 142.618 122.442 126.027 122.51 139.001 118.846 253.745 244.465 248.693 252.21 363.337 9.70779 224.728 11.3831 7.65813 139.032 142.688 3.86377 356.033 311.145 129.821 129.683 122.371 130.185 257.834 244.535 142.688 244.969 
244.968 244.899 454.804 133.546 135.238 4.14305 125.888 7.72752 126.46 356.466 133.546 257.401 126.096 138.893 3.93315 135.74 129.891 261.559 133.408 153.717 248.19 257.332 135.671 142.618 122.441 126.027 122.51 138.897 118.72 253.745 244.465 248.693 252.21 363.337 7.68582 224.728 11.3831 7.65813 139.032 142.688 3.86376 356.033 311.145 129.821 129.683 122.371 130.185 257.834 244.535 142.688 244.968 
244.968 244.899 454.804 133.546 135.238 4.14266 125.888 7.72752 126.46 356.466 133.546 257.401 126.096 138.893 3.93315 135.74 129.891 261.559 133.408 153.717 248.19 257.332 135.671 142.618 122.441 126.027 122.51 138.894 118.716 253.745 244.465 248.693 252.21 363.337 7.66246 224.728 11.3831 7.65813 139.032 142.688 3.86376 356.033 311.145 129.821 129.683 122.371 130.185 257.834 244.535 142.688 244.968 
