437.91 422.671 414.184 440.554 401.497 427.519 406.134 429.682 406.051 413.725 408.462 397.444 418.901 416.558 423.169 400.813 405.196 398.416 415.717 428.271 427.5 424.022 349.789 378.183 381.224 376.587 397.157 357.932 441.341 386.226 393.192 397.841 422.872 408.778 395.608 313.569 420.671 395.856 430.024 383.814 414.075 419.644 407.633 387.7 432.731 435.236 444.027 342.245 374.239 454.927 407.233 
333.924 318.774 284.158 327.474 331.687 340.997 316.063 335.786 312.1 330.123 316.2 314.354 333.734 322.592 347.045 329.268 300.339 282.377 349.189 325.546 329.936 330.538 337.898 335.111 332.633 318.86 343.259 317.487 324.788 320.366 321.352 289.188 321.046 310.615 315.302 313.569 351.517 307.383 318.876 297.856 359.07 327.305 353.712 323.956 334.541 288.649 323.793 316.855 318.984 302.247 314.788 
294.634 259.944 281.762 286.98 289.785 258.693 266.829 285.032 274.08 289.905 292.263 254.116 301.898 291.801 283.829 287.687 278.026 282.377 276.251 281.651 302.502 289.744 286.897 277.655 262.708 289.65 276.012 279.745 277.353 279.587 287.643 277.679 274.173 250.151 292.335 283.398 271.509 278.875 264.045 297.856 292.922 289.98 305.501 261.206 292.329 288.649 287.289 290.051 278.457 294.572 294.678 
233.329 235.067 240.68 241.912 257.27 258.693 231.161 231.812 228.83 236.998 269.777 235.623 256.612 267.381 247.447 247.284 270.107 222.796 252.583 220.819 246.994 239.977 265.982 241.62 262.708 248.875 265.049 255.093 269.867 246.686 247.225 223.959 259.882 245.746 250.32 261.687 215.981 242.148 260.491 258.776 267.118 249 242.174 233.168 260.764 245.537 258.908 257.674 247.936 253.336 259.001 
216.636 214.413 190.603 229.639 216.814 227.098 198.229 229.969 202.946 220.272 229.514 223.798 223.889 224.068 208.15 194.474 198.075 200.915 226.932 220.819 217.118 225.207 196.333 236.074 218.459 217.458 211.197 235.776 214.347 215.169 218.815 223.959 225.497 225.137 224.565 228.512 215.981 217.109 226.354 203.428 239.063 205.501 222.157 229.261 220.816 228.357 208.165 203.111 223.8 222.187 211.655 
185.509 182.423 183.573 205.233 188.393 199.673 170.88 197.733 195.083 176.026 191.723 195.317 189.753 200.664 190.304 194.474 198.075 198.27 195.46 179.226 197.625 172.475 189.48 189.826 195.647 204.29 184.074 202.956 183.357 194.78 198.661 168.22 210.136 186.639 193.729 181.302 211.046 205.862 177.097 199.327 185.103 184.628 203.076 203.028 202.339 208.095 198.632 182.629 196.067 196.174 197.212 
180.335 182.423 172.741 164.903 179.593 165.107 165.964 158.915 161.059 167.71 180.362 186.465 187.687 174.16 187.352 181.668 180.941 172.136 187.885 176.021 172.349 172.475 172.597 170.041 180.3 144.989 172.358 153.705 183.055 176.992 168.702 161.033 178.606 167.972 192.987 168.353 174.772 182.043 177.097 164.701 185.103 174.046 175.416 197.422 161.134 179.061 175.857 155.317 195.166 177.077 151.404 
131.351 147.651 151.187 164.227 147.419 165.107 118.509 128.308 142.47 141.212 156.071 133.371 120.61 145.073 157.888 144.86 123.407 159.343 135.533 170.107 170.345 150.474 145.432 158.577 157.589 144.989 138.54 145.199 142.847 134.072 159.448 144.907 151.977 146.92 154.551 139.547 127.871 139.933 137.863 144.82 145.564 153.159 161.311 154.493 159.41 135.651 160.248 145.918 129.113 131.096 122.973 
131.328 129.128 129.146 139.869 138.221 145.301 103.853 115.477 104.784 133.067 114.192 116.173 118.893 139.059 115.413 121.99 105.401 127.539 130.444 134.5 144.614 109.047 125.11 133.109 134.019 129.665 133.322 105.181 128.69 119.756 122.609 130.377 123.548 137.113 127.08 123.158 110.456 125.279 123.374 130.425 140.45 130.486 133.039 121.887 130.065 132.01 120.245 131.771 103.535 122.332 114.916 
103.28 124.569 114.866 119.175 111.303 108.343 87.0821 107.16 93.8908 105.524 95.8496 98.4154 99.4736 120.148 110.083 103.498 102.238 108.825 117.605 125.767 117.282 97.154 113.496 117.188 115.02 109.035 110.072 89.3579 112.301 95.8281 104.807 108.569 108.954 111.582 106.062 97.7248 99.0684 111.639 109.436 116.3 100.001 88.3733 125.212 116.618 103.38 125.788 94.7694 117.885 92.3287 92.7411 106.062 
82.6879 94.3343 95.2125 85.1127 87.7465 96.2676 75.6774 83.6019 79.3974 85.4607 65.5472 74.9243 77.553 95.3627 100.867 65.4911 79.3984 102.46 70.8717 96.673 77.8357 62.2193 67.5453 75.0879 74.1265 67.7304 80.2767 83.8754 82.3766 64.7358 89.3299 80.9725 76.602 97.2421 78.4688 85.4661 55.3061 80.043 84.5548 76.8652 71.8977 68.7923 89.484 95.2709 71.6049 86.7366 78.5923 74.0025 78.3501 64.6866 102.662 
42.5597 35.3615 56.1122 43.5676 42.8795 59.7644 40.1093 42.24 45.3059 42.4235 43.0133 38.3315 47.3234 40.0119 48.5384 29.3667 50.1033 76.5622 37.1379 37.5372 48.7951 43.8986 35.8537 46.2508 47.7319 38.6653 50.987 37.8052 41.1215 42.9404 62.7578 51.0479 42.2979 44.569 48.259 44.582 34.3408 41.2947 37.0045 49.553 45.9238 36.8185 51.2871 38.0395 48.3988 44.7062 50.9186 42.8847 39.4799 35.2748 53.1501 
17.5003 21.8986 22.5947 21.0934 21.955 23.837 20.2125 18.5442 21.6957 19.1052 21.661 17.0111 22.7211 22.9948 24.7029 16.7307 23.6926 27.7946 25.7047 20.7131 22.4941 26.2922 20.2663 23.5512 23.6731 23.4925 21.0369 22.2025 21.8319 20.4246 22.1948 20.9431 21.3747 23.2615 21.1007 23.2211 20.4639 25.5959 18.3044 21.5255 24.0849 19.1605 23.7693 24.4455 23.4307 17.9478 26.3311 17.9516 15.7369 18.1666 23.1351 
8.95463 8.95497 5.96976 7.1921 8.01676 10.028 10.9446 6.96482 5.9699 8.08096 5.97111 6.96472 8.95466 8.95774 8.95463 7.98547 10.9453 12.9345 12.9972 7.95968 6.9678 10.9466 12.5863 7.95973 10.4557 5.97061 6.96766 9.94989 8.95728 6.96474 7.95984 10.9446 6.96471 9.95138 4.9748 9.95504 6.96472 7.98108 5.97949 7.95996 10.9462 9.94959 7.0125 8.95746 13.2487 7.95969 9.38185 9.94982 3.97984 6.96833 6.97834 
