3426.37 4141.52 3310.23 3226.76 3904.91 3635.12 3071.14 3403.08 4203.92 3790.23 3157.51 3754.08 2941.6 3046.74 3363.33 2815.23 3297.44 3019.25 3316.45 3570.66 3426.67 2706.8 3063.29 3138.85 2323.87 3910.91 3013.9 3696.05 3744.73 2460.56 3161.36 2463.16 2710.33 3431.09 4031.45 1578.2 3100.19 3533.82 3245.93 1096.79 3194.84 3423.22 3701.32 3184.63 2226.91 3355.11 4521.94 3683.53 2546.54 2593.55 4124.44 
1555.33 1559.3 1688.46 1597.57 1814.01 1909.7 1618.21 1545.05 1477.26 1502.4 1740.77 1311.66 1437.95 981.705 1210.53 1654.36 1709.79 1631.6 1408.86 1437.37 1587.54 1549.69 1738.04 1392.55 1833.41 1425.29 1290.57 1782.22 1911.26 1471.55 1549.64 1961.28 1459.53 1338.22 1303.11 1559.84 1535.91 1366.52 1743.61 1096.79 1502.56 1289.24 1615.62 1758.56 1355.28 1414.35 1560.05 1673.79 1824.46 1121.94 1606.15 
1036.08 1141.6 1104.65 896.174 1174.39 932.225 991.415 1211.46 1104.95 1040.01 997.175 1043.82 978.819 981.705 1012.14 1094.96 1204.87 1129.66 911.457 1081.68 1092.07 780.521 1007.1 1026.59 1181.44 1128.65 1010.73 1030.58 1003.71 1087.57 1099.56 1088.18 1187.43 992.185 1026.16 795.234 956.278 1031.75 1112.29 1096.79 1113.46 1263.67 979.542 1112.48 912.244 947.991 1151.99 919.482 1192.58 1085.59 1105.99 
672.04 642.088 653.534 621.989 651.818 680.727 666.09 705.82 669.251 673.467 630.642 667.463 647.769 578.914 664.807 598.079 682.048 643.642 648.399 621.572 662.338 605.285 628.117 611.598 647.101 654.478 659.954 669.736 677.433 608.012 589.549 605.722 656.319 674.843 623.132 626.528 617.341 627.265 621.627 703.672 645.739 665.009 653.333 676.164 553.6 611.025 638.56 682.498 663.625 588.361 671.31 
428.719 429.064 430.189 440.496 439.831 432.365 428.223 437.554 447.879 434.013 430.857 440.165 439.597 437.602 434.34 427.559 435.977 449.724 428.221 427.148 441.033 431.584 432.602 451.47 432.377 435.829 437.732 437.152 450.077 429.39 428.006 418.848 426.338 425.091 434.287 425.232 413.693 444.604 427.263 448.907 425.125 435.844 445.807 443.701 431.383 434.235 420.695 421.876 430.421 427.384 440.014 
387.823 387.589 387.458 387.654 387.721 387.628 387.623 387.736 387.705 387.586 387.834 387.863 387.699 387.846 387.614 387.615 387.698 387.739 387.508 387.487 387.555 387.619 387.663 387.86 387.823 387.766 387.768 387.811 387.848 387.597 387.587 387.531 387.532 387.544 387.629 387.563 387.61 387.723 387.714 387.817 387.494 387.679 387.706 387.665 387.658 387.62 387.8 387.581 387.644 387.423 387.783 
386.859 386.879 386.858 386.889 386.917 386.931 386.895 386.921 386.862 386.875 386.974 386.96 386.967 386.842 386.896 386.83 386.931 386.935 386.914 386.925 386.878 386.832 386.889 386.908 386.944 386.873 386.841 386.911 386.928 386.871 386.867 386.865 386.8 386.817 386.949 386.873 386.926 386.831 386.885 386.887 386.879 386.879 386.955 386.852 386.946 386.872 386.918 386.902 386.843 386.801 386.851 
386.69 386.692 386.692 386.706 386.731 386.716 386.698 386.715 386.694 386.697 386.721 386.73 386.755 386.698 386.718 386.696 386.727 386.697 386.702 386.695 386.694 386.692 386.726 386.721 386.704 386.696 386.705 386.699 386.707 386.699 386.693 386.692 386.691 386.691 386.706 386.702 386.713 386.703 386.71 386.699 386.692 386.723 386.736 386.694 386.696 386.719 386.705 386.714 386.722 386.694 386.69 
386.688 386.691 386.691 386.702 386.704 386.712 386.691 386.713 386.693 386.693 386.705 386.719 386.704 386.696 386.693 386.696 386.706 386.691 386.701 386.691 386.691 386.691 386.706 386.693 386.701 386.696 386.704 386.696 386.706 386.698 386.693 386.691 386.691 386.691 386.704 386.699 386.712 386.703 386.704 386.695 386.691 386.712 386.713 386.693 386.695 386.701 386.701 386.693 386.705 386.693 386.688 
386.688 386.691 386.691 386.702 386.704 386.712 386.691 386.713 386.693 386.693 386.705 386.719 386.704 386.696 386.693 386.696 386.706 386.691 386.701 386.691 386.691 386.691 386.706 386.693 386.701 386.696 386.704 386.696 386.706 386.698 386.693 386.691 386.691 386.691 386.704 386.699 386.712 386.703 386.704 386.695 386.691 386.712 386.713 386.693 386.695 386.701 386.701 386.693 386.705 386.693 386.688 
386.688 386.691 386.691 386.702 386.704 386.712 386.691 386.713 386.693 386.693 386.705 386.719 386.704 386.696 386.693 386.696 386.706 386.691 386.701 386.691 386.691 386.691 386.706 386.693 386.701 386.696 386.704 386.696 386.706 386.698 386.693 386.691 386.691 386.691 386.704 386.699 386.712 386.703 386.704 386.695 386.691 386.712 386.713 386.693 386.695 386.701 386.701 386.693 386.705 386.693 386.688 
386.688 386.691 386.691 386.702 386.704 386.712 386.691 386.713 386.693 386.693 386.705 386.719 386.704 386.696 386.693 386.696 386.706 386.691 386.701 386.691 386.691 386.691 386.706 386.693 386.701 386.696 386.704 386.696 386.706 386.698 386.693 386.691 386.691 386.691 386.704 386.699 386.712 386.703 386.704 386.695 386.691 386.712 386.713 386.693 386.695 386.701 386.701 386.693 386.705 386.693 386.688 
386.688 386.691 386.691 386.702 386.704 386.712 386.691 386.713 386.693 386.693 386.705 386.719 386.704 386.696 386.693 386.696 386.706 386.691 386.701 386.691 386.691 386.691 386.706 386.693 386.701 386.696 386.704 386.696 386.706 386.698 386.693 386.691 386.691 386.691 386.704 386.699 386.712 386.703 386.704 386.695 386.691 386.712 386.713 386.693 386.695 386.701 386.701 386.693 386.705 386.693 386.688 
386.688 386.691 386.691 386.702 386.704 386.712 386.691 386.713 386.693 386.693 386.705 386.719 386.704 386.696 386.693 386.696 386.706 386.691 386.701 386.691 386.691 386.691 386.706 386.693 386.701 386.696 386.704 386.696 386.706 386.698 386.693 386.691 386.691 386.691 386.704 386.699 386.712 386.703 386.704 386.695 386.691 386.712 386.713 386.693 386.695 386.701 386.701 386.693 386.705 386.693 386.688 
