421.51 425.684 455.238 448.12 440.831 424.705 399.857 440.27 421.962 469.881 449.144 412.476 423.35 412.703 443.231 445.595 454.626 416.331 393.177 431.831 461.724 434.934 428.553 380.716 392.658 448.285 442.79 444.917 442.584 381.83 425.731 441.908 416.903 427.022 436.784 411.98 454.89 452.82 416.015 421.296 415.42 452.569 428.936 436.917 420.432 457.719 446.686 438.328 443.948 410.594 448.706 
380.535 396.971 397.483 405.34 401.644 398.727 399.857 400.271 400.174 396.505 400.192 391.198 391.462 396.944 400.16 391.809 392.249 387.664 393.177 369.474 391.269 386.181 397.664 380.716 364.205 398.45 391.761 398.013 393.326 381.83 374.785 381.573 356.628 399.981 398.983 408.065 401.735 384.355 380.867 398.061 399.821 394.762 388.654 405.415 392.788 405.57 400.979 391.821 400.584 398.882 414.796 
380.535 380.481 384.982 390.057 380.248 394.002 388.708 387.941 389.46 390.394 381.233 371.472 383.195 375.909 375.152 391.454 383.464 379.43 382.956 369.474 386.366 379.631 388.11 380.716 339.527 396.118 383.149 368.607 387.642 372.504 374.785 381.573 356.628 388.015 386.073 378.291 373.895 384.355 380.867 394.289 387.287 385.818 382.331 392.179 384.31 387.736 385.495 371.803 385.591 367.086 380.675 
374.192 369.923 365.248 331.117 375.06 380.691 377.218 372.778 377.894 376.477 369.115 371.472 369.536 370.055 375.152 366.022 378.015 365.31 378.932 369.474 369.019 377.504 375.469 373.263 339.527 376.542 377.252 368.607 373.777 343.834 369.398 381.573 356.628 373.866 380.526 370.816 369.31 369.947 370.764 374.313 363.128 369.437 377.156 368.581 381.448 361.454 375.937 371.803 377.029 367.086 360.984 
370.126 367.808 365.248 309.207 360.738 365.03 360.902 371.765 366.882 364.058 369.115 370.69 368.943 358.995 366.852 366.022 362.368 365.31 372.573 344.646 361.096 365.798 359.628 353.762 339.527 365.041 367.017 357.882 367.543 202.401 369.398 364.403 356.628 362.045 363.188 365.219 369.31 361.565 367.645 365.991 363.128 366.533 371.975 363.684 365.109 361.454 369.543 358.742 356.637 367.086 360.984 
353.976 352.653 352.376 309.207 351.135 352.467 344.982 355.409 357.878 351.988 358.099 358.874 346.693 355.804 352.397 360.68 358.259 358.49 359.525 344.646 350.33 365.798 352.564 331.816 256.455 358.029 353.285 349.452 367.104 202.401 355.966 364.403 352.41 346.724 353.11 360.866 356.308 353.14 362.324 357.298 358.597 358.941 352.897 359.183 361.753 355.758 354.875 356.865 356.637 346.454 355.711 
342.98 349.844 343.568 309.207 343.668 342.059 344.982 341.342 317.558 345.658 341.76 336.982 342.632 347.383 338.519 347.591 345.115 350.151 341.773 340.733 346.102 353.304 349.293 322.852 253.859 350.858 345.036 348.918 346.8 117.237 343.136 348.382 344.318 343.469 343.856 351.411 341.202 345.081 346.057 350.603 338.061 340.312 349.183 340.445 346.857 352.079 348.098 349.769 349.65 343.973 345.925 
340.637 339.424 337.964 309.207 339.547 339.561 337.561 339.166 317.558 339.142 338.574 334.024 339.571 338.291 336.211 335.398 342.648 340.026 338.279 340.546 335.888 342.111 336.878 322.852 240.091 341.215 338.705 335.322 339.75 100.099 335.071 338.854 337.71 338.722 341.838 343.216 339.438 338.534 341.124 341.73 334.717 338.281 336.495 336.672 339.466 341.68 336.336 336.95 335.829 337.857 339.265 
338.946 336.972 334.63 305.482 336.566 337.86 333.209 335.517 309.986 337.743 332.804 333.781 338.46 337.424 334.779 331.532 333.307 340.026 337.237 336.026 333.946 339.057 335.722 322.852 240.091 340.2 337.432 333.172 338.443 100 333.267 336.723 337.71 335.285 337.59 338.825 337.803 337.613 334.37 335.284 333.166 335.871 334.824 335.061 337.818 337.173 332.809 333.596 332.649 333.672 336.112 
336.163 332.036 330.961 292.089 333.752 330.366 331.925 334.236 291.894 332.534 331.894 333.3 334.139 335.472 334.647 326.836 333.307 335.874 337.144 334.264 331.563 336.422 333.304 293.204 213.122 335.314 334.658 332.332 335.976 100 331.407 333.801 335.319 331.168 333.664 336.426 334.103 335.557 330.938 333.061 332.587 335.527 330.968 332.553 333.983 333.949 329.581 332.028 331.542 333.38 334.93 
333.723 331.646 330.328 102.994 332.241 329.153 330.308 331.827 100.065 330.972 331.629 333.218 329.294 333.561 328.859 324.905 332.48 333.527 333.892 332.955 330.385 334.207 332.136 100.031 100.025 332.01 333.374 330.437 334.441 100 202.582 330.803 330.689 330.162 332.537 333.83 331.597 332.805 330.795 332.517 330.518 330.201 330.487 331.319 330.919 331.362 328.084 330.437 329.476 329.452 331.289 
332.178 330.037 329.809 100 331.654 326.962 328.024 329.714 100 329.822 330.642 330.982 323.364 332.411 327.705 324.283 330.114 329.628 333.281 331.227 329.615 331.195 330.807 100 100 330.11 332.235 329.673 330.737 100 100 329.755 100 330.083 330.898 330.673 329.661 330.314 330.425 330.544 327.69 328.663 329.306 328.024 329.359 329.509 327.972 329.635 328.891 328.73 327.507 
327.693 329.645 329.606 100 331.157 326.735 327.92 329.564 100 327.515 330.387 329.976 321.168 331.843 327.165 324.143 328.589 329.544 329.615 330.973 329.544 329.929 330.531 100 100 329.843 329.544 329.564 330.427 100 100 329.564 100 329.945 330.439 303.155 322.172 329.602 330.305 328.319 327.22 328.205 326.735 325.478 328.351 329.387 327.165 329.544 328.589 327.92 327.165 
327.494 329.645 329.564 100 331.138 326.735 327.92 329.564 100 327.494 330.387 329.976 321.168 331.329 327.165 324.143 328.589 329.544 329.544 330.973 329.544 329.843 330.531 100 100 329.843 329.544 329.564 330.387 100 100 329.564 100 329.945 330.403 300 321.199 329.493 330.302 328.319 327.165 328.205 326.735 325.467 328.319 329.381 327.165 329.544 328.589 327.92 327.165 
