1.22972e+11 1.08858e+11 1.04164e+11 1.11614e+11 1.13926e+11 9.58622e+10 1.14422e+11 1.16135e+11 1.16841e+11 1.09289e+11 1.14281e+11 1.15318e+11 1.01641e+11 1.00498e+11 8.98958e+10 1.20011e+11 1.0248e+11 1.13106e+11 1.16732e+11 1.0864e+11 1.06022e+11 1.17051e+11 1.33932e+11 1.09635e+11 1.25533e+11 1.21064e+11 1.10117e+11 1.00805e+11 1.31103e+11 1.02162e+11 1.08996e+11 1.20743e+11 1.09281e+11 1.25726e+11 1.19757e+11 1.17465e+11 1.2214e+11 1.15612e+11 1.2787e+11 1.20368e+11 1.04405e+11 1.15671e+11 1.24445e+11 1.02598e+11 1.23144e+11 1.15659e+11 1.27545e+11 8.67535e+10 9.54431e+10 1.27634e+11 1.09644e+11 
5.222e+10 4.77116e+10 4.45512e+10 4.66412e+10 5.51196e+10 4.64426e+10 5.3428e+10 5.53521e+10 5.31323e+10 4.93687e+10 5.66127e+10 5.25811e+10 4.81479e+10 5.43509e+10 5.78628e+10 4.1017e+10 5.03566e+10 4.69019e+10 3.59435e+10 4.90469e+10 5.25706e+10 4.90542e+10 4.70419e+10 5.69512e+10 5.41701e+10 5.36909e+10 5.10949e+10 5.81179e+10 4.87682e+10 4.28096e+10 5.09571e+10 4.78268e+10 5.60162e+10 5.55937e+10 5.17285e+10 5.40415e+10 4.88439e+10 4.33093e+10 5.79932e+10 5.77656e+10 5.17959e+10 4.97738e+10 5.23303e+10 3.69919e+10 4.57557e+10 4.43598e+10 4.23023e+10 4.89269e+10 4.5414e+10 4.87891e+10 4.91114e+10 
2.53152e+10 2.60739e+10 2.78163e+10 2.7388e+10 3.04467e+10 2.47545e+10 2.33363e+10 2.9492e+10 2.70558e+10 2.46019e+10 2.15022e+10 3.09796e+10 2.3598e+10 2.67752e+10 2.72316e+10 2.76117e+10 2.70362e+10 2.66651e+10 2.63569e+10 3.26401e+10 2.20684e+10 2.23077e+10 2.73129e+10 3.04949e+10 2.866e+10 2.74314e+10 2.90128e+10 2.76324e+10 2.80998e+10 2.79849e+10 3.03575e+10 2.49854e+10 2.78751e+10 2.76792e+10 2.44199e+10 2.54826e+10 2.57621e+10 2.65511e+10 2.55913e+10 3.03e+10 2.87758e+10 2.75194e+10 2.90337e+10 2.16473e+10 2.58158e+10 3.04222e+10 2.92081e+10 1.83957e+10 2.474e+10 2.88453e+10 2.83182e+10 
8.45776e+09 9.3096e+09 8.68183e+09 8.7716e+09 8.72818e+09 9.4513e+09 8.36051e+09 9.39522e+09 9.359e+09 8.17491e+09 1.01039e+10 8.30139e+09 1.04818e+10 8.83264e+09 7.88103e+09 1.00386e+10 9.41498e+09 8.61174e+09 8.48669e+09 1.08379e+10 9.23482e+09 1.03424e+10 8.62855e+09 1.07099e+10 9.54715e+09 9.13859e+09 9.08749e+09 7.63956e+09 9.95921e+09 8.68853e+09 1.05827e+10 1.04077e+10 9.74967e+09 9.54999e+09 1.00593e+10 9.29387e+09 1.11815e+10 1.08829e+10 8.30575e+09 9.12142e+09 9.54938e+09 8.51611e+09 9.51111e+09 7.63712e+09 8.89935e+09 8.89276e+09 7.44852e+09 9.49681e+09 9.81403e+09 9.02324e+09 8.90909e+09 
6.65369e+08 7.36004e+08 5.20139e+08 6.62994e+08 6.32834e+08 6.47517e+08 5.80452e+08 4.20048e+08 7.18044e+08 5.86741e+08 8.21234e+08 5.66101e+08 6.70851e+08 6.87365e+08 6.82646e+08 6.87417e+08 5.78766e+08 6.96465e+08 6.10647e+08 7.3667e+08 5.01942e+08 6.21503e+08 5.0458e+08 6.43205e+08 4.95034e+08 6.03654e+08 7.35743e+08 6.79143e+08 6.6772e+08 5.00213e+08 6.69284e+08 5.93938e+08 6.0909e+08 7.11262e+08 6.61107e+08 6.83811e+08 5.66954e+08 5.83425e+08 5.49067e+08 7.04947e+08 5.62773e+08 6.68594e+08 6.76627e+08 5.68264e+08 6.90618e+08 6.95181e+08 6.17964e+08 6.14639e+08 6.23858e+08 4.78761e+08 6.10622e+08 
1.08927e+07 9.45945e+06 9.66067e+06 6.07622e+06 1.12709e+07 5.71393e+06 1.16675e+07 5.74869e+06 1.07973e+07 7.617e+06 8.40825e+06 8.25742e+06 5.72554e+06 7.40657e+06 8.12427e+06 8.38749e+06 5.16162e+06 7.4526e+06 7.19696e+06 1.02513e+07 7.06166e+06 8.24387e+06 8.00805e+06 1.5376e+07 1.08774e+07 7.44366e+06 5.52419e+06 9.14506e+06 7.77829e+06 8.41703e+06 1.20866e+07 6.92803e+06 7.16621e+06 9.99874e+06 7.44483e+06 7.98959e+06 5.6433e+06 7.53086e+06 6.74117e+06 1.2798e+07 1.22515e+07 1.03839e+07 6.18701e+06 5.99988e+06 8.86531e+06 6.56226e+06 7.38804e+06 1.01124e+07 1.26356e+07 8.68077e+06 6.32062e+06 
624850 456752 484720 217185 987918 287755 822978 610855 552447 468209 369316 464345 564659 437998 509918 762953 333683 385053 455260 661606 470600 378753 371921 541436 212920 567493 545115 506744 271343 549691 688328 330140 544065 445654 650246 879282 299002 450111 284261 666702 1.14427e+06 334656 434003 433430 357372 431607 677131 710064 1.04384e+06 376520 406944 
209125 106195 137813 70317.2 145116 82743.3 175594 184392 178742 113806 80027.4 120166 108432 93719.7 70956 161074 106567 58867.2 202072 139679 147021 104919 107470 173295 51312.8 255295 220263 122824 95168.2 197614 72343.4 119124 134002 180805 132148 196921 83968 90876.2 143956 130843 237618 116598 58527.5 108763 111191 90720.7 105461 180212 271946 129471 118358 
97232.1 67213 50126.5 23217.4 57180.3 26902.5 31641.1 60140.3 77588.1 48592.8 32545.8 78369.3 43923.7 38932.5 36598.7 59021 41824 16605.1 62416.3 45840.3 65030.2 48381.4 59787.1 68482.1 27910.5 120482 78846.7 61017.5 39490.3 77668.7 28321.4 29610.1 43810.3 95076.5 60174.8 76468 40075.6 35395.3 71797.5 52612.6 100340 52960 23184.9 34889 43638.2 52054.8 32002.6 74174.9 103477 90204.4 47760.1 
51480.7 47593.2 19678 12593.6 40009.5 15070.4 26165.8 30151.9 65595.4 33399 19166.7 57083.8 32028.5 20158.1 27413.2 44888.2 22248.3 10982.8 21519.1 32029.4 36933.9 26724.3 52260.4 31559.7 21375.9 56890.4 56549.8 38726.3 26477 41598.7 17621 14629.1 23131.5 66678.6 45231.5 41121.1 24801.7 26918.7 49957.2 30260 80076.3 38415 15905.1 24370 14867.1 33571.4 13983.8 50491.8 82351.9 67507.8 31495.3 
37215.8 37000.1 13650.9 11690.7 33692.9 10815.2 22850 24657.4 54442.1 24790.3 14901.6 50210.8 23635.2 15056.6 19026 39552 19408.5 9863.37 15993.5 28382.1 26567.1 19186 47088.2 21882.4 17772.4 44513.6 48280.5 32565.9 21654.4 33679.5 14051.4 12331.2 19070 45003.8 33505.4 32842.2 20912.6 25182.5 36579.3 21015.4 65809.3 33213.2 12258.1 19012 9551.85 27766.7 11395.4 41304.4 69611.9 57785.9 26780.5 
27301.1 28813.9 12038.8 10937.7 29066 9671.82 19102 21880.1 50465.5 22236.9 13617.9 46500.5 19983.6 12409.3 12660.8 36905.4 18084.3 9198.44 14428.6 26561.1 20673 16670.6 40597.9 18198.5 16422.5 38130.7 42402.5 28778.3 19021.3 30276.1 10787.1 11542.8 18241.6 30464.9 26624 28089.1 19366 23272.2 20769 17996.3 50626.7 30588.9 11527.4 14681.9 7995 25365.9 9627.64 36634 62193.8 55005.9 25365.3 
20854 24972.5 10852.5 10458.6 26583.9 8556.93 16983.2 19356.8 46728.1 20675.7 12812.5 40863 15693.8 10865.3 9871.51 34452.4 17286.9 8582.29 13755.4 23460.2 17701.7 15444.3 34281.9 16040.6 14524.1 27966.3 32850.1 24825.1 14533.2 27904.3 7569.34 11053.3 17633.7 22910.1 20148 24690.5 16538.3 20577.8 18794 15057.7 37893.5 26511.9 9868.77 11795 7226.85 22644.5 8555.37 32458.5 43882.8 47331.7 23745 
18752.5 23535.6 9919.5 10349 24784.6 7423.82 15300.8 16593.3 39129.5 19008 12275.7 33655.3 13499.9 9369.83 8871.59 32364.2 16259 7484.19 13225.4 21771.5 16494.9 14091 30676.1 13523.4 13228.4 25572.2 30119.4 22219.1 12522.8 26575.5 6174.14 10876.2 17034.8 19376.2 17994.4 22978.3 15575.9 18016.8 17353.3 14438.8 23029 22356.8 9164.89 10800.3 6912.05 21358.9 8217.25 26265 34094.4 37605.9 21712.9 
