4.05746e+10 4.08656e+10 4.04982e+10 4.05599e+10 3.77913e+10 4.79092e+10 4.04355e+10 3.9934e+10 4.72632e+10 4.95042e+10 4.11605e+10 4.39288e+10 3.44822e+10 3.94568e+10 3.90964e+10 4.00482e+10 3.25324e+10 4.08032e+10 3.15931e+10 4.80173e+10 4.47667e+10 4.51256e+10 4.39997e+10 4.00901e+10 4.97744e+10 4.66711e+10 4.51624e+10 4.89304e+10 3.63905e+10 4.72473e+10 4.53967e+10 4.52802e+10 5.15311e+10 4.76299e+10 4.87218e+10 4.16463e+10 4.49651e+10 4.83505e+10 4.17352e+10 4.31574e+10 4.72499e+10 4.01278e+10 4.54348e+10 4.48188e+10 4.38962e+10 4.17252e+10 3.41808e+10 3.96266e+10 3.27028e+10 4.92335e+10 4.24054e+10 
2.1886e+10 2.41873e+10 2.42983e+10 2.06733e+10 1.57786e+10 2.14965e+10 2.34936e+10 2.49077e+10 2.02607e+10 2.30777e+10 1.82945e+10 2.00652e+10 1.92632e+10 1.82565e+10 1.99498e+10 1.88517e+10 2.22884e+10 1.90084e+10 2.10461e+10 2.26573e+10 2.17486e+10 1.94468e+10 2.34419e+10 1.98615e+10 2.24424e+10 2.20262e+10 2.41355e+10 1.62007e+10 2.19779e+10 2.04831e+10 2.09652e+10 1.56597e+10 1.87067e+10 2.44859e+10 2.29499e+10 1.4905e+10 2.1337e+10 2.34994e+10 1.81407e+10 2.12723e+10 2.32203e+10 1.83101e+10 2.46402e+10 2.12788e+10 2.13151e+10 2.4563e+10 2.16745e+10 1.80307e+10 1.51516e+10 1.97381e+10 2.06603e+10 
1.05142e+10 1.36074e+10 1.11879e+10 1.04927e+10 1.03897e+10 1.21867e+10 1.12282e+10 1.31808e+10 1.07487e+10 9.51997e+09 1.11436e+10 1.23171e+10 1.31596e+10 1.20013e+10 1.12045e+10 9.13369e+09 9.93654e+09 9.88486e+09 9.93447e+09 1.24461e+10 9.32984e+09 1.04296e+10 1.17345e+10 1.06969e+10 1.35433e+10 1.27889e+10 1.27982e+10 1.05845e+10 1.17353e+10 8.19513e+09 1.10313e+10 1.10871e+10 1.25227e+10 8.74148e+09 1.0703e+10 1.33653e+10 1.18421e+10 1.25256e+10 1.2003e+10 9.23331e+09 1.34989e+10 9.59733e+09 1.17283e+10 1.33988e+10 1.29627e+10 1.22832e+10 9.3245e+09 1.15843e+10 1.12967e+10 9.03052e+09 1.17873e+10 
4.46243e+09 5.02148e+09 3.57127e+09 4.35999e+09 3.83963e+09 3.68599e+09 3.29916e+09 4.97374e+09 3.24589e+09 3.43102e+09 2.95871e+09 3.85771e+09 3.70917e+09 2.92005e+09 2.80354e+09 4.04137e+09 4.70934e+09 3.91886e+09 4.2998e+09 3.37795e+09 4.02217e+09 3.47427e+09 3.87137e+09 3.96658e+09 3.6791e+09 3.57327e+09 4.96516e+09 3.06833e+09 3.1363e+09 3.47223e+09 4.15155e+09 3.94995e+09 3.93901e+09 3.64585e+09 4.25389e+09 3.80332e+09 4.55291e+09 4.30293e+09 3.55425e+09 4.28296e+09 3.72879e+09 4.28859e+09 3.35457e+09 3.32098e+09 4.98059e+09 3.79716e+09 4.32071e+09 3.64906e+09 3.60805e+09 2.96615e+09 4.1138e+09 
3.45218e+08 2.8337e+08 3.48349e+08 3.26286e+08 2.65625e+08 2.27887e+08 2.66522e+08 3.53965e+08 3.44523e+08 3.0708e+08 3.36684e+08 2.92079e+08 3.1511e+08 2.54052e+08 2.80711e+08 2.814e+08 3.50005e+08 3.47258e+08 3.55242e+08 2.66977e+08 2.45553e+08 3.28215e+08 3.30098e+08 3.28068e+08 2.66772e+08 3.38655e+08 3.19384e+08 2.87892e+08 3.00091e+08 2.98168e+08 2.98756e+08 3.72703e+08 3.1581e+08 3.63793e+08 3.0884e+08 2.85794e+08 3.75378e+08 2.93716e+08 3.61567e+08 2.32328e+08 2.50823e+08 4.16389e+08 2.45544e+08 3.96847e+08 2.61849e+08 2.47815e+08 3.24682e+08 3.55272e+08 2.96339e+08 2.89395e+08 2.90555e+08 
1.50484e+06 1.48496e+06 1.3132e+06 2.0323e+06 1.66572e+06 927351 1.78605e+06 1.50064e+06 1.66728e+06 1.41836e+06 1.39168e+06 1.56725e+06 1.48749e+06 1.34196e+06 1.27468e+06 862373 2.00203e+06 1.68147e+06 2.15008e+06 1.4348e+06 1.72619e+06 1.38192e+06 1.90229e+06 1.4694e+06 1.65972e+06 1.24245e+06 1.4941e+06 1.90228e+06 1.34097e+06 1.79222e+06 2.39806e+06 1.8341e+06 1.32971e+06 1.99006e+06 1.69434e+06 1.68925e+06 1.4689e+06 1.59594e+06 1.75115e+06 1.66404e+06 1.88475e+06 1.49971e+06 1.38257e+06 1.70053e+06 1.55009e+06 1.78566e+06 1.9145e+06 1.69657e+06 1.73526e+06 1.44519e+06 2.05734e+06 
1621.91 3462.53 3979.04 3108.61 3252.8 2397.94 2856.44 2967.97 4773.42 3100.92 2869.12 3655.82 3869.8 2398.66 2744.84 2048.91 3327.28 2941.86 1979.03 2935.79 1849.93 2566.08 3547.72 2810.77 5496.28 2316.23 1781.8 3218.01 3531.36 1643.15 2295.52 3463.23 2692.74 5603.6 3623.13 2533.52 5597.01 6953.25 4417.2 3050.2 3697.32 3946.76 2037.43 2554.66 3228.92 2962.03 1572.32 2041.07 2354.6 3817.22 2516.77 
1.31868 2.71991 4.03008 1.72048 3.33935 1.5856 2.20255 1.68505 3.82917 2.72115 2.39993 2.12973 3.45427 2.36833 1.76753 1.32296 1.76227 2.23949 1.57002 2.56953 2.44161 1.51342 2.68345 1.36238 4.82327 1.71148 1.83842 2.17086 1.83504 0.947972 1.23649 2.33794 2.19656 4.06209 3.3085 1.37342 3.55249 2.91407 3.70836 2.71656 3.29622 2.80593 0.907359 1.39619 1.38041 3.05265 1.41774 1.6259 1.2136 2.30398 1.9566 
1.50477e-06 3.33507e-06 4.84114e-06 2.69087e-06 4.15353e-06 2.65831e-06 2.46464e-06 2.42111e-06 6.39231e-06 2.41551e-06 2.87201e-06 3.66995e-06 5.27052e-06 3.50662e-06 1.80576e-06 2.00927e-06 2.05151e-06 3.66737e-06 1.17393e-06 4.56922e-06 2.97626e-06 2.41847e-06 5.62202e-06 3.61951e-06 1.13625e-05 2.52587e-06 6.13054e-06 2.68479e-06 2.16806e-06 1.03814e-06 1.75621e-06 3.49879e-06 2.49825e-06 6.48905e-06 7.03167e-06 3.19417e-06 4.02969e-06 7.65742e-06 5.72302e-06 3.58573e-06 4.54935e-06 4.35672e-06 1.0307e-06 2.50074e-06 3.38143e-06 5.04718e-06 6.19751e-06 2.20725e-06 2.29149e-06 4.1001e-06 2.69274e-06 
0 0 0 0 0 0 0 0 0 0 0 0 0 0 0 0 0 0 0 0 0 0 0 0 0 0 0 0 0 0 0 0 0 0 0 0 0 0 0 0 0 0 0 0 0 0 0 0 0 0 0 
0 0 0 0 0 0 0 0 0 0 0 0 0 0 0 0 0 0 0 0 0 0 0 0 0 0 0 0 0 0 0 0 0 0 0 0 0 0 0 0 0 0 0 0 0 0 0 0 0 0 0 
0 0 0 0 0 0 0 0 0 0 0 0 0 0 0 0 0 0 0 0 0 0 0 0 0 0 0 0 0 0 0 0 0 0 0 0 0 0 0 0 0 0 0 0 0 0 0 0 0 0 0 
0 0 0 0 0 0 0 0 0 0 0 0 0 0 0 0 0 0 0 0 0 0 0 0 0 0 0 0 0 0 0 0 0 0 0 0 0 0 0 0 0 0 0 0 0 0 0 0 0 0 0 
0 0 0 0 0 0 0 0 0 0 0 0 0 0 0 0 0 0 0 0 0 0 0 0 0 0 0 0 0 0 0 0 0 0 0 0 0 0 0 0 0 0 0 0 0 0 0 0 0 0 0 
