1752.72 1745.56 1717.05 1759.81 1694.26 1666.63 1745.9 1752.26 1724.74 1761.02 1680.73 1630.52 1834.43 1762.55 1642.62 1733.96 1654.12 1639.21 1779.47 1754.86 1729.98 1709.13 1756.82 1676.16 1745.15 1766.85 1677.1 1789.81 1777.03 1771.96 1638.07 1768 1666.13 1690.17 1745.66 1783.23 1732.96 1777.96 1612.69 1761.07 1742.56 1701.57 1667.16 1759.86 1693.51 1738.78 1665.03 1649.55 1692.59 1784.37 1593.58 
1374.58 1449.26 1408.57 1377.37 1270.74 1317.31 1461.23 1338.05 1402.72 1335.17 1390.02 1406.36 1452.22 1431.76 1264.33 1360.03 1398.9 1396.01 1442.35 1377.97 1332.45 1393.57 1380.73 1412.47 1389.45 1412.06 1305.19 1421.15 1352.74 1422.53 1454.54 1417.9 1387.1 1301.58 1411.99 1387.14 1353.99 1421.45 1357.38 1407.45 1373.27 1292.23 1354.74 1463.95 1365.6 1350.71 1388.54 1376.63 1341.46 1408.7 1305.34 
1249.34 1215.5 1226.5 1227.72 1181.82 1235.07 1259.47 1223.73 1190.62 1204.63 1205.15 1186.24 1297.15 1255.7 1239.36 1244.81 1195.84 1246.85 1133.73 1172.33 1161.03 1227.64 1153.46 1197.48 1234.57 1222.77 1170.53 1232.55 1233.99 1235 1228.31 1191.34 1261.75 1241.11 1234.52 1150.01 1164.67 1177.85 1234.55 1222.61 1242.73 1239.49 1189.35 1255.96 1160.67 1200.64 1254.25 1220.42 1271.56 1203.7 1198.36 
1078.53 1095.99 1095.57 1052.96 1057.7 1041.73 1032.01 1057.97 1037.18 1080.71 1035.33 1083.09 1110.82 1088.82 1066.65 1097.22 1057.11 1102.32 1019.01 1087.81 1024.56 1052.73 1057.12 1077.91 1093.15 1044.69 1017.8 1109.72 1069.24 1034 1092.65 1051.84 1065.59 1073.32 1063.86 1072.25 1059.01 1075.74 1038.08 1023.13 1058.58 1051.54 1097.14 1025.48 1061.87 1076.48 1063.43 1066.41 1067.69 1034.7 1022.39 
938.533 934.084 947.821 893.992 891.993 945.445 947.854 911.067 923.575 928.493 932.785 899.516 917.234 942.952 933.948 946.224 868.787 941.217 926.593 919.097 937.676 923.004 930.922 923.714 885.152 930.356 927.176 902.489 916.204 896.007 928.364 922.233 923.903 910.426 920.491 932.836 880.743 938.478 935.243 916.423 945.082 885.51 945.494 918.805 903.388 930.234 961.705 940.212 916.367 937.036 943.608 
849.639 851.436 843.436 849.286 842.866 813.791 827.773 833.169 851.576 829.311 849.316 823.608 868.299 816.034 836.171 839.9 860.086 824.434 839.644 834.991 835.341 831.077 858.057 821.004 845.849 852.708 833.282 859.491 830.426 845.801 850.022 829.654 857.984 838.359 818.641 831.229 864.381 854.759 848.962 780.851 846.404 843.731 821.05 856.088 819.641 853.178 804.396 819.111 863.333 862.962 816.639 
809.964 789.569 773.455 758.059 807.485 734.844 766.545 794.23 795.782 765.406 793.339 770.452 743.448 784.128 790.339 806.107 765.902 786.777 769.632 802.933 777.467 764.187 780.006 798.418 779.414 776.151 781.786 785.25 756.857 755.515 763.5 775.13 792.197 790.21 816.985 797.397 738.762 815.042 827.276 750.143 804.875 770.684 787.929 789.054 783.495 795.153 800 746.506 760.364 812.475 749.955 
711.942 695.788 709.482 701.069 724.304 675.831 681.134 654.605 718.54 681.999 725.593 678.762 707.655 724.394 724.373 711.787 710.089 720.111 705.566 703.002 718.101 699.767 689.644 732.274 678.508 716.045 645.541 720.156 694.101 723.694 734.54 656.272 708.355 699.936 718.808 695.566 712.502 709.173 697.32 658.241 666.238 688.889 704.089 713.043 701.748 689.467 734.953 665.015 689.356 720.051 691.178 
688.631 608.572 627.076 657.505 680.168 632.994 660.752 637.26 633.801 648.943 612.502 628.912 653.622 650.03 656.019 623.626 661.216 634.515 669.53 663.562 651.166 653.214 680.162 670.645 662.77 664.504 638.631 658.531 651.582 649.575 630.167 613.058 646.359 679.828 647.32 665.991 633.383 668.944 647.742 646.113 653.53 658.428 641.805 648.298 649.482 645.073 638.853 639.653 669.026 652.33 659.098 
617.545 572.438 577.905 622.071 641.511 578.778 611.368 604.445 615.454 599.431 576.1 591.809 577.541 590.587 588.652 615.739 577.269 605.148 583.771 600.463 612.931 616.649 626.268 538.017 621.662 615.403 581.987 611.414 602.928 611.934 568.439 598.388 619.997 626.248 611.216 623.003 579.693 574.991 593.374 575.924 607.512 614.16 591.761 607.789 615.872 593.648 585.765 572.224 649.813 609.541 598.54 
525.3 505.894 505.707 499.158 555.901 492.62 525.719 498.168 533.135 511.347 518.596 478.516 493.674 517.703 482.58 529.055 489.536 522.622 500.223 560.832 519.042 512.717 527.668 492.359 529.354 529.033 468.396 514.421 488.293 506.04 505.818 516.454 530.729 494.813 508.906 458.931 470.167 528.657 491.795 515.79 506.237 517.802 480.002 534.31 521.717 510.406 510.788 523.072 507.342 498.358 515.803 
350.045 336.994 325.539 376.775 375.295 348.53 356.496 329.027 378.219 371.909 356.245 321.138 369.592 364.206 347.08 354.679 343.089 342.928 355.062 361.285 368.848 353.072 366.644 319.827 358.95 363.412 328.969 344.088 341.205 359.85 358.468 369.238 363.294 359.772 349.914 374.147 361.291 380.983 346.962 357.874 349.746 345.326 332.35 345.608 350.894 352.119 375.376 333.146 339.74 334.26 371.328 
213.487 223.091 184.605 180.633 200.498 215.995 220.005 216.072 224.903 234.813 211.882 194.953 225.005 203.879 219.33 227.883 207.793 203.086 228.481 220.916 236.985 235.316 230.125 205.762 204.955 224.31 221.906 215.585 207.257 205.677 215.18 191.243 228.711 206.974 183.546 224.184 187.819 244.978 221.035 208.255 200.073 216.13 215.44 211.303 215.858 223.516 221.661 217.938 213.815 180.191 214.191 
40.8928 43.9357 43.7586 37.1867 38.297 46.3541 48.7043 44.2615 40.5108 41.0088 44.2409 31.2068 32.6979 39.7048 48.7752 43.2931 39.3697 40.537 40.1297 40.8067 37.1854 42.2495 36.5425 27.26 52.4986 47.2777 39.1539 43.7484 45.2911 36.2508 44.1292 43.9612 40.8418 47.6715 38.4197 54.6419 42.1769 44.8016 44.3681 35.1699 34.253 45.9865 44.0081 44.9282 53.3362 52.4436 36.2584 38.6427 44.3795 46.0625 40.1663 
