14679.9 14729.5 14486.6 15262 14579.5 14311.3 14724.6 14336.3 15344.2 14873.4 14249.6 14826.7 14298.6 15215.7 14355.8 14435.4 14520.8 15229.7 15014.6 14378.9 14197.8 14918.8 14802.4 14671.4 14954.8 14340.1 14686.8 15027.6 15127.7 14677.7 15248.4 15209 15346.9 15387.3 14523.7 14435.9 15464.8 14830.2 15033.8 15048.3 15305.4 14840.4 14980.2 14859.1 15172.4 15130.8 14861.1 15054.4 14718.2 14956.3 15273.9 
14679.9 14352.9 14486.6 14342.7 14579.5 14311.3 14673.5 14336.3 14937.8 14654 14249.6 14826.7 14298.6 15024.6 14355.8 14435.4 14520.8 14993.5 14670.7 14378.9 14197.8 14918.8 13916.6 14671.4 14754.7 14340.1 14686.8 15027.6 14778.9 14386.5 15099.8 14609.6 14126.9 13139.3 14523.7 14435.9 14270.6 14820.3 15033.8 15048.3 14701.4 14840.4 14888 14849.7 15172.4 13366.9 14552.2 14872.2 14718.2 14956.3 15273.9 
14535.9 14352.9 13570.5 14184.4 14579.5 14311.3 14673.5 14077.8 14590.1 14484.9 13774.1 14826.7 14298.6 15024.6 14355.8 14169 14520.8 14728.4 14448.8 14378.9 14197.8 14743.2 13916.6 14671.4 14754.7 14340.1 14686.8 14556.1 14440.3 14386.5 14806.6 14609.6 14126.9 13139.3 14434.4 14435.9 14270.6 14485.8 14657.6 14759.5 14701.4 14173.1 14888 14347.4 14753.6 13366.9 14552.2 14675.7 14718.2 14956.3 14673.9 
14459.3 14310.4 13366.1 14184.4 14402.1 14311.3 14285 14077.8 14590.1 14484.9 13774.1 14395.3 14298.6 14672.2 14027.5 14139.4 14138.3 14427.5 14448.8 14226 13926.8 14743.2 13916.6 13543.1 14709.4 14340.1 14147.8 14509.4 14440.3 14386.5 14498.8 14609.6 14126.9 13139.3 13962.2 14435.9 13820.3 14314.2 14206.5 14759.5 13821.5 14173.1 14831.3 14347.4 13823.9 13366.9 14552.2 14533.9 13805.8 14866.4 14011.6 
14180.9 13444.3 13366.1 14026 14402.1 14265 14177.9 13867.8 13862.7 13475.6 13281.1 13763.5 14067 14219.9 14027.5 14022.7 13590.7 14024.4 13891.2 13971.9 13926.8 14637.8 13694.5 13458.7 14276.9 14045.1 13664.3 13487.4 14440.3 13564.3 13970.4 14068.8 13745.9 13139.3 13962.2 13548.5 13820.3 13809.5 13289.7 13805.8 13821.5 14173.1 13676 14109 13823.9 13366.9 14143.1 13794.4 13805.8 14053.3 14011.6 
12883.9 13374.6 13366.1 14026 13936.7 13277.6 13353.5 13867.8 13223.1 13475.6 13281.1 13093 13584.3 14206.7 13493.1 13707.1 13590.7 13078.4 12986.7 13954.1 13450.9 13979.7 13279.6 13458.7 14204.7 13815.6 13664.3 13487.4 14309 13564.3 13970.4 13408.8 13721.1 13139.3 13962.2 13548.5 13820.3 13352.2 13289.7 12850.7 13409.9 14156 13211.5 13578.2 13785.1 13366.9 13362.5 13714.7 13658.5 13787.7 14011.6 
12883.9 12730.8 13284 13419.1 13405.6 13263.7 13353.5 13639.7 13223.1 13128.3 13071.5 12116.2 13584.3 13076.1 13385.9 13707.1 13074.9 13078.4 12332.2 12572.2 13450.9 13621 12264.2 13458.7 12618.6 13581.1 13664.3 13487.4 13808.6 13564.3 12625.3 13408.8 13721.1 13139.3 12890.3 13375.5 13820.3 13352.2 13289.7 12850.7 13390.8 13334.8 12991.7 13388.6 13402 12813.8 13240.4 13714.7 13174 13787.7 13720.6 
12733.9 12730.8 11997.1 13194.4 12400.5 12571.9 11993.8 12973.5 12893 12308.6 12526.2 12116.2 12911.7 12622.8 12649.1 12659.6 12684.7 12953.2 11739.6 12224 12900 13045.9 12264.2 12262.2 12420.7 12750.1 12921.8 12345.1 12349.8 12217.4 12413.6 13099.2 13085.3 13103.5 12519.4 12017.9 13093.1 13155.2 13099.6 12850.7 11247.1 13193.6 12467.6 12527.4 12567.4 12813.8 12191.8 12874.3 12778.7 13024.3 13164 
12519.4 12262.8 11997.1 11559.6 12125.9 11435.5 11947 11983 12029 11466.5 12096.2 12071.7 12054.2 12418.8 12385.6 11493.7 12260 12332.3 11528.2 11998.7 11955.6 11695.4 12115.2 11780.5 12419.9 12424.8 12326.7 11899.5 11704.5 11930.9 12191.5 12540.6 11564.1 12218.6 12105.8 11751.8 12594.1 12304.5 12230.4 11841.9 11247.1 11845.1 12311.1 12527.4 12446.5 12452.2 12191.8 12463 12300.8 12087.3 12445.9 
11689.5 10952.8 11804.7 11527.8 11735.2 11110.5 11685.7 11548.8 11867 9853.42 10752.6 11217.6 11687.7 11935.1 11786.5 11360.7 11781 11973.3 11041 11854.8 11036.5 10985.5 11454.1 11639.8 11606 11710.8 11598.8 11547.3 11494.3 11850.9 11775.8 11766.4 11254.5 12026.7 10196.9 11628.6 10814.8 11369.2 11654.6 11421.7 11247.1 11361.6 11160.6 11843.6 11936.3 12342.3 11215.6 11751.9 11552.4 11945.8 11670 
9352.8 10598.7 10671.3 10819.3 10825 9701.35 10374.9 8310.86 9628.78 8358.13 9893.79 9620.54 9851.96 10282.4 10031.1 9794.38 10935.2 9445.51 9599.52 9809.28 10162.6 9365.59 11061 9005.9 10529.7 9277.08 8827.87 9248.95 10715.7 10384.9 9191.62 9461.72 9599.71 9243.08 9089.7 8687.55 10265.5 9871.58 9728.52 9060.51 10270.5 11361.6 10199.8 9580.74 11195.7 11124 10606.6 10641.8 9148.95 10793 10735.6 
7086 7586.25 7753.46 8799.08 8397.08 7586.75 7844.46 7254.98 7337.43 7871.2 7572.76 7422.93 7947.17 7693.83 8209.12 7242.9 7948.49 7946.24 8043.29 7652.71 8022.61 8247.45 8293.31 7438.17 8181.96 7117.22 7746.08 7817.55 7567.56 7927.89 7561.3 8162.19 8282.58 7542.63 7284.05 7742.22 7781.26 7212.67 8208.8 7887.68 7670.51 8366.16 8075.16 7858.5 8262.12 8554.05 7966.78 7926.29 6646.08 8439.88 8738.45 
5854.06 6014.01 5608.34 6734.22 6109.98 6224.24 6152.09 5844.17 6150.8 6238.68 6067.71 6014.21 6699.41 6655.55 5934.19 6129.03 5347.61 6173.61 6062.91 5957.57 6322.43 6570.07 6266.59 5922.05 6518.12 6021.54 6045.15 5811.16 6361.62 6351.21 6375.44 5748.31 5821.72 6728.63 5622.1 6231.71 5870.54 5883.47 5897.96 5330.61 6014.41 6840.39 5998.4 5705.57 6246.48 6983.24 6767.4 5835.11 5457.91 6407.88 6210.77 
3339.28 2817.31 2909.95 3392.34 2440.97 3057.62 3354.79 3245.73 2887.67 3167.02 3232.39 3082.74 2404.8 3245.64 2672.18 2668.5 2926.22 2835.53 2660.32 3017.22 3513.12 3613.29 3141.11 3253.02 3296.98 2828.13 2708.7 3692.19 3668.43 3409.67 3347.04 3336.9 3408.24 2903.28 3265.53 3621.56 2537.14 2643.65 2753.3 3349.83 3196.86 3274.04 3306.62 2450.59 3791.87 3680.26 3527.71 3323.29 3147.59 3791.85 2987.63 
