33667.1 33793.1 32626.1 33861.9 33638.5 32369 34515.4 33323.6 33631.1 33530.3 32453.8 34014 33928.8 33553.8 33885.4 33863.1 34088.6 33775 33478.9 33375.4 33560 32553.6 32798.8 34233.7 34410.4 33618.8 31627.4 32292.4 33428 33457.4 33588.5 33278 34125.4 32561.1 33099.5 32821 33102.5 34160.2 33852 33834.1 33273.4 34201.7 33977.8 34026.2 33982.9 33654.1 33405.5 33756.8 33240.6 33146.4 32718.3 
33133.5 33793.1 32626.1 32895.3 32755.6 32369 32476.5 33323.6 33631.1 33391.6 32453.8 32376.3 32423.1 33553.8 33221.5 33630.8 33273.4 33775 33110.5 33375.4 33002.8 32553.6 32798.8 33272 33245.9 32500.3 31627.4 32292.4 32330 33241.9 30540.6 32852.3 33143.7 32561.1 33099.5 32347.7 32628.3 33488.2 33626.2 32699.1 32596.7 33777.7 33408.1 34025 32134.5 33342.1 33217.2 33094.9 33078.8 33146.4 32333.5 
33133.5 30976.8 32626.1 32623 32755.6 32369 32476.5 33323.6 33136.5 33213 32453.8 32376.3 32423.1 32995.5 33221.5 33607.3 33273.4 32768.9 33110.5 33375.4 33002.8 32553.6 31256.7 33139.5 33245.9 32500.3 31627.4 32292.4 32330 32743.8 30540.6 32852.3 33097.3 31983.2 32261.8 32347.7 32628.3 32875.4 33430.6 32699.1 32596.7 33777.7 33279.7 33661.9 32134.5 32609.2 32958 33094.9 33078.8 33146.4 32333.5 
32833.7 30976.8 30952.5 32623 32602.4 32369 30904.1 32573.2 32480.8 33213 32453.8 32376.3 32423.1 32381.8 32872.7 32659.8 32637.1 32768.9 31379 32772.5 32675.1 32553.6 31256.7 32590.8 33101.1 32500.3 31627.4 32031.8 32330 32230.2 30540.6 32852.3 30976.7 31983.2 32261.8 32347.7 32628.3 32875.4 31275.9 32699.1 32596.7 32912.8 31267.5 33497.4 32134.5 32189.1 32598.1 32134.1 31829.7 32310.3 32333.5 
32833.7 30976.8 30952.5 32623 32537.7 31747.2 30904.1 32231.2 31940.5 32600.3 31837.5 32376.3 32341.7 30871.9 31397.3 31601.1 31270.7 32187.7 31379 32575.1 32372.9 32487.6 31256.7 31816.7 32271.8 32500.3 31627.4 31424.4 32243.3 32156.7 30540.6 31742.9 30976.7 31983.2 32261.8 32036.1 32107.8 32109.2 31275.9 32487.4 31758.1 31467.3 31267.5 31787.9 30964.1 32189.1 32350.4 32134.1 31817.2 32295.5 31922.2 
32329 30976.8 30952.5 31676.6 30811.9 31747.2 30904.1 31748.9 31486.7 30912.8 31379.1 31421.3 31527.6 30871.9 31397.3 31601.1 31270.7 31684 31379 32026 31419.4 32288.5 31256.7 30908.4 31793.9 31421.2 31627.4 31424.4 31250.8 31293.3 30540.6 31742.9 30976.7 31359.5 30528.8 31078.3 31229.5 31801.6 30564.8 31629 31683.9 31467.3 30562.4 31787.9 30964.1 31979 32350.4 32134.1 31554.4 31294.2 31827.3 
31128.2 30976.8 30952.5 31573 30811.9 31692.9 30672.6 31061.8 31417.1 30912.8 30148.2 31421.3 31488.4 30871.9 31397.3 31392.1 31270.7 31255.8 31379 32026 31419.4 30948.2 30245.3 30908.4 31793.9 30072.5 31538.7 30635.4 30386.9 30463.3 30152.7 31407.7 30976.7 31359.5 30528.8 30819.4 31229.5 31427.9 30564.8 31629 31683.9 30601.8 30562.4 30815.5 30964.1 31182.5 31261 31485.1 31396 31085 31463.7 
30433.2 29498.7 30952.5 31206.9 30811.9 30645.9 30405.8 29577.7 31089.1 30425.7 30148.2 30076.2 31488.4 30459 30601.2 29525.2 29677.3 30942.3 30746.7 29824.7 30836 30725 30245.3 28607.7 30577.9 30072.5 30554.7 30635.4 30029.5 29559.2 28804.8 30962.6 30309.3 30136.5 30528.8 30499.7 30253.5 29794.1 30434.7 31029.8 30493.8 29750.7 29561.2 30630 30079.3 30849.5 30434.9 30619.7 30379.2 30274.6 30259.7 
30103.7 27267.9 29727.3 29433.3 29975.6 28460.3 29775.8 28769.3 31016.2 27833.3 29729.1 29631.8 29952.7 29736.1 29612.6 27910.3 29500.2 29056.9 29255 29218.4 29389.2 28715.2 29218.4 28599.3 29466.3 28579.2 28161.3 29551.8 29786.4 28775.6 28280 28920.3 29203 28989.7 29085.2 30132.4 29354.4 29473.6 29156.7 29876.7 29179 29456.3 28998.6 29371 29284.4 28888.6 28819.9 28780.1 29401.4 29465.2 29674.6 
27957.8 26866.2 27526.3 28562.2 28837.6 27692.3 29191.5 28319.5 28236 27502.5 27614.1 28275.4 28870 28065.6 27910.1 27494.2 28983.9 26118.5 28387.1 27921.8 28466.9 28499.9 29013.6 28457.1 28415.5 28579.2 27762.3 29277 29084.1 27990.1 27346.8 28514.9 28328.9 28698.7 27959.5 28352.1 28572.8 25717.1 28120.3 29146.7 28664.7 28156.8 28029.1 28024.1 27552.7 26860 28484.6 28040.8 28928 28187.9 27545.1 
25910.8 25038.7 27246.2 27520 25889.9 27066.5 25769.1 27095.1 28093.3 25281.3 24116.6 25424.7 27577.2 26226.5 23990.5 26456.8 28010 25957.5 27841.3 27080.7 27486.1 27590.8 27825.8 26845.2 27477.1 27076.9 26797.3 27559.4 28223.7 27990.1 27057.6 26738.7 25477 25900.9 27848.5 22815.7 26514.2 25350.4 27658.5 27756.9 23733.5 26725.1 25048.5 27277.9 26163.4 26678 25208.9 27544.5 26699.7 26862.8 25284.7 
21536.6 21663.1 20641.7 21822.9 22097.2 21652.7 21269.3 22641.7 22585.7 21964.5 21168.4 21500.3 22784.6 21078.8 21158.8 21553.6 23528.6 22384 22396.8 22739.9 21686.2 22374.2 22019 21716.9 22515.6 22461 21655.8 21660.5 24284.1 21928.4 20365 22295.1 22015.6 22077.4 22910.5 21265.6 21748.1 20758.5 21540 22570.2 20867.9 21576.8 21428.3 22014.4 22235.4 23243.8 20353.1 22151.5 21893.9 22230.7 21466.8 
18644.5 18259.4 19033.6 19659.4 17952.2 18027.4 18901.8 18946.9 18708.1 19189 17931 17766.3 19359.9 19054.6 18393.7 18402.9 18489.9 18957.9 19336.2 19253 19279.4 18525.1 421.978 18698.8 19685 4460.93 18218.5 18925 18845 18416.3 18451.8 19153.2 19391.2 18622.8 19717.2 18638.4 18440.8 18679 17704 19907 17863.5 18690.3 18381.2 17819.2 18528.9 19091.8 18511.8 19366.5 18403.1 18738.6 17985.7 
10546.4 9492.09 8612.74 10661.9 9392.19 10491.7 10731.8 11563.3 9839.75 11009.3 11650.3 10891 11922.1 11144.4 10183.3 10474.6 11318.2 9828.45 9318.35 10628.6 11278.6 11146.4 100 11052 9333.31 100 10656.6 11371.6 10864.3 9941.09 11305.4 10582.2 9329.2 10394 11054.9 10791.2 10417.2 10135.2 11328.8 11372.8 11015.3 10980 10656.1 11585.9 10824.6 10157.7 11016.6 10584.3 10849.7 11285.6 9522.83 
