2.08037e+08 1.59884e+08 2.27663e+08 1.68013e+08 1.96787e+08 1.63256e+08 9.72613e+07 5.03565e+07 1.94437e+08 2.00296e+08 1.68714e+08 1.66583e+08 2.43032e+08 1.62018e+08 1.27459e+08 1.28747e+08 2.19118e+08 1.78349e+08 9.57534e+07 1.53783e+08 1.02439e+08 1.01151e+08 1.88777e+08 1.48785e+08 1.06992e+08 1.66014e+08 9.56945e+07 1.51619e+08 1.83187e+08 1.15173e+08 9.16653e+07 1.34428e+08 1.24262e+08 1.17348e+08 2.07679e+08 1.85181e+08 1.14813e+08 1.31884e+08 2.26951e+08 2.01747e+08 1.83021e+08 1.15354e+08 1.80757e+08 1.49269e+08 1.04341e+08 1.96827e+08 8.92478e+07 1.97693e+08 1.04844e+08 1.92343e+08 1.62924e+08 
8.07806e+07 5.10223e+07 7.42008e+07 6.17579e+07 6.57101e+07 6.41065e+07 9.43117e+07 5.03565e+07 8.14254e+07 5.16486e+07 8.45286e+07 7.63991e+07 8.32369e+07 4.81214e+07 6.77925e+07 4.85683e+07 7.34423e+07 5.12053e+07 2.70831e+07 5.54482e+07 7.22496e+07 7.47359e+07 5.99115e+07 8.01493e+07 6.13384e+07 7.73184e+07 6.22231e+07 6.39972e+07 7.59692e+07 7.46233e+07 4.74138e+07 6.48155e+07 3.87766e+07 4.69667e+07 6.0235e+07 6.77004e+07 4.41985e+07 5.84452e+07 4.69059e+07 5.5085e+07 7.55499e+07 6.34258e+07 7.05963e+07 6.64486e+07 7.58654e+07 6.9925e+07 4.26365e+07 7.37284e+07 6.58428e+07 4.93154e+07 5.95977e+07 
4.56548e+07 3.78629e+07 4.40319e+07 2.60644e+07 4.7429e+07 5.03126e+07 3.89711e+07 3.11433e+07 4.48244e+07 4.05338e+07 3.78729e+07 4.38103e+07 3.15401e+07 4.75153e+07 2.60565e+07 3.44608e+07 3.94488e+07 4.84956e+07 2.26722e+07 4.08202e+07 3.36078e+07 3.96402e+07 4.9091e+07 5.18394e+07 4.78023e+07 4.81065e+07 3.37673e+07 3.46844e+07 4.67604e+07 3.62792e+07 4.6422e+07 4.82707e+07 3.87766e+07 3.83662e+07 3.59106e+07 2.95429e+07 4.41985e+07 4.87131e+07 3.94113e+07 4.5229e+07 5.30106e+07 3.07968e+07 4.72586e+07 3.72033e+07 4.6629e+07 5.59595e+07 3.37325e+07 2.68619e+07 4.0684e+07 3.30616e+07 2.96718e+07 
8.60986e+06 1.68095e+07 1.28542e+07 1.56018e+07 1.55817e+07 1.25612e+07 8.36228e+06 1.46955e+07 1.13274e+07 1.37934e+07 1.26211e+07 1.46538e+07 1.19254e+07 1.87841e+07 1.27924e+07 1.84189e+07 1.67175e+07 1.1879e+07 1.57946e+07 1.6318e+07 1.28766e+07 1.18898e+07 1.13125e+07 1.29928e+07 1.41473e+07 1.66743e+07 1.98634e+07 1.42482e+07 1.53233e+07 1.78932e+07 1.40122e+07 1.81339e+07 1.44673e+07 1.47438e+07 1.33996e+07 1.01516e+07 1.33802e+07 1.55938e+07 1.21118e+07 1.44964e+07 1.49758e+07 1.30848e+07 1.74463e+07 1.63324e+07 1.12325e+07 1.87973e+07 1.56352e+07 1.30868e+07 1.27965e+07 1.39501e+07 1.56579e+07 
1.15098e+06 1.27089e+06 1.4003e+06 1.18474e+06 829039 1.17174e+06 1.43281e+06 957486 1.1999e+06 1.43152e+06 945487 1.48762e+06 1.20009e+06 1.24628e+06 1.07697e+06 1.27279e+06 1.10239e+06 1.55272e+06 1.21053e+06 1.35302e+06 1.50575e+06 1.254e+06 1.36496e+06 1.62363e+06 1.6466e+06 1.48273e+06 1.3476e+06 1.04572e+06 1.31616e+06 1.33562e+06 1.3532e+06 1.20356e+06 1.45325e+06 1.28647e+06 803988 1.31305e+06 922982 1.4806e+06 1.09492e+06 1.43795e+06 1.56619e+06 1.04742e+06 1.02498e+06 1.02623e+06 935257 651593 966426 1.16383e+06 1.09565e+06 1.03403e+06 1.07222e+06 
22813.6 24215.5 20868.7 19243 20162.6 19323.1 22329.6 21059.7 25289.9 13531.8 16496.4 18901.1 16489.2 19987.2 16171.5 14739.5 20985 17442.3 17004.7 16165.6 17357 23503.3 21033.3 21891.4 25697.1 21344.5 22046 15159.8 19724.8 19381.9 25902.3 22246.8 15988.4 16987.2 19695 17487.9 19827.9 15644.4 21250.5 18721.2 26430 16697.6 22707.1 19667.3 21111.8 18696.7 22338.5 17326.6 14590.6 13450.3 19668.5 
512.544 557.311 547.205 551.15 455.355 498.818 559.28 515.924 475.8 458.888 463.001 454.109 427.03 468.529 502.18 491.455 412.477 485.002 513.173 470.862 462.309 535.037 483.864 499.87 511.596 552.765 459.259 505.442 477.601 475.03 403.366 425.266 552.954 471.563 457.099 598.043 550.094 509.36 488.177 514.297 611.678 557.64 567.941 609.081 645.39 500.37 484.069 530.616 499.966 491.95 483.943 
290.824 280.246 291.532 349.461 199.564 264.846 315.593 275.917 300.987 244.955 245.151 285.546 214.03 203.187 312.105 270.231 231.842 260.551 274.423 239.55 258.559 297.836 244.652 279.159 283.701 255.021 257.524 273.812 264.015 280.058 220.132 253.487 280.33 286.168 271.284 327.384 295.052 320.427 280.474 284.558 384.455 379.228 301.468 385.118 370.91 310.05 267.583 355.494 273.597 305.979 295.262 
175.39 191.354 156.397 223.146 114.581 161.758 206.165 221.361 169.063 158.023 148.654 177.834 137.822 139.124 199.235 159.251 172.411 159.107 156.138 137.354 173.391 189.076 152.267 163.378 189.701 157.761 208.553 171.493 163.222 149.888 115.883 143.349 208.629 143.349 194.999 187.535 172.153 196.623 185.95 174.543 226.979 278.891 171.257 292.098 224.337 176.84 232.509 200.244 168.137 212.209 205.905 
158.072 183.794 141.493 215.819 113.266 150.447 202.738 218.752 142.941 151.216 143.102 175.155 133.256 137.441 195.886 145.594 170.424 149.828 151.076 127.939 154.567 183.085 146.59 158.894 183.187 137.677 205.1 154.967 158.647 133.086 105.331 118.004 204.139 138.144 185.705 180.458 147.821 190.09 170.683 170.999 201.277 273.152 162.919 284.004 196.355 152.423 230.828 179.863 148.7 208.512 201.736 
157.751 183.287 141.133 215.592 111.774 149.919 201.929 218.245 141.771 150.535 142.143 173.727 132.656 136.373 194.694 145.165 170.073 148.125 150.24 127.384 153.807 182.36 146.006 158.509 182.679 136.876 204.769 154.574 157.627 132.14 103.207 117.194 203.73 137.704 185.048 178.86 146.972 189.207 169.822 170.428 200.442 271.788 162.417 282.136 195.592 151.352 229.806 179.337 148.243 208.141 201.122 
157.424 182.01 140.724 215.161 111.396 149.022 200.557 217.112 140.444 149.237 140.053 173.169 132.442 135.344 194.423 144.834 169.735 147.169 149.074 125.968 153.429 181.564 145.046 157.552 181.467 135.793 204.442 154.167 156.998 130.837 102.216 116.793 202.338 136.629 184.16 178.107 146.645 188.003 169.539 168.832 200.114 270.697 161.243 280.5 195.212 149.602 229.457 178.908 147.887 207.861 199.997 
156.567 181.395 139.789 213.781 111.252 148.018 199.887 216.749 139.416 148.814 139.592 172.934 131.466 134.955 194.156 143.516 168.651 146.727 148.667 125.086 153.025 181.129 144.522 157.119 180.613 134.386 203.474 152.899 156.554 130.237 101.615 116.411 201.839 135.342 183.501 177.678 146.126 187.104 169.194 168.384 199.892 270.297 160.332 279.106 195.183 148.441 229.324 177.619 147.697 206.926 199.4 
156.142 181.033 139.385 213.289 111.143 147.488 199.57 216.595 138.987 148.451 139.393 172.826 131.058 134.695 193.929 142.762 168.331 146.509 148.18 124.759 150.958 180.971 144.278 156.934 180.342 133.825 203.078 152.1 156.29 129.983 101.426 114.339 201.557 134.841 183.25 177.523 144.891 186.708 167.946 168.254 198.95 269.96 160.104 278.872 193.797 147.217 229.289 176.953 146.135 206.742 199.195 
