94.4373 74.1047 88.6859 87.3723 80.8299 90.6 90.4724 86.7488 84.4613 94.9757 86.0523 79.1104 91.1181 76.3555 101.445 84.9413 80.9561 89.0886 81.8059 94.3726 95.4785 89.1059 75.9551 92.4775 79.9245 81.9199 94.1681 87.3398 91.0418 78.1042 86.8297 80.7955 93.1672 81.2591 79.9104 92.1681 87.3075 92.0634 91.6921 87.9093 95.2696 89.7208 93.4083 80.3363 95.4885 86.8275 94.351 88.9327 89.3713 86.7487 87.8242 
60.6172 61.1588 58.1712 69.5784 64.3715 68.89 60.4153 60.89 66.5249 66.3851 65.5411 70.9998 66.5891 70.3128 63.6034 66.245 67.639 68.1008 54.6452 61.9771 75.5 76.9807 59.5833 58.4559 69.0508 60.5567 69.3722 70.2105 66.3779 62.9813 61.694 67.3734 70.8685 71.4474 62.2689 59.3541 61.7366 64.1489 71.4954 62.6864 74.9355 74.5714 67.2788 65.5142 69.0728 68.7553 68.5409 64.7488 66.4006 60.4309 61.4068 
54.6182 48.0599 50.1492 57.1662 53.522 48.435 51.882 50.1929 53.2276 50.5804 57.588 48.1503 50.9743 54.907 54.3379 54.425 55.5053 54.2353 50.2548 57.4197 54.9152 55.0986 45.7555 50.4347 55.2876 49.7801 48.6144 54.6863 59.2527 47.7325 53.225 52.758 42.3444 48.4663 49.0138 51.8011 43.9925 39.8914 55.0627 58.3938 56.4678 61.2021 57.161 48.0817 42.7243 51.8738 50.2686 54.4409 53.6875 54.5763 46.6784 
32.6488 34.5097 40.0912 33.49 41.8272 34.5409 39.9149 36.5959 37.7654 36.7799 37.0803 37.2817 36.4799 38.2312 34.0458 39.5506 38.6611 36.7207 34.7473 34.1024 41.8461 38.364 36.0327 38.801 39.0939 39.6367 40.2646 34.327 33.6524 35.8547 38.6104 35.3265 34.2984 35.4962 33.0806 35.2885 37.1957 37.5352 35.1005 36.5598 35.6048 39.7794 41.6686 35.1088 34.0657 40.677 40.215 35.996 35.4905 39.5969 37.7092 
19.28 18.2746 16.5698 21.0624 20.7761 19.5236 17.3505 16.0239 19.9667 18.2597 20.1146 17.8026 17.8888 20.9122 19.8212 19.7903 20.5559 18.8213 19.7376 19.7923 19.3744 17.9598 16.1491 19.8023 21.0528 22.5352 18.6788 17.2332 19.676 17.3669 19.7572 19.2921 17.4155 17.8315 20.9634 19.8736 17.19 18.6374 14.4709 20.7124 16.3752 18.079 20.7262 18.9621 17.3993 18.782 19.9129 22.206 17.8621 17.2808 19.0596 
4.23203 4.02301 5.49691 3.73415 5.19094 5.29241 4.77641 4.08584 5.14714 4.31593 5.69359 4.39787 4.93731 4.4267 4.77755 4.14563 3.61684 5.30575 5.65139 4.89896 4.8862 5.20402 4.47634 4.64364 4.88153 5.20274 4.83613 3.95301 5.27371 4.29861 4.79112 4.67252 4.62487 4.92359 4.69642 5.09781 4.75738 4.74109 4.82423 5.36189 5.2296 4.46264 5.02662 4.26624 3.95177 5.50833 4.57741 4.85753 5.35917 5.20116 4.57743 
0.46403 0.668677 0.71594 0.628398 0.595289 0.667605 0.60084 0.501031 0.676528 0.698582 0.898452 0.663822 0.67107 0.659415 0.77161 0.604292 0.587637 0.581583 0.698086 0.738504 0.573274 0.677699 0.528071 0.656292 0.610043 0.704743 0.613056 0.69333 0.666237 0.570105 0.626698 0.575019 0.568346 0.679039 0.50404 0.658307 0.598782 0.656464 0.679891 0.486694 0.636039 0.560304 0.716549 0.601816 0.563943 0.582588 0.55489 0.688501 0.623016 0.6032 0.608229 
0.0585065 0.0664401 0.083491 0.043345 0.0602628 0.0582274 0.0544307 0.0465319 0.0575924 0.0563266 0.0787702 0.0680887 0.0621876 0.0591033 0.0632726 0.0520642 0.0500912 0.0596969 0.0627582 0.0737895 0.0478999 0.0718841 0.0494267 0.0684325 0.0586199 0.0606404 0.0532035 0.0692568 0.0631236 0.0453111 0.0604253 0.0574027 0.0547063 0.0719182 0.0545528 0.0514465 0.0521252 0.0618632 0.0564877 0.0568516 0.067844 0.0419663 0.0703236 0.0497095 0.0544779 0.0677858 0.0615453 0.0658397 0.0612738 0.0653058 0.0523235 
0.000288535 0.000324495 0.000424421 0.00028539 0.000257608 0.000292112 0.000304568 0.000218454 0.000302266 0.000311155 0.000385324 0.000311032 0.000382527 0.000388715 0.000286717 0.000271744 0.000257605 0.000302558 0.000324237 0.000299814 0.000320347 0.000259933 0.000279221 0.000257319 0.000405065 0.000258112 0.000330989 0.000398438 0.000340027 0.000292889 0.000203155 0.000220382 0.000332607 0.000276627 0.000193254 0.000342027 0.00024776 0.000247454 0.000265428 0.000218941 0.000285847 0.000296131 0.000213426 0.000212259 0.000191752 0.00035688 0.000294853 0.000295233 0.000309936 0.000322285 0.000207986 
1.08062e-06 1.51197e-06 7.30565e-06 5.45673e-06 5.5933e-07 6.62588e-07 8.68032e-07 6.88212e-07 1.41867e-06 1.22099e-06 1.24881e-06 1.69965e-06 1.51553e-06 1.13815e-06 6.97944e-07 7.56359e-07 7.59143e-07 2.35492e-06 9.15782e-07 6.45295e-07 8.84685e-07 1.49964e-06 1.12956e-06 1.65179e-06 3.92787e-06 1.376e-06 1.2343e-06 1.35062e-06 1.72655e-06 6.42204e-07 5.00863e-07 6.96242e-07 2.1627e-06 2.23131e-06 6.51178e-07 1.08873e-06 4.81515e-07 2.50827e-06 7.94055e-07 8.4018e-07 8.24037e-07 7.33588e-07 5.84658e-07 1.15115e-06 4.94814e-07 2.61438e-06 2.68478e-06 2.58752e-06 4.21995e-06 6.11219e-07 5.63469e-07 
0 3.5653e-08 0 1.39853e-07 0 0 0 0 0 1.38916e-07 0 0 0 0 0 0 0 0 0 0 0 0 0 0 0 0 0 0 0 0 0 0 0 0 0 0 0 0 0 0 0 0 0 0 0 0 0 0 0 0 0 
0 3.42184e-08 0 1.36874e-07 0 0 0 0 0 1.36874e-07 0 0 0 0 0 0 0 0 0 0 0 0 0 0 0 0 0 0 0 0 0 0 0 0 0 0 0 0 0 0 0 0 0 0 0 0 0 0 0 0 0 
0 3.42184e-08 0 1.36874e-07 0 0 0 0 0 1.36874e-07 0 0 0 0 0 0 0 0 0 0 0 0 0 0 0 0 0 0 0 0 0 0 0 0 0 0 0 0 0 0 0 0 0 0 0 0 0 0 0 0 0 
0 3.42184e-08 0 1.36874e-07 0 0 0 0 0 1.36874e-07 0 0 0 0 0 0 0 0 0 0 0 0 0 0 0 0 0 0 0 0 0 0 0 0 0 0 0 0 0 0 0 0 0 0 0 0 0 0 0 0 0 
