1.01511e+09 6.64204e+08 6.35591e+08 5.00759e+08 3.94924e+08 3.94902e+08 4.44089e+08 8.6138e+08 1.86741e+08 7.68103e+08 6.53842e+08 4.08233e+08 3.76361e+08 1.05022e+09 3.2361e+08 4.43541e+08 7.31537e+08 1.82981e+08 2.18991e+08 5.60559e+08 4.31346e+08 2.00041e+08 2.91501e+08 3.9663e+08 6.27773e+08 5.91967e+08 1.78974e+08 9.23293e+08 4.42115e+08 3.51318e+08 2.22694e+08 8.8707e+08 3.81298e+08 3.10055e+07 4.73397e+08 3.67076e+08 4.40736e+08 3.69552e+08 6.83755e+08 7.40531e+08 7.66528e+08 3.50223e+08 2.8874e+08 2.90671e+08 4.96782e+08 1.70455e+08 2.77554e+08 1.11998e+08 1.77545e+08 5.0408e+08 4.3187e+08 
2.73266e+08 1.32974e+08 8.11955e+07 9.48631e+07 1.7938e+08 6.40459e+07 8.80088e+07 9.0897e+07 9.17235e+07 7.44435e+07 1.42952e+08 7.07686e+07 1.045e+08 9.20055e+07 5.82532e+07 1.26016e+08 1.59276e+08 1.67575e+08 1.853e+08 1.79429e+08 1.39309e+08 9.97819e+07 1.17033e+08 9.59361e+07 2.40333e+08 1.85931e+08 9.7911e+07 6.70873e+07 8.4196e+07 9.7603e+07 1.6127e+08 1.76742e+08 8.16472e+07 3.10055e+07 2.27037e+08 5.36094e+07 1.45384e+08 1.02599e+08 1.4076e+08 1.80883e+07 2.10126e+08 1.49797e+08 1.35652e+08 1.95372e+07 8.59497e+07 7.99609e+07 1.75862e+08 1.08256e+08 1.2351e+08 1.32668e+08 1.89754e+08 
5.8903e+07 4.02094e+07 5.22157e+07 1.77345e+07 5.33043e+07 2.16767e+07 3.14902e+07 3.78126e+07 3.80396e+07 1.21155e+07 3.33312e+07 2.86437e+07 4.30159e+07 5.63351e+07 2.81512e+07 8.46794e+07 3.55726e+07 2.16063e+07 3.84659e+07 5.39535e+07 5.02503e+07 3.04355e+07 4.38693e+07 2.31018e+07 1.53808e+07 1.34907e+07 3.05277e+07 6.70873e+07 4.0658e+07 1.54596e+07 3.69823e+07 2.95868e+07 4.28505e+07 3.10055e+07 4.41658e+07 4.41145e+07 4.10447e+07 6.12096e+07 1.51877e+07 1.80883e+07 4.44836e+07 4.96365e+07 6.27717e+07 1.95372e+07 2.71391e+07 4.01601e+07 4.09614e+07 2.25738e+07 2.75554e+07 4.98325e+07 4.4409e+07 
6.32741e+06 4.47405e+06 3.73734e+06 2.26171e+06 2.60852e+06 8.0918e+06 4.25298e+06 2.33976e+06 5.96602e+06 6.56968e+06 3.49999e+06 7.85345e+06 3.08484e+06 6.03578e+06 3.07973e+06 9.86803e+06 4.49843e+06 6.24103e+06 2.89956e+06 5.90712e+06 5.19771e+06 3.36605e+06 4.71906e+06 7.53062e+06 6.49855e+06 1.72894e+06 5.07115e+06 5.66447e+06 5.10529e+06 2.52117e+06 6.38436e+06 1.06099e+07 4.67019e+06 4.81609e+06 7.87196e+06 1.83817e+06 5.8199e+06 1.05777e+07 4.68831e+06 6.64471e+06 9.46701e+06 5.33144e+06 1.70805e+06 5.21935e+06 3.539e+06 3.19153e+06 3.79258e+06 8.40813e+06 3.59427e+06 6.93602e+06 2.88898e+06 
64865.4 90040.1 43634.1 22790.5 64621.7 33957.5 56581.9 97528.4 58230.8 89068.3 54688.1 83724.8 99922 63226.8 48784.7 82296.9 57255.8 64142.7 61090.2 62627.8 128666 74587.1 59953.6 36994.2 81468.3 72287.9 103968 79938.3 40200 39025.3 55654.7 77252.2 101584 81846.5 60547.1 59813.6 85251.8 55849.9 47884.5 62645.7 107590 90162.7 41301.6 87589.7 87948.4 54019.4 52300.3 57595.4 83833.7 47061.8 100398 
434.336 310.429 408.304 343.777 358.729 360.752 318.881 352.137 306.605 345.217 391.46 311.444 338.129 442.589 403.177 314.024 316.557 378.859 323.686 318.818 348.639 316.591 376.596 305.183 393.581 402.804 372.221 385.775 337.315 426.294 380.51 343.388 430.905 319.696 420.465 380.843 368.62 294.759 298.911 319.4 406.396 340.848 400.829 405.268 280.272 356.237 403.898 368.67 349.424 314.582 359.424 
53.9804 56.3854 58.2218 43.4227 63.6413 62.5657 49.9521 55.6048 59.3098 57.9163 63.0231 64.3044 49.7474 52.3392 57.5803 55.6524 64.0625 61.8835 52.9181 56.3897 53.5184 59.7164 60.1555 59.9147 54.8723 58.7324 59.0993 61.5881 55.2954 59.7875 55.0626 54.5864 54.3815 54.3589 60.7762 63.861 52.1538 59.0333 57.9757 57.8679 61.432 64.0472 51.7492 56.2993 60.475 63.9819 63.9903 63.9533 59.1055 54.8527 51.3934 
40.281 37.5472 43.4354 39.7528 44.9722 30.9895 35.3041 31.7459 34.7754 34.9835 29.0207 45.5953 36.9201 37.7251 37.0474 38.4067 38.3245 35.2309 42.2954 41.1524 35.9535 46.2861 41.7559 42.6968 39.8594 40.5068 43.5421 38.3344 39.1869 31.5779 40.1171 40.9687 40.8133 33.3534 46.5064 42.439 34.9924 42.6657 38.225 38.2691 39.1603 38.1542 40.3625 41.6768 33.8709 39.61 44.3282 36.9095 32.9694 35.3854 36.9076 
25.2718 29.9916 25.0297 18.4709 26.938 25.9712 20.5314 23.1215 25.7814 23.9394 19.5547 26.3257 25.1184 23.2213 24.0659 21.663 24.4539 22.114 25.7775 20.4591 24.5453 27.923 22.7062 29.7584 20.6158 23.4707 26.2629 28.0167 22.3974 20.2863 24.7244 25.4072 26.4618 25.5806 24.8367 21.9541 20.8427 21.2144 18.7844 22.6647 25.9639 23.3426 21.9906 17.8713 20.032 22.6446 28.168 22.013 27.9946 21.8483 16.7895 
12.2543 16.0371 18.3148 13.1231 17.4116 11.4836 12.2151 11.4151 14.451 15.8477 13.6935 16.6055 15.101 12.0431 14.7831 13.9141 14.2593 11.4783 16.4128 16.4093 14.1471 16.874 16.4397 12.1409 17.4371 14.6184 11.0663 15.79 17.7132 15.3636 14.0339 18.6396 16.805 15.8226 15.8244 15.2706 16.0688 14.1975 12.1829 15.4257 12.6278 12.5154 18.6627 11.7526 13.9889 18.0838 15.4063 10.22 11.803 14.0229 12.3395 
5.36755 10.8552 10.9513 13.1231 12.7661 5.7078 11.2566 11.3623 8.53692 10.7666 10.9243 13.8259 11.212 6.73447 8.52419 13.8749 12.7429 3.91161 10.6167 13.0728 10.3893 13.6624 11.5607 11.1704 10.5248 10.7756 8.13358 10.9874 13.281 8.5539 13.3792 11.3665 12.939 14.2971 15.0225 10.3576 4.52349 11.54 5.3333 5.63047 8.45959 7.15843 14.2947 11.667 11.2094 15.2905 13.6085 3.85076 7.86438 10.0053 10.7142 
1.5432 4.83879 2.05887 5.22871 9.20718 1.96447 5.20472 5.65967 4.66313 3.83063 6.18181 6.30273 4.22525 2.04285 3.94071 5.08862 6.46558 0.886076 4.36315 9.98732 6.54423 6.50411 8.72644 3.07658 6.76398 5.91256 2.41843 8.48419 5.05838 2.20386 6.90119 4.46018 9.81371 6.44402 7.91965 4.70358 1.64504 5.18674 1.49977 3.11913 2.0451 2.51107 11.7972 5.48517 4.85955 10.8969 5.00312 1.1708 2.01706 4.15805 5.93384 
0.522818 1.51177 0.665193 1.04577 4.13228 1.36484 1.91405 2.27536 0.517475 0.767392 2.13196 2.17511 0.80849 0.483303 1.52744 1.05846 2.5104 0.355122 1.17882 4.70292 2.8373 2.10043 3.44238 0.783592 2.8211 2.18422 1.59225 5.48526 1.99113 0.503431 2.21593 0.871158 4.02404 3.36092 2.52556 1.77693 0.570628 1.01595 0.600858 0.742069 0.636868 0.657967 4.39605 0.887229 0.800435 6.21445 1.65118 0.481826 0.58347 0.916479 2.02805 
0.479095 0.631109 0.47572 0.779391 2.73703 1.35135 1.58128 1.71306 0.351475 0.535363 1.60277 1.61187 0.442028 0.422028 1.48335 0.478831 1.81615 0.324879 0.427714 2.01737 0.680443 1.45741 0.824175 0.561372 2.59882 1.49829 1.47691 1.71289 1.65046 0.449934 1.60221 0.510457 2.73662 2.07728 1.44817 1.44377 0.50219 0.710714 0.514323 0.346353 0.513614 0.538359 1.99388 0.433013 0.428183 1.67801 1.47304 0.411197 0.442293 0.605026 0.902976 
