2.50697e+10 3.83285e+10 3.62463e+10 3.63444e+10 3.95726e+10 3.80893e+10 3.55354e+10 4.05466e+10 4.44858e+10 3.90776e+10 2.3819e+10 3.50445e+10 4.01447e+10 3.28906e+10 2.19122e+10 2.92301e+10 3.72496e+10 4.05013e+10 2.83289e+10 3.58121e+10 3.96215e+10 3.05022e+10 3.14097e+10 3.21922e+10 3.09911e+10 3.11558e+10 4.24197e+10 2.53095e+10 3.29126e+10 3.06915e+10 3.19008e+10 3.00959e+10 2.8651e+10 3.15467e+10 4.24331e+10 3.91153e+10 3.10118e+10 3.70892e+10 3.69153e+10 3.70618e+10 3.59292e+10 3.5897e+10 2.50476e+10 1.92481e+10 3.82665e+10 3.21353e+10 3.53127e+10 1.97487e+10 3.63123e+10 4.49313e+10 3.25061e+10 
1.44664e+10 1.0233e+10 1.35001e+10 1.07423e+10 1.26874e+10 1.30764e+10 1.28358e+10 1.53699e+10 1.14863e+10 1.49109e+10 1.16706e+10 1.1415e+10 1.04513e+10 1.60005e+10 1.03504e+10 1.21492e+10 1.5538e+10 1.64216e+10 1.4944e+10 1.15277e+10 1.47646e+10 1.44787e+10 1.41007e+10 1.3324e+10 1.51832e+10 1.04013e+10 1.32776e+10 1.72845e+10 1.45005e+10 1.50008e+10 1.41521e+10 1.36431e+10 1.0525e+10 1.39206e+10 1.39903e+10 1.21311e+10 1.20362e+10 1.48371e+10 1.53895e+10 9.32854e+09 1.12343e+10 1.30637e+10 1.45508e+10 1.51933e+10 1.28198e+10 1.18206e+10 1.45328e+10 1.22016e+10 1.10381e+10 1.16502e+10 1.19176e+10 
5.37835e+09 7.69334e+09 6.61449e+09 4.00176e+09 6.41875e+09 6.23554e+09 5.52215e+09 7.84605e+09 6.65146e+09 7.39071e+09 6.78671e+09 6.7014e+09 4.19571e+09 6.39219e+09 5.42009e+09 6.68128e+09 5.18795e+09 6.89336e+09 6.01761e+09 6.23437e+09 7.50051e+09 6.95334e+09 7.95894e+09 5.19092e+09 7.03888e+09 4.84058e+09 5.67986e+09 7.8582e+09 8.0566e+09 6.10224e+09 6.19357e+09 5.13978e+09 7.03398e+09 5.85573e+09 4.9765e+09 7.15189e+09 4.76805e+09 7.35821e+09 6.20957e+09 7.2621e+09 6.00492e+09 7.99636e+09 6.09799e+09 6.15723e+09 6.81908e+09 7.52532e+09 6.83437e+09 5.4873e+09 7.27992e+09 6.43097e+09 6.6639e+09 
2.63393e+09 1.82022e+09 2.06544e+09 2.12192e+09 2.12185e+09 2.51559e+09 2.72296e+09 2.38021e+09 2.2874e+09 2.44222e+09 2.06771e+09 2.40328e+09 2.19634e+09 2.43077e+09 1.65666e+09 2.36351e+09 1.84085e+09 3.03243e+09 2.28506e+09 2.27378e+09 2.69267e+09 2.35633e+09 2.15447e+09 2.22897e+09 2.68185e+09 2.29043e+09 2.09811e+09 2.43613e+09 1.94801e+09 2.58437e+09 2.54493e+09 2.22082e+09 1.62733e+09 1.94816e+09 2.15747e+09 1.9059e+09 1.68079e+09 2.29817e+09 2.25197e+09 2.05403e+09 2.58232e+09 2.43643e+09 2.09711e+09 2.25451e+09 2.45786e+09 2.00553e+09 2.4516e+09 2.14284e+09 2.02608e+09 2.17219e+09 1.79638e+09 
1.77303e+08 1.97053e+08 1.91384e+08 2.09156e+08 2.2797e+08 2.09086e+08 2.26079e+08 1.86892e+08 2.21769e+08 2.1423e+08 1.8275e+08 2.36775e+08 2.03831e+08 2.06852e+08 1.97758e+08 1.71925e+08 1.72784e+08 2.40661e+08 1.99687e+08 1.8139e+08 2.01021e+08 2.05212e+08 2.03902e+08 2.21261e+08 2.14986e+08 2.21575e+08 2.47638e+08 1.85949e+08 1.33768e+08 1.94439e+08 2.23239e+08 2.19554e+08 1.99858e+08 2.11031e+08 2.14574e+08 1.78281e+08 1.64192e+08 2.33082e+08 2.197e+08 1.84528e+08 1.91801e+08 2.26773e+08 1.82144e+08 2.20244e+08 2.42591e+08 1.56681e+08 2.11837e+08 1.99329e+08 1.99672e+08 2.20623e+08 1.67792e+08 
2.16442e+06 2.53114e+06 1.90983e+06 1.94775e+06 2.6693e+06 2.62157e+06 3.22964e+06 2.69499e+06 2.30352e+06 2.58281e+06 2.12815e+06 1.90225e+06 2.41066e+06 2.24718e+06 2.11335e+06 2.59135e+06 2.0622e+06 2.85204e+06 2.9723e+06 2.27272e+06 2.88578e+06 1.91241e+06 2.95615e+06 3.13074e+06 1.86686e+06 2.58647e+06 2.08514e+06 2.6238e+06 1.74578e+06 2.67182e+06 2.68646e+06 2.42721e+06 2.31745e+06 2.77485e+06 2.94062e+06 2.77927e+06 2.85489e+06 2.86838e+06 2.4842e+06 2.34619e+06 2.84809e+06 2.85044e+06 2.16549e+06 2.84796e+06 2.6595e+06 2.50229e+06 2.93514e+06 1.36499e+06 2.86256e+06 2.68163e+06 2.88925e+06 
21874.6 23537.6 27657 22445 17715.4 29541.5 48183.2 31317.1 18663.3 21375.9 30653.9 27495.4 24725.4 43663.8 35393.3 22313.5 21845 49678 31572.4 24886 31146.5 31754.8 30780.2 39921.5 19623.1 23947.5 27925.7 28986.8 19398 33973 32481.4 34454.1 33413.9 20458 50982.5 28926.2 50370.8 34510.6 25842.9 33819.6 25934.2 27551.9 31906.5 18908.7 27775.5 30491.6 40281.5 20132.5 48511.3 46418.7 29401.1 
3842.81 2927.26 3130.85 2547.37 2628.34 2389.88 4070.52 3564.34 2443.75 3390.84 4467.3 3736.97 2652.2 4801.51 3108.86 2427.26 2787.76 4558.17 4357.35 5225.1 3748.56 3207.99 3772.01 3599.9 2561.84 3897.54 3072.75 3250.55 2987.66 4675.53 3450.04 3685.37 2620.9 3404.65 5379.7 4755.29 4172.51 4897.23 3778.01 6392.44 4836.81 4088.34 2708.28 3933.74 3601.83 2720.84 3780.39 3066.17 4415.02 4702.77 3013.28 
2009.86 1972.52 1260.22 1050.41 1428.88 1452.39 1712.2 1506.98 1915.13 1254.8 2615.7 825.203 2043.67 1937.07 1321.65 1400.66 1901.52 2254.13 929.609 2126.24 2086.29 1313.61 1987.45 1141.3 2035.65 2232.58 1911.51 1602.18 1825.5 3151.13 1492.51 2204.6 1239.07 2658.04 1050.86 2251.4 2048.82 1908.69 1384.61 2063.26 2119.66 1648.51 1236.39 2457 1315.42 913.048 2449.86 2192.71 2204.01 1216.8 1068.99 
1924.36 1961.39 1240.69 996.226 1402.14 1447.78 1569.77 1473.05 1906.75 1196.52 2519.35 788.66 2039.68 1838.11 1216.91 1392.26 1882.36 2163.88 776.737 1844.32 2065.46 1281.8 1952.93 1097.63 2029.03 2183.45 1887.76 1591.99 1807.58 3071.58 1405.21 2150.87 1212.68 2634.14 956.512 2215.98 1990.9 1626.6 1319.14 1667.43 2056.43 1571.02 1179.31 2441.72 1262.67 900.617 2408.21 2179.75 2190.21 956.415 1024.58 
1908.37 1961.28 1240.51 995.178 1400.34 1447.73 1563.63 1472.79 1906.65 1192.59 2506.69 787.842 2039.56 1836.58 1213.21 1391.82 1882.08 2162.02 758.613 1837.33 2065.2 1280.17 1952.3 1097.28 2028.96 2179.55 1885.76 1591.88 1807.06 3064.84 1402.73 2149.86 1211.4 2633.07 951.829 2215.14 1988.16 1613.07 1316.9 1655.08 2055.35 1569.34 1178.27 2441.04 1261.54 900.472 2407.13 2179.4 2190 952.936 1017.97 
1898.14 1961.27 1240.51 995.151 1400.18 1447.73 1563.36 1472.79 1906.64 1192.06 2502.88 787.802 2039.56 1836.56 1213 1391.8 1882.07 2161.72 755.012 1836.96 2065.2 1279.86 1952.28 1097.27 2028.96 2178.75 1885.21 1591.87 1807.04 3063.59 1402.63 2149.71 1211.28 2632.85 951.645 2215.13 1987.97 1612.8 1316.71 1653.48 2055.33 1568.97 1178.24 2441.02 1261.47 900.469 2407.11 2179.27 2189.99 952.523 1016.14 
1895.93 1961.27 1240.51 995.15 1400.14 1447.73 1563.34 1472.79 1906.64 1191.98 2502.18 787.799 2039.56 1836.56 1212.99 1391.8 1882.07 2161.69 753.018 1836.94 2065.2 1279.62 1952.28 1097.27 2028.96 2178.61 1885.17 1591.87 1807.04 3063.47 1402.63 2149.65 1211.27 2632.74 951.64 2215.12 1987.94 1612.75 1316.69 1653.35 2055.33 1568.89 1178.23 2441.02 1261.47 900.469 2407.11 2179.25 2189.99 952.446 1015.46 
1895.04 1961.27 1240.51 995.15 1400.13 1447.73 1563.33 1472.79 1906.64 1191.97 2500.96 787.798 2039.56 1836.56 1212.98 1391.8 1882.07 2161.69 751.933 1836.93 2065.2 1279.57 1952.28 1097.27 2028.96 2178.51 1885.17 1591.87 1807.04 3063.39 1402.63 2149.64 1211.27 2632.64 951.638 2215.12 1987.92 1612.72 1316.69 1653.33 2055.33 1568.88 1178.23 2441.02 1261.46 900.469 2407.11 2179.24 2189.99 952.413 1014.89 
