1657.15 1545.58 1724.36 1706.94 1691.65 1534.68 1612.86 1582.92 1626.47 1642.03 1648.17 1715.19 1673.87 1593.4 1650 1552.92 1534.44 1516.03 1637.41 1850.07 1649.85 1598.55 1398.62 1750.41 1808.82 1649.37 1567.15 1664.58 1599.85 1488.2 1701.56 1673.43 1517.7 1644.84 1631.14 1705.45 1647.63 1667.31 1692.51 1634.52 1672.3 1628.27 1734.04 1600.17 1485.79 1678.3 1638.45 1727.85 1644.93 1581.38 1713.29 
1347.03 1146.84 1308.45 1231.5 1244.05 1268.37 1305.18 1244.43 1217.96 1238.75 1275.88 1234.59 1266.26 1207.1 1303.6 1287.48 1240.52 1274.01 1165.1 1269.68 1263.83 1231.81 1229.96 1273.5 1311.97 1190.51 1208.13 1299.08 1284.79 1275.46 1178.16 1330.4 1242.63 1243.7 1300.54 1224.05 1242.82 1272.01 1267.86 1320.98 1215.06 1269.09 1234.52 1225.26 1331.99 1333.01 1311.67 1215.4 1118.61 1212.05 1250.28 
1119.5 1076.37 1068.9 1096.9 1108.96 1102.37 1013.84 1101.9 1011.81 1095.87 1099.32 1084.13 1085.05 1094.3 1079.15 1075.94 1080.45 1057.82 1092.53 1094.31 1083.17 1007.88 1035.8 1124.96 1071.47 1014.84 1064.2 1087.61 1066.88 1131.91 1085.25 1126.01 1074.53 1087.24 1036.4 1098.05 1084.01 1109.31 1035.79 1114.29 1108.77 1094.06 1079.09 1024.81 1101.46 1113.31 1076.41 1100.73 1083.06 1110.87 1090.78 
984.924 943.836 961.315 947.983 971.503 949.953 920.687 908.7 923.953 923.741 963.94 907.226 961.967 936.909 893.104 955.28 939.764 964.861 979.753 912.275 957.903 931.364 977.481 979.425 959.295 964.254 906.082 947.086 954.409 958.982 939.277 979.078 974.76 942.391 953.804 953.541 941.219 951.559 921.239 950.496 961.518 951.106 958.078 958.663 974.454 967.408 970.87 935.887 954.495 948.973 964.94 
854.678 843.605 863.626 857.443 869.855 878.566 887.715 859.476 852.13 856.815 854.969 848.034 863.557 870.269 882.455 873.051 872.631 856.244 870.072 891.559 868.59 871.636 861.523 877.612 861.851 840.162 858.349 864.249 891.769 867.963 829.37 837.969 868.544 873.569 809.584 860.626 861.074 842.485 880.913 883.252 864.442 848.847 866.619 854.998 875.087 860.063 864.122 870.7 874.522 878.309 879.613 
841.599 817.126 801.175 819.97 819.921 810.371 818.055 812.096 807.566 813.209 815.467 805.87 820.195 813.638 835.707 782.85 803.294 833.85 773.783 813.864 818.566 795.821 818.626 805.718 816.372 789.363 769.467 815.008 837.417 824.507 825.71 777.396 813.238 842.642 809.584 815.468 817.101 812.691 801.211 825.786 816.341 799.177 814.993 818.383 815.628 837.091 794.609 800.283 788.974 825.821 828.253 
757.459 784.546 782.625 765.766 776.928 760.472 759.009 775.317 783.511 781.798 752.948 793.537 741.727 771.805 786.029 782.85 782.045 783.826 772.989 770.459 778.846 771.506 790.964 785.614 743.137 781.851 760.799 795.838 775.775 783.739 788.778 771.212 784.829 765.397 756.514 779.938 770.856 771.432 762.275 708.307 769.919 783.35 794.288 788.048 767.47 800.578 784.04 775.512 737.913 773.148 785 
735.866 695.571 739.552 719.693 681.815 723.072 745.815 745.969 704.264 702.323 714.415 731.762 700.623 746.3 730.521 718.858 737.4 732.52 738.072 710.19 706.273 734.971 727.876 706.885 731.791 739.338 726.876 734.893 742.808 717.525 723.717 675.497 716.17 748.917 729.542 699.894 687.021 693.57 697.942 695.692 741.837 752.735 703.365 727.168 719.618 753.904 737.997 694.965 729.084 716.926 724.768 
712.966 676.793 658.768 709.049 659.148 695.505 708.264 689.951 660.651 680.678 711.009 697.409 686.798 697.911 703.649 697.793 645.707 702.128 706.63 702.717 657.679 715.337 700.761 676.445 703.197 677.196 683.562 688.486 701.951 678.528 669.235 662.969 699.272 712.715 700.211 691.651 670.548 680.725 682.506 691.231 694.347 702.623 679.4 712.245 654.731 712.769 711.395 687.819 686.945 691.47 678.372 
680.023 659.73 636.824 652.07 640.46 668.657 656.937 663.489 644.187 671.139 672.191 659.408 663.823 676.243 674.255 667.876 635.233 659.832 662.607 661.283 625.859 678.614 655.371 666.26 630.758 653.451 654.576 662.93 650.869 644.134 654.768 653.632 674.258 670.51 643.038 679.647 643.958 651.088 631.907 673.356 650.134 672.003 638.837 679.343 644.195 669.259 675.465 645.143 672.909 645.028 669.044 
640.093 612.327 593.564 593.867 612.599 632.823 647.475 589.999 625.438 632.587 611.512 601.199 636.389 586.562 634.017 627.27 619.656 607.869 632.877 625.142 593.738 612.189 615.367 621.131 611.327 609.497 607.203 606.046 602.612 609.265 604.166 631.664 638.188 607.979 591.028 604.83 603.454 585.53 608.733 629.242 601.084 613.935 615.514 626.037 565.8 632.98 641.585 610.541 617.495 612.344 609.736 
540.079 515.62 529.682 514.45 532.789 526.909 546.93 520.612 526.084 547.089 528.333 528.716 537.37 538.357 522.885 536.253 543.73 519.49 554.566 525.139 527.106 528.106 549.411 541.643 528.568 520.456 517.741 525.259 527.831 520.683 513.33 565.382 557.019 524.14 531.44 535.639 541.486 520.695 516.692 532.583 522.185 540.387 535.091 492.679 506.051 538.33 537.966 531.071 534.539 535.02 529.443 
484.762 483.303 483.43 468.759 476.989 473.839 485.163 471.456 481.471 467.065 475.947 475.523 484.826 477.18 467.48 488.748 469.724 470.166 480.088 470.44 475.966 478.926 482.359 477.637 475.341 474.79 468.467 470.564 483.223 469.538 468.487 488.538 477.757 469.304 474.351 480.716 484.442 466.158 462.124 472.459 451.567 467.592 484.896 467.715 458.559 482.952 475.287 467.55 469.016 476.546 471.278 
440.024 430.466 425.177 428.892 436.061 428.473 432.464 433.959 418.589 424.682 430.032 432.52 439.098 434.403 429.754 429.355 428.48 422.664 429.885 428.472 410.108 429.691 439.671 418.131 428.836 431.571 428.872 434.815 436.33 430.585 436.342 427.923 424.472 424.9 438.888 440.293 433.417 429.539 427.363 437.4 425.934 418.413 435.799 436.481 431.291 438.342 426.748 422.619 426.672 429.185 430.189 
