1.07124e+11 1.06246e+11 1.03021e+11 1.10625e+11 1.15197e+11 1.02938e+11 1.06287e+11 9.38272e+10 1.06928e+11 1.08119e+11 8.80586e+10 1.00306e+11 1.01005e+11 1.09237e+11 8.45556e+10 1.00912e+11 9.94376e+10 9.99809e+10 1.09327e+11 1.05127e+11 1.03818e+11 9.49886e+10 1.03102e+11 8.77014e+10 1.06665e+11 1.12988e+11 9.95707e+10 9.22737e+10 1.08069e+11 7.92379e+10 9.64264e+10 9.79498e+10 9.99892e+10 1.02803e+11 9.211e+10 1.00044e+11 9.92061e+10 9.78435e+10 1.07822e+11 1.03732e+11 9.28584e+10 9.72366e+10 1.01819e+11 8.2288e+10 1.03689e+11 9.39984e+10 7.59589e+10 1.03138e+11 1.04504e+11 1.13314e+11 9.8819e+10 
5.21621e+10 5.57796e+10 4.99754e+10 4.71375e+10 6.16376e+10 6.00864e+10 5.53595e+10 5.55217e+10 5.75562e+10 4.24336e+10 5.03438e+10 5.01078e+10 4.93521e+10 4.99066e+10 5.04797e+10 5.2911e+10 5.31612e+10 4.23873e+10 5.76716e+10 5.53426e+10 5.48236e+10 4.75514e+10 5.81624e+10 5.3453e+10 5.31488e+10 5.53323e+10 4.73255e+10 5.26893e+10 5.68686e+10 4.48368e+10 5.09296e+10 5.07275e+10 5.4935e+10 5.9194e+10 5.1686e+10 6.09083e+10 5.61627e+10 5.57458e+10 6.12811e+10 5.52443e+10 4.45119e+10 3.71345e+10 4.88649e+10 5.05751e+10 5.11831e+10 5.77313e+10 4.91103e+10 5.82272e+10 4.3749e+10 5.40611e+10 5.36953e+10 
3.14913e+10 2.57666e+10 2.8211e+10 3.33332e+10 3.34827e+10 3.19682e+10 3.46838e+10 3.16211e+10 3.13365e+10 2.97458e+10 2.51892e+10 3.11482e+10 3.44274e+10 2.93146e+10 3.22488e+10 2.97633e+10 2.99362e+10 3.18745e+10 3.26277e+10 3.08666e+10 3.1849e+10 3.14515e+10 3.16347e+10 2.74834e+10 3.18191e+10 2.79633e+10 2.9642e+10 2.83335e+10 2.90378e+10 2.79208e+10 3.08085e+10 2.52044e+10 2.56225e+10 2.63279e+10 3.29414e+10 3.28659e+10 3.36301e+10 2.99083e+10 2.72675e+10 2.70414e+10 2.79961e+10 2.95178e+10 2.85426e+10 3.16342e+10 2.83896e+10 3.04534e+10 2.934e+10 3.35641e+10 2.42828e+10 3.21695e+10 2.65276e+10 
1.09572e+10 1.14958e+10 1.19687e+10 1.14517e+10 1.23615e+10 1.27107e+10 1.27657e+10 1.01306e+10 1.0296e+10 1.15575e+10 9.35097e+09 9.73387e+09 1.18189e+10 9.42193e+09 1.1728e+10 1.18349e+10 1.06283e+10 1.02235e+10 8.45049e+09 8.37528e+09 1.04705e+10 1.06462e+10 1.18277e+10 1.02583e+10 1.09864e+10 1.11614e+10 1.05494e+10 1.16704e+10 7.5054e+09 1.1113e+10 1.12287e+10 1.09759e+10 9.4756e+09 1.24335e+10 1.14486e+10 1.18527e+10 1.17888e+10 1.16253e+10 1.25297e+10 8.88182e+09 1.07561e+10 9.82099e+09 1.05945e+10 1.12463e+10 9.12389e+09 1.04923e+10 9.89695e+09 1.14207e+10 1.04574e+10 9.97175e+09 9.93746e+09 
8.00049e+08 6.89287e+08 7.25951e+08 7.90004e+08 8.99819e+08 8.48696e+08 6.78048e+08 6.81712e+08 7.99579e+08 8.17182e+08 6.83243e+08 6.87508e+08 6.57253e+08 6.22627e+08 7.60695e+08 8.98413e+08 6.95477e+08 6.48166e+08 7.66894e+08 7.02697e+08 8.58149e+08 8.42572e+08 9.24025e+08 7.21959e+08 8.84439e+08 7.21582e+08 7.48048e+08 7.56046e+08 4.7706e+08 7.89656e+08 7.84872e+08 7.32588e+08 7.57551e+08 6.858e+08 7.60462e+08 6.80421e+08 8.01249e+08 7.61721e+08 8.87789e+08 7.53438e+08 8.33259e+08 9.11874e+08 8.19772e+08 7.48347e+08 7.58693e+08 7.18184e+08 7.27252e+08 8.6542e+08 5.82588e+08 7.52274e+08 8.2273e+08 
2.41305e+06 2.94346e+06 2.19684e+06 2.64873e+06 2.6523e+06 2.39566e+06 1.83354e+06 2.17605e+06 2.48049e+06 2.19328e+06 1.90153e+06 1.66228e+06 2.30667e+06 1.89755e+06 2.06949e+06 2.41256e+06 1.92625e+06 2.27522e+06 2.6434e+06 1.58575e+06 1.83493e+06 2.17973e+06 2.60149e+06 1.91822e+06 2.32338e+06 2.19278e+06 2.22474e+06 1.93371e+06 1.72376e+06 2.2937e+06 1.38927e+06 1.53506e+06 2.24647e+06 2.26248e+06 1.49423e+06 1.76595e+06 2.47602e+06 1.89122e+06 2.87431e+06 1.82393e+06 2.66069e+06 2.41461e+06 1.82033e+06 2.49106e+06 2.3808e+06 2.18425e+06 2.03555e+06 2.58814e+06 2.48935e+06 2.6983e+06 2.09158e+06 
3466.85 6150.82 2563.92 5057.25 2374 1732.02 7961.91 1357.86 3095.99 6418.26 1560.39 1706.74 1775.66 1817.27 3920.94 4731.38 5527.86 11177.2 3706.03 5243.3 2258.75 8260.61 4028.41 2490.57 7319.24 1743.27 2531.51 4693.98 1812.75 4504.56 1838.06 3456.86 1855.8 4011.81 1709.04 2083.2 6810.9 5547.04 2020.16 5182.28 6306.75 5125.38 7397.63 2592.55 7281.23 2032.08 4813.96 2108.36 5136.58 1600.28 8680.3 
923.521 2650.01 741.467 1554.22 431.119 284.971 2106.36 52.3901 898.94 1748.17 144.461 309.516 150.599 403.4 2240.85 2048.9 2585.18 2727.67 912.764 1829.19 333.147 2240.22 1246.47 382.951 3000.94 48.8277 490.549 1816.83 614.511 1217.79 6.95584 656.307 265.66 740.527 410.1 483.137 4484.2 3516.34 717.825 2410.76 2270.1 1319.8 3452.06 1146.72 3303.13 183.111 1439.27 206.986 1680.23 68.8216 1554.96 
0.123283 0.272039 0.210702 0.290271 0.0576232 0.321336 0.184208 0.174594 0.204765 0.212024 0.0404836 0.0457176 0.0383942 0.32547 0.441933 0.678637 0.833507 0.11691 0.0833956 0.145847 0.0747191 0.181714 0.213475 0.0742775 0.458205 0.0117061 0.0314305 0.182605 0.11854 0.0900755 0.0207671 0.0462707 0.0808855 0.0624441 0.212511 0.119883 1.35091 1.53613 0.195423 0.164112 0.188679 0.193504 0.4738 0.519069 0.29919 0.0276526 0.270077 0.112702 0.124219 0.12428 0.0841645 
1.4087e-06 7.3406e-06 5.77206e-06 6.65532e-06 2.45106e-06 7.57985e-06 1.11322e-05 8.54299e-06 4.73548e-06 2.66409e-06 1.28752e-06 1.95001e-06 1.69806e-06 6.33378e-06 1.00142e-05 4.23403e-05 2.6777e-05 2.61391e-06 1.56757e-06 3.68969e-06 3.46383e-06 6.2631e-06 8.55537e-06 3.04901e-06 1.04809e-05 2.67745e-07 1.24742e-06 4.09598e-06 3.66345e-06 1.62184e-06 2.66278e-07 6.88754e-07 2.14446e-06 7.58856e-07 2.05396e-06 2.33626e-06 2.74171e-05 4.61557e-05 3.18347e-06 6.86542e-06 9.77432e-06 1.59593e-05 1.90353e-05 1.09184e-05 6.06648e-06 9.56177e-07 5.82945e-06 2.89962e-06 1.90755e-06 2.07343e-06 4.4101e-06 
0 0 0 0 0 0 0 0 0 0 0 0 0 0 0 0 0 0 0 0 0 0 0 0 0 0 0 0 0 0 0 0 0 0 0 0 0 0 0 0 0 0 0 0 0 0 0 0 0 0 0 
0 0 0 0 0 0 0 0 0 0 0 0 0 0 0 0 0 0 0 0 0 0 0 0 0 0 0 0 0 0 0 0 0 0 0 0 0 0 0 0 0 0 0 0 0 0 0 0 0 0 0 
0 0 0 0 0 0 0 0 0 0 0 0 0 0 0 0 0 0 0 0 0 0 0 0 0 0 0 0 0 0 0 0 0 0 0 0 0 0 0 0 0 0 0 0 0 0 0 0 0 0 0 
0 0 0 0 0 0 0 0 0 0 0 0 0 0 0 0 0 0 0 0 0 0 0 0 0 0 0 0 0 0 0 0 0 0 0 0 0 0 0 0 0 0 0 0 0 0 0 0 0 0 0 
