7916.53 10927.7 6938.51 9532.33 8051.98 12229.6 11081.4 8993.02 12186.5 8918.45 8555.11 12365.8 7060.53 8827.23 11737.5 12513.5 11121.5 12284.4 9090.81 9244.05 10905.4 12316.9 9461.84 14504.5 10884.3 11352.9 11862.7 9439.19 13302.7 11770.8 8692.47 11061 6696.94 9589.89 12221.2 8894.73 10222.4 8179.13 11118.5 10889.4 10868.7 10250.1 12390.8 9879.28 10279 11713 9036.05 7950.26 9982.45 7654.08 8997.57 
5823.32 6150.34 5298.72 5269.59 5915.1 5828.84 5824.47 6250.62 5536.67 5264.06 5369.83 5461.25 6159.24 5429.72 5433.18 5485.32 5503.24 6754.09 6281.32 7051.49 5870.85 6014.08 5847.65 6601.46 5828.42 5721.17 5273.64 5689.92 6159.18 6760.32 5256.8 6179.5 5708.47 5575.81 5726.42 4736.13 5428.84 6114.62 5328.16 5779.38 5295.19 5736.69 6050.55 5516.94 6298.15 5959.47 5192.61 6665.45 6199.83 5745.78 5894.75 
4421.72 4823.7 3986.92 4564.66 5128.1 4313.67 3992.12 4316.42 3744.99 4314 4749.06 4372.58 3868.99 4478.6 4515.02 4187.62 4438.78 4276.84 4587.76 4614.57 4659.32 4798.66 4207.21 3384.44 4816.14 4857.75 4673 4730.71 4178.57 4269.92 4867.64 4138.59 4801.61 4380.84 4591.22 4174.69 4701.38 4362.92 4653.8 5110.02 4523.71 5288.31 4812.1 4920.95 4368.86 4537.91 4527.86 4285.16 4614.44 4594.91 4488.87 
3579.89 3348.55 3147.46 3168.31 2709.57 3108.79 3101.55 3257.93 3328.51 3267.55 3440.3 3152 2966.03 3011.32 3407.67 3221.88 3396.23 2957.75 3365.31 3013.15 2972.52 3345.13 3197 3384.44 3167.48 2985.48 3402.53 3393.51 3071.72 3680.14 3092.11 3096.27 2956.15 3267.89 3470.04 3409.26 3048.21 2908.16 3590 3559.91 3269.31 3457.92 3228.01 3091.59 3072.51 3306.52 3216.46 3308.84 2781.48 3456.92 3057.1 
2718.81 2843.07 2418.17 2522.31 2349.81 2438.77 2581.06 2709.58 2673.27 2698.89 2127.34 2489.61 2500.31 2582.85 2500.79 2283.51 2572.23 2152.23 2819.66 2627.08 2191.05 2603.7 2497.5 2563.96 2294.05 2626.79 2337.85 2727.56 2526.14 2754.5 2575.28 2628.97 2454.25 2282.14 2683.45 2435.87 2715.8 2220.35 2744.41 2398.69 2353.38 1950.43 2707.04 2741.87 2514.71 2284.45 2387.07 2484.35 2537.99 2192.36 2231.99 
1987.74 2059.57 1919.63 1885.76 2300.18 1884.38 2271.47 1917.29 2051.18 2038.18 2103.98 1896.61 2168.22 2033.85 2281.57 1807.83 1959.96 2152.23 1888.4 1950 2191.05 2182.17 1759.3 1793.04 2208.53 2147 1773.68 2234.78 2206.44 2173.57 1900.19 2028.61 1829.41 2044.14 2197.78 1958.38 2175.4 1778.06 2346.33 2363.33 1714.12 1861.85 2291.87 2067.86 2097.97 1770.81 1963.05 2239.61 2388.77 1950.69 2090.7 
1445.86 1923.47 1740.92 1570.46 1774.37 1734.77 1792.1 1694.49 1733.1 1670.73 1983.19 1719.59 1808.34 1768.3 1906.59 1807.83 1788.27 1706.65 1500.49 1762.98 1670.97 1970.66 1759.3 1687.91 1832.11 1580.34 1773.68 2085.26 1746.61 1853.02 1724.35 1964.99 1652.51 1737.03 1904.1 1958.38 1913.58 1481.7 1989.58 2173.12 1714.12 1816.84 1675.8 1836.15 1977.65 1770.81 1616.02 1525.06 1924.44 1658.34 1849.43 
1247.5 1551.5 1040.71 1480.18 1353.53 1359.1 1690.7 1255.75 1311.83 1496.41 1325.98 1205.7 1321.23 1458.87 1477.49 1378.06 1356.03 1364.97 1435.19 1341.99 1366.35 1459.96 1493.52 1602.64 1553.84 1480.35 1505.94 1300.68 1303.52 1669.14 1443.59 1027.22 1431.7 1309.15 1159.47 1510.12 1428.2 1229.33 1516.43 1563.22 1090.61 1350.88 1135.96 1427.46 1413.56 1438.43 1450.13 1498.44 1624.02 1259.06 1281.34 
940.079 1160.6 1016.2 1132.92 1318.76 1197.51 1136.45 1143.55 1102.78 1102.93 1159.51 981.221 1018.92 1086.07 1232.72 1069.05 1035.87 1036.23 1176.67 1152.69 1021.39 1010.66 1225.94 1193.73 1105.7 1080.3 1234.23 1300.68 946.212 1276.26 1134.57 1022.24 999.207 1100.78 940.646 1146.83 1073.1 1114.3 1386.7 1329.96 1087.54 1166.6 1120.87 1097.37 1327.96 1369.07 943.411 1238.63 1188.68 1253.6 1007.8 
897.461 908.372 902.191 958.511 1027.74 929.645 1110.6 1023.49 906.487 873.744 1032.62 861.048 883.749 932.565 973 979.194 810.845 831.606 940.741 994.849 903.806 950.251 1026.87 975.774 975.214 910.017 931.232 1040.21 841.521 974.116 1087.47 942.684 958.516 901.498 845.523 1024.67 1013.58 922.183 1194.36 1223.01 932.898 711.389 830.49 998.172 1072.59 1082.33 888.655 995.61 872.196 1105.44 849.439 
742.69 750.788 725.422 790.055 840.823 865.127 847.207 811.493 796.63 785.873 805.28 765.807 786.162 765.19 877.952 810.823 725.495 709.828 811.091 779.551 768.295 896.977 869.362 881.364 880.523 776.904 877.767 857.901 757.077 708.409 887.284 767.57 800.783 778.45 719.439 798.157 841.338 719.946 948.35 944.429 841.417 700.771 794.532 762.271 962.565 888.832 782.416 930.936 744.481 806.874 747.775 
537.794 637.009 530.256 642.088 684.783 633.877 629.797 646.742 534.389 557.754 626.327 640.234 572.586 595.746 651.809 644.944 554.477 572.291 632.197 574.492 595.685 657.732 586.506 636.189 662.423 596.119 627.642 670.55 573.386 561.18 606.174 641.709 583.442 554.479 620.066 646.644 580.397 582.254 615.937 675.557 665.702 617.641 564.555 586.226 630.046 619.153 568.417 670.495 556.062 598.805 559.397 
486.01 491.839 433.681 486.652 482.903 496.242 493.417 502.343 475.605 458.635 468.785 486.109 484.533 483.153 484.814 490.254 434.554 483.629 481.956 484.427 498.468 488.006 486.203 501.432 491.723 460.921 494.792 492.663 482.114 448.919 457.686 431.338 454.888 486.562 479.647 464.951 468.635 451.825 522.664 517.305 471.91 450.754 475.787 476.292 496.428 452.231 486.245 485.227 474.376 469.469 474.089 
381.479 379.328 354.644 369.723 356.33 362.37 348.383 373.496 360.307 344.188 348.721 377.235 376.225 363.856 359.337 362.301 358.566 364.919 369.929 377.4 355.005 376.314 355.594 364.328 377.489 345.871 371.517 363.449 382.161 363.088 332.12 363.628 369.246 348.619 365.341 353.589 376.779 357.177 368.729 358.426 362.03 349.961 328.711 377.215 356.486 331.685 367.143 382.903 385.756 366.188 364.416 
