897.275 804.911 730.429 578.646 835.827 670.871 935.739 716.607 846.779 939.642 850.024 913.477 1006.36 881.851 799.239 671.004 852.332 835.14 794.535 867.347 815.86 781.829 948.22 923.406 970.647 802.408 902.398 908.238 862.539 700.575 828.624 789.137 875.932 1004.55 927.605 839.402 897.649 982.421 854.866 887.385 882.384 857.901 951.929 902.098 834.711 593.542 871.644 860.232 756.662 816.786 823.02 
687.723 680.693 558.396 492.236 721.519 634.752 662.269 679.225 756.122 687.667 718.495 644.537 705.212 601.933 481.716 671.004 619.939 556.55 698.086 712.923 590.809 707.092 756.387 556.202 727.342 518.339 757.082 653.943 598.84 693.742 562.141 710.37 551.554 722.102 676.749 538.876 621.422 728.49 740.949 532.64 594.044 603.343 662.332 601.941 503.986 593.542 572.523 706.444 607.996 727.032 714.963 
549.975 566.049 496.611 492.236 642.305 572.367 642.714 514.604 627.759 655.302 653.892 644.011 591.429 543.392 481.716 495.74 485.354 509.534 545.815 639.401 590.809 637.385 539.852 556.202 607.337 502.849 647.55 562.314 516.757 473.694 495.499 478.685 520.943 645.381 576.602 529.42 576.193 652.492 515.332 497.863 484.631 500.211 510.276 529.335 503.986 579.715 463.614 536.257 523.985 529.181 511.417 
433.894 458.334 429.386 405.368 592.221 469.698 629.373 456.805 613.177 601.207 463.44 618.187 591.429 446.521 433.561 454.124 453.081 421.666 498.145 614.929 471.845 488.779 539.852 447.765 463.903 444.003 620.562 430.76 464.119 464.345 426.854 454.765 473.921 611.894 460.548 439.03 506.042 493.363 440.121 458.631 431.014 442.585 430.439 472.722 503.986 444.161 433.219 428.418 459.968 448.133 472.916 
377.437 371.342 325.205 371.572 460.513 378.154 585.062 371.363 584.305 586.703 380.451 561.459 584.657 356.5 341.773 361.469 371.021 381.916 381.882 612.017 394.147 383.411 535.121 371.183 377.803 365.976 612.104 356.722 359.052 376.329 320.522 377.413 361.969 611.894 346.641 358.482 372.227 388.866 377.391 373.881 366.114 347.922 349.392 375.232 390.376 372.284 376.115 359.104 370.382 372.989 392.682 
301.835 301.562 300.68 301.257 366.961 301.786 585.062 301.228 583.737 583.767 301.45 526.774 583.743 300.95 300.751 300.722 301.214 302.731 301.666 611.822 302.158 302.892 449.413 301.386 301.673 300.973 611.822 301.194 301.294 302.8 300.463 301.453 300.919 609.382 300.938 301.012 304.172 302.396 303.47 301.804 301.188 300.616 300.547 301.648 303.221 300.761 301.988 301.167 301.639 301.283 302.596 
300.01 300.011 300.006 300.008 300.373 300.015 585.062 300.01 583.734 583.736 300.007 432.368 583.734 300.005 300.004 300.006 300.007 300.022 300.008 611.822 300.014 300.014 415.918 300.011 300.01 300.006 611.822 300.007 300.01 300.013 300.004 300.01 300.007 609.382 300.007 300.008 300.027 300.018 300.026 300.009 300.005 300.005 300.005 300.009 300.021 300.008 300.01 300.009 300.011 300.004 300.02 
300 300 300 300 300.001 300 541.735 300 583.734 583.734 300 418.557 583.734 300 300 300 300 300 300 611.822 300 300 415.728 300 300 300 611.822 300 300 300 300 300 300 609.382 300 300 300 300 300 300 300 300 300 300 300 300 300 300 300 300 300 
300 300 300 300 300 300 496.513 300 583.734 583.734 300 418.549 583.734 300 300 300 300 300 300 611.822 300 300 415.728 300 300 300 611.822 300 300 300 300 300 300 609.382 300 300 300 300 300 300 300 300 300 300 300 300 300 300 300 300 300 
300 300 300 300 300 300 300.037 300 583.734 583.734 300 418.549 583.734 300 300 300 300 300 300 611.822 300 300 415.728 300 300 300 611.822 300 300 300 300 300 300 609.382 300 300 300 300 300 300 300 300 300 300 300 300 300 300 300 300 300 
300 300 300 300 300 300 300 300 583.734 583.734 300 418.549 583.734 300 300 300 300 300 300 611.822 300 300 415.728 300 300 300 611.822 300 300 300 300 300 300 583.745 300 300 300 300 300 300 300 300 300 300 300 300 300 300 300 300 300 
300 300 300 300 300 300 300 300 583.734 583.734 300 418.549 583.734 300 300 300 300 300 300 611.822 300 300 415.728 300 300 300 611.822 300 300 300 300 300 300 583.745 300 300 300 300 300 300 300 300 300 300 300 300 300 300 300 300 300 
300 300 300 300 300 300 300 300 583.734 583.734 300 418.549 583.734 300 300 300 300 300 300 611.822 300 300 415.728 300 300 300 611.822 300 300 300 300 300 300 583.745 300 300 300 300 300 300 300 300 300 300 300 300 300 300 300 300 300 
300 300 300 300 300 300 300 300 583.734 583.734 300 418.549 583.734 300 300 300 300 300 300 611.822 300 300 415.728 300 300 300 611.822 300 300 300 300 300 300 583.745 300 300 300 300 300 300 300 300 300 300 300 300 300 300 300 300 300 
