1071.42 1117.75 1649.69 1165.3 945.007 1191.99 1744.16 782.387 991.705 1725.07 793.085 815.77 777.848 1141.59 1241.81 1231.51 1087.8 1520.57 949.746 1044.63 929.269 1531.08 1106.29 859.902 921.395 1282.89 753.406 1262.44 1326.12 1064.68 1316.19 1083.36 990.092 974.676 1305.26 1247.48 1087.18 1539.86 1479.28 1182.81 819.095 1000.15 928.242 1238.64 852.597 1319.8 1455.13 1396.04 917.784 963.036 913.012 
577.826 634.726 708.462 577.963 688.384 746.591 825.215 723.02 625.462 1253.92 793.085 783.507 662.686 691.091 744.336 768.595 544.187 857.034 861.733 729.506 718.974 888.088 678.142 859.902 783.932 774.628 651.935 617.15 598.65 906.629 606.979 698.016 616.566 579.972 739.145 837.184 568.801 818.418 784.29 1002.84 674.278 579.558 574.805 782.188 637.295 792.076 849.182 638.735 803.998 647.63 797.65 
540.974 544.055 685.372 518.953 578.575 608.553 558.609 577.718 596.948 496.291 514.662 522.94 534.372 466.287 561.979 482.044 398.761 506.575 673.933 517.278 509.334 607.572 535.003 606.865 525.976 581.98 547.426 448.113 511.859 639.227 524.392 455.056 596.894 540.479 621.344 600.717 482.488 570.291 527.652 750.981 475.747 493.615 547.674 512.674 486.246 709.665 623.126 560.404 518.45 519.976 594.182 
443.692 401.932 439.964 411.98 386.651 409.499 441.283 403.725 431.385 408.309 408.573 432.916 404.572 428.677 411.356 410.022 398.761 435.591 457.322 444.19 417.968 431.713 420.656 429.279 433.843 424.571 414.817 382.457 417.247 454.009 435.654 413.154 391.117 394.329 461.029 426.342 401.646 444.587 429.48 448.809 386.838 397.305 405.775 415.747 404.126 462.329 457.807 437.68 442.645 407.549 422.002 
316.303 311.336 311.83 314.636 313.491 312.351 319.47 314.915 313.755 315.026 314.806 326.27 309.603 313.574 315.728 314.725 312.1 313.668 325.022 310.099 314.304 312.525 313.367 316.25 319.784 313.541 314.221 314.384 316.817 313.477 309.305 310.954 312.314 312.676 314.705 321.099 309.933 312.636 317.508 315.037 314.986 311.464 311.572 309.283 309.632 320.23 322.478 313.429 306.919 312.266 310.798 
300.252 300.186 300.23 300.184 300.148 300.181 300.255 300.179 300.248 300.262 300.231 300.239 300.178 300.222 300.289 300.212 300.161 300.206 300.426 300.195 300.159 300.226 300.228 300.253 300.235 300.162 300.173 300.189 300.232 300.251 300.193 300.201 300.216 300.173 300.312 300.295 300.119 300.358 300.304 300.264 300.217 300.198 300.161 300.187 300.18 300.26 300.261 300.19 300.157 300.164 300.244 
300.002 300.002 300.002 300.001 300.001 300.001 300.001 300.001 300.002 300.001 300.001 300.002 300.001 300.001 300.002 300.001 300.001 300.002 300.002 300.001 300.001 300.002 300.001 300.002 300.001 300.001 300.001 300.001 300.002 300.002 300.001 300.001 300.002 300.001 300.002 300.002 300.001 300.002 300.002 300.002 300.001 300.001 300.001 300.001 300.002 300.001 300.002 300.001 300.001 300.001 300.002 
300 300 300 300 300 300 300 300 300 300 300 300 300 300 300 300 300 300 300 300 300 300 300 300 300 300 300 300 300 300 300 300 300 300 300 300 300 300 300 300 300 300 300 300 300 300 300 300 300 300 300 
300 300 300 300 300 300 300 300 300 300 300 300 300 300 300 300 300 300 300 300 300 300 300 300 300 300 300 300 300 300 300 300 300 300 300 300 300 300 300 300 300 300 300 300 300 300 300 300 300 300 300 
300 300 300 300 300 300 300 300 300 300 300 300 300 300 300 300 300 300 300 300 300 300 300 300 300 300 300 300 300 300 300 300 300 300 300 300 300 300 300 300 300 300 300 300 300 300 300 300 300 300 300 
300 300 300 300 300 300 300 300 300 300 300 300 300 300 300 300 300 300 300 300 300 300 300 300 300 300 300 300 300 300 300 300 300 300 300 300 300 300 300 300 300 300 300 300 300 300 300 300 300 300 300 
300 300 300 300 300 300 300 300 300 300 300 300 300 300 300 300 300 300 300 300 300 300 300 300 300 300 300 300 300 300 300 300 300 300 300 300 300 300 300 300 300 300 300 300 300 300 300 300 300 300 300 
300 300 300 300 300 300 300 300 300 300 300 300 300 300 300 300 300 300 300 300 300 300 300 300 300 300 300 300 300 300 300 300 300 300 300 300 300 300 300 300 300 300 300 300 300 300 300 300 300 300 300 
300 300 300 300 300 300 300 300 300 300 300 300 300 300 300 300 300 300 300 300 300 300 300 300 300 300 300 300 300 300 300 300 300 300 300 300 300 300 300 300 300 300 300 300 300 300 300 300 300 300 300 
