4375.18 4257.69 4794.61 6790.08 4084.27 4964.86 6182.7 6201.45 4897.19 6290.11 5595.12 4274.05 7912.38 5020.8 4664.53 5706.61 4907.17 7345.72 5436.12 4217.13 4003.14 6395 4159.72 5124.97 4879 5496.58 5093.85 5468.27 4944.76 4820.28 5125.14 4587.32 5703.12 4888.36 4142.83 5434.86 4806.45 5883.59 5111.48 5686.38 5764.6 4499.9 4122.9 5428.42 4917.39 5147.53 6371.92 6288.74 5219.62 4796.31 3704.55 
3372.69 3854.83 3670.6 3805.97 3692.2 3920.63 3518.62 2795.8 3765.47 4131.4 3192.83 3334.2 3431.47 4135.94 3360.99 4062.48 3301.24 3826.76 3424.97 4147.38 3514.98 4025.4 3494.85 3593.72 3705.48 3921.32 3974.57 3769.86 3567.92 3398.16 3917.87 3538.75 3248.12 4000.47 3668.89 2747.36 3652.62 3874.2 3836.82 3533.26 3925.45 3276.01 3912.85 3905.49 3541.75 3942.49 3693.32 3690.5 3650.11 3817.97 3377.69 
3080.86 3270.81 2560.05 2858.46 2809.31 2996.63 3036.57 2795.8 2267.25 3206.89 2571.43 3013.18 3022.54 3417.48 3122.23 3303.05 3028.09 3182.35 2729.15 3257.9 3154.03 2868.18 3165.74 3260.74 3145.16 3199.49 3020.82 3045.96 2829.99 2651.12 3292.28 3265.56 3248.12 2736.55 3321.23 2747.36 2887.71 3069.17 2661.93 3263.85 3136.27 2945.45 2891.2 2461.09 3133.68 3014.66 3080.84 3130.14 2980.44 2834.88 3063.04 
2715.12 2392.48 2560.05 2478.89 2649.45 2941.95 2352.78 2650.94 2267.25 2709.94 2311.1 2057.73 2417.22 2270.9 2633.81 2575.01 2762.13 2609.6 2729.15 2766.62 2526.48 2721.97 2648.58 1870.51 2161.38 2479.6 2724.89 2384.55 2803.53 2038.02 2350.98 2609.12 2680.26 2618.96 2608.92 2229.25 2887.71 2634.39 2661.93 2821.59 2352.24 2861.64 2636.63 2461.09 2366.75 2677.22 2722.89 2701.53 2557.51 2596.83 2316.4 
2052.44 2349 2336.74 2097.13 1599.96 2210.64 2258.23 1971.58 2267.25 2392.96 1870.68 2057.73 2167.14 2249.93 2150.79 2343.7 2023.01 2261.9 2154.68 2114.65 2321.22 2409.89 2433.07 1870.51 2161.38 2230.4 2277.02 2384.55 2201.39 2038.02 2350.98 2390.08 2171.23 1849.67 2335.48 2226.82 2094.64 2310.72 2216.95 2274.64 2352.24 2272.21 2159.54 2093.25 2366.75 2290.53 2210.99 2492.56 1587.72 2288.12 2316.4 
1879.06 1974.13 2088.3 1995.12 1599.96 2018.91 1692.28 1971.58 1918.75 2121.44 1870.68 1962.55 2049.02 2022.09 1982.68 2055.51 2023.01 1999.51 2148.29 1949.84 2154.18 1760.82 2066.23 1870.51 2161.38 2045.16 2137.1 1988.77 2169.58 2038.02 2019.38 2045.9 2003.23 1760.85 1664.88 1716.82 1992.82 1735.28 1876.04 1679.58 2100.77 1841.8 1983.18 1864.47 1874 2199.17 1906.98 1923.57 1587.72 1989.94 2083.1 
1625.66 1866.84 1854.25 1871.13 1598.32 1831.84 1670.72 1971.58 1918.75 1954.42 1843.68 1962.55 1912.57 1775.05 1982.68 1900.34 1987.36 1750.08 1850.35 1783.75 2066.75 1760.82 1861.77 1870.51 1906.03 1825.85 2059.45 1818.88 1791.58 1913.83 1767.69 1932.99 1544.83 1760.85 1664.88 1716.82 1914.61 1655.34 1624.26 1679.58 1945.98 1841.8 1912.97 1833.96 1874 1600.57 1820.04 1881.57 1555.42 1852.77 1793.92 
1547.32 1630.07 1533.66 1864.11 1598.32 1464.92 1605.11 1807.86 1432.7 1842.56 1614.1 1670.38 1847 1762.85 1632.77 1613.63 1488.38 1498.08 1757.19 1609.95 1670.79 1733.82 1861.77 1669.93 1489.79 1606.68 1653.49 1727.12 1544.04 1444.28 1767.69 1485.63 1544.83 1525.34 1460.26 1716.82 1565.02 1535.39 1492.45 1620.22 1486.94 1664.07 1833.57 1649.26 1844.15 1600.57 1612.91 1704.21 1555.42 1223.06 1793.92 
1463.79 1243.65 1359.51 1317.5 1377.79 1212.92 1410.56 1398.84 1295.22 1310.28 1372.44 1129.76 1256.46 1463.72 1393.55 1103.74 1477.31 1322.39 1414.6 1375.6 1571.75 1444.45 1287.74 1264.48 1408.16 1424.91 1577.75 1291.2 1347.57 1429.5 1172.21 1131.8 1254.68 1298.61 1325.76 1334.03 1311.12 951.392 1198.35 1276.75 1419.64 1436.19 1050.83 1237.38 1448.68 1556.7 1232.69 1199.41 1292.63 1192.11 1254.8 
1316.07 1132.06 1041.31 1212.46 1189.83 1054.32 1032.98 1149.86 1052.43 1247.07 1103.96 987.654 1129.75 1269.72 1160.04 861.405 1249.4 1106.51 1201.58 1002.18 881.853 1300.92 890.7 1107.43 1408.16 1213.5 1076.93 1245.46 1013 1127.26 1066.24 818.623 1045.42 1093.33 1112.6 938.082 1182.44 916.016 1078.81 1216.29 1040.21 1099.64 763.396 1099.72 1154.32 1191.58 804.1 924.923 1243.63 871.125 1194.78 
1022.79 979.279 947.968 588.05 948.421 843.174 862.07 979.909 718.091 956.208 968.461 804.462 1063.45 1045.34 871.965 783.619 986.866 910.903 925.237 876.389 844.919 941.478 874.292 812.193 975.123 919.889 936.24 955.202 881.268 1020.61 940.212 683.819 796.25 801.873 1100.17 865.274 843.858 889.85 910.892 868.523 804.21 933.061 733.203 795.988 974.479 891.685 745.325 839.47 874.563 781.203 1002.28 
926.285 829.164 917.339 486.377 881.54 770.734 504.331 856.796 577.143 896.313 909.692 696.349 808.554 493.173 789.249 655.177 845.004 833.428 680.224 823.247 701.092 879.116 788.881 721.117 918.07 799.519 809.557 747.475 791.216 928.978 768.752 504.467 498.117 598.61 840.524 837.995 692.863 789.966 838.347 796.522 788.019 822.679 675.314 756.777 853.877 811.128 642.046 783.4 621.565 650.919 840.023 
783.348 614.356 646.042 449.801 822.973 424.726 415.716 669.077 495.091 583.127 779.268 467.128 700.537 426.853 662.525 387.227 735.426 609.844 649.747 734.083 548.871 752.906 738.509 625.215 662.6 535.648 690.562 621.533 621.595 727.669 537.589 433.372 414.285 526.695 623.276 655.491 476.597 385.92 602.123 567.444 714.453 674.472 637.925 542.593 456.264 550.741 518.836 630.18 546.803 521.518 595.506 
85.4314 335.966 371.392 246.466 348.997 233.686 159.112 452.737 251.32 297.375 259.934 140.676 228.717 231.202 271.769 229.999 234.815 417.345 305.434 237.076 323.538 449.779 359.336 340.391 277.73 371.995 208.289 185.1 271.37 276.787 361.145 243.69 252.874 227.909 345.449 358.424 232.973 242.84 239.231 214.489 300.757 445.743 439.76 276.51 269.519 254.904 255.332 476.966 136.291 258.953 188.705 
