1.32043e+08 9.30521e+07 1.24563e+08 9.52262e+07 1.22502e+08 8.11921e+07 1.19265e+08 1.403e+08 5.37355e+07 9.02607e+07 1.76613e+08 7.80009e+07 1.30834e+08 1.18994e+08 1.10477e+08 9.62137e+07 4.9074e+07 7.67477e+07 1.07919e+08 1.29774e+08 9.97267e+07 1.10576e+08 9.01793e+07 5.59124e+07 9.40317e+07 1.24453e+08 3.08966e+07 1.14909e+08 9.76594e+07 1.38969e+08 1.04267e+08 9.68122e+07 7.25954e+07 1.04637e+08 1.40804e+08 1.00972e+08 6.63504e+07 1.88401e+08 1.24363e+08 8.72907e+07 1.24551e+08 9.27684e+07 6.18494e+07 9.62556e+07 1.6952e+08 1.20059e+08 3.74909e+07 1.3918e+08 7.72488e+07 1.48304e+08 8.39952e+07 
2.7482e+07 8.82022e+07 5.29421e+07 5.54613e+07 3.07446e+07 5.7038e+07 5.65534e+07 4.43291e+07 5.07952e+07 2.80484e+07 4.74444e+07 6.83855e+07 5.46871e+07 4.85248e+07 3.36479e+07 4.15841e+07 4.9074e+07 5.10325e+07 4.62484e+07 6.18977e+07 1.84415e+07 5.73459e+07 2.63824e+07 5.1906e+07 4.28066e+07 2.73411e+07 3.08966e+07 5.94508e+07 7.22956e+07 3.86609e+07 2.95722e+07 2.02602e+07 5.48406e+07 4.88044e+07 1.42924e+07 6.70519e+07 6.63504e+07 1.63536e+07 3.7993e+07 5.13286e+07 7.43366e+07 4.83454e+07 6.18494e+07 2.91614e+07 4.26083e+07 3.06305e+07 3.74909e+07 1.73834e+07 7.55407e+07 6.82837e+07 4.16172e+07 
6.56717e+06 1.97926e+07 4.28268e+07 1.96117e+07 3.05451e+07 3.46625e+07 2.2507e+07 1.4077e+07 3.74401e+07 2.20417e+07 2.2559e+07 3.47831e+07 2.72e+07 2.31958e+07 2.5794e+07 1.22597e+07 2.00878e+07 1.854e+07 2.83389e+07 1.84688e+07 1.84415e+07 3.1655e+07 2.63824e+07 2.88581e+07 2.97469e+07 2.42478e+07 2.057e+07 2.41484e+07 1.5087e+07 1.90035e+07 2.95722e+07 2.02602e+07 3.17806e+07 1.65578e+07 1.42924e+07 1.22824e+07 9.80762e+06 1.63536e+07 1.65615e+07 3.32051e+07 3.18319e+07 1.90069e+07 1.7585e+07 2.91614e+07 1.42613e+07 2.49365e+07 2.33426e+07 1.73834e+07 3.06653e+07 2.87768e+07 1.6777e+07 
3.75098e+06 8.14801e+06 9.94435e+06 7.50768e+06 1.04544e+07 1.11189e+07 5.26078e+06 4.478e+06 4.65452e+06 2.8817e+06 6.65497e+06 5.94934e+06 5.66684e+06 4.23609e+06 1.04974e+07 8.77785e+06 3.66989e+06 5.4171e+06 6.4101e+06 5.47355e+06 6.84746e+06 8.91564e+06 8.80246e+06 8.84946e+06 6.59402e+06 5.77484e+06 8.31501e+06 6.6569e+06 8.78761e+06 5.50728e+06 9.46968e+06 7.12961e+06 4.55072e+06 8.55084e+06 2.87065e+06 4.44927e+06 4.93783e+06 5.04453e+06 8.57682e+06 4.93096e+06 6.09827e+06 5.73961e+06 9.58782e+06 9.62072e+06 6.78857e+06 5.59675e+06 7.60202e+06 3.65193e+06 1.12918e+07 5.2369e+06 4.19655e+06 
313001 560373 373714 487077 232942 577291 259987 515027 575095 488807 447774 440748 516939 495830 567678 495003 323042 435306 539792 692743 602672 440414 361728 725616 540304 213380 366154 566686 555298 518629 430213 581233 435860 676187 501742 440488 312179 581360 592376 557804 270807 524294 363738 506326 619245 349199 516505 334869 450003 433499 510686 
6426.48 4382.21 4798.44 6024.65 6717.24 5912.03 5598.16 6235.97 6506.79 6590.52 5413.37 5641.25 4954.66 5018.12 7293.04 7174.21 5683.16 6089.32 5635.89 5965.36 5299.1 6345.65 4802.3 7141.32 7361.83 4462.9 5687.37 4989.17 5899.85 5258.13 6617.71 3875.42 4943.78 6444.48 6100.33 5895.18 5016.02 6909.79 5685.39 6512.16 5317.59 4763.2 5457.07 5560.88 5108.98 6058.02 5169.25 5260.1 4147.34 5968.29 6423.79 
141.046 116.58 130.247 152.246 117.167 146.29 121.24 155.904 145.836 188.849 123.676 132.49 139.96 133.787 182.93 136.369 128.678 131.058 142.185 175.83 140.015 153.524 143.877 155.797 166.498 144.404 158.658 103.135 172.651 150.07 145.945 152.791 163.476 143.589 127.304 145.416 154.561 162.076 139.056 122.364 121.192 139.658 157.383 144.759 131.061 131.986 143.759 140.286 136.51 143.552 135.79 
73.9078 69.3172 66.6502 72.9266 58.6386 72.0476 69.4359 79.3678 74.2183 90.5127 68.3437 72.9148 67.3528 69.4083 76.5376 77.783 74.0252 72.1871 75.319 84.443 67.732 72.2248 77.8877 72.1885 85.7128 85.061 69.6181 60.4492 81.4525 72.5303 77.0179 71.2701 83.4055 75.4091 79.5101 69.3749 95.5 86.8667 72.7108 67.2515 65.5245 85.8445 80.6493 76.0811 68.6048 76.5331 80.8077 76.7554 82.5164 76.3623 77.6255 
56.7209 54.2217 50.7865 53.213 53.315 48.7998 44.9117 62.5537 55.4149 53.9475 49.742 52.8876 49.0418 57.453 54.5195 48.4925 49.7198 51.6255 60.3721 49.2867 44.4463 55.1304 53.35 53.7715 50.8434 59.5458 60.3357 45.1835 55.972 56.1607 46.7652 42.2804 67.818 62.2828 48.8133 55.5969 59.1409 71.3853 52.1522 51.0492 48.5781 51.8567 58.954 53.4418 57.3683 56.3141 55.5645 57.2411 53.738 50.7299 58.0874 
45.5755 41.9417 42.1185 38.5943 40.418 42.337 38.8994 44.5694 41.792 42.7673 30.0276 40.2313 38.5987 41.4445 37.4878 42.5526 29.3893 34.1446 43.5817 49.2867 31.0219 33.7393 33.1495 39.1507 43.9849 42.1049 34.4307 35.9071 36.5161 39.3025 28.8531 38.063 49.218 43.8849 28.9959 40.7303 55.903 52.4738 44.8296 35.3462 39.8223 39.0257 41.6741 36.7212 34.4627 30.8794 45.6353 39.3116 43.9517 43.2982 40.5842 
32.9818 35.9815 26.4449 25.2475 30.9813 24.794 32.082 22.8067 35.5853 23.972 28.3477 23.6069 34.657 30.1557 27.8708 38.321 23.9062 22.9852 32.5273 39.472 22.4022 23.8319 24.4478 37.505 25.4902 25.3882 25.721 24.5199 24.9489 29.5861 26.3817 24.5831 39.0659 28.5528 25.014 26.3786 42.213 36.9277 38.4147 22.9508 36.5472 26.0489 33.6676 26.042 24.62 25.4841 37.4595 25.8184 43.9517 35.8085 26.1559 
25.3781 26.5258 25.6661 23.3465 24.9193 23.9847 23.3085 22.1717 31.744 23.4026 28.1179 22.6815 26.5166 29.724 27.2894 27.176 23.5441 22.6407 29.7981 26.141 22.2387 23.531 24.1033 22.8731 24.456 24.7563 23.786 21.3185 24.5296 23.6631 26.0487 24.1937 28.8849 24.9579 24.3213 22.9504 27.0937 23.5205 25.7803 22.3478 28.3206 25.0193 24.1076 25.5921 24.5204 25.2881 27.1822 25.1121 30.7526 26.6106 25.6273 
24.6748 25.75 25.5621 23.058 24.365 23.8455 22.7843 22.0214 26.5258 23.1247 27.9413 22.4422 23.8643 29.2723 26.8107 26.4411 23.4147 22.3514 29.6007 25.8034 22.0046 23.4161 23.9138 22.4837 24.0974 24.5207 23.5276 20.9696 24.395 23.2456 25.8718 23.9903 28.4893 24.6003 24.0906 22.5874 26.7625 23.1534 24.457 22.137 28.0157 24.9458 23.7715 25.3913 24.2776 25.1508 26.679 24.7769 29.8959 26.2926 25.2353 
23.9519 25.247 24.9286 22.6133 23.9538 23.4798 22.4432 21.6614 26.1771 22.7246 27.5341 21.9038 23.0543 28.8617 26.4782 25.8979 23.0987 21.988 29.0983 25.0404 21.7122 22.9574 23.5773 21.8547 23.7208 23.8603 23.0399 20.5312 24.1058 23.0311 25.5359 23.6438 27.7855 23.893 23.8736 22.0233 26.1432 22.8088 23.6908 21.7652 27.6037 24.5158 23.3067 24.9411 23.853 24.6639 25.8499 24.4568 29.161 25.6759 24.7062 
