7.49089e+09 8.38916e+09 5.4743e+09 1.01813e+10 6.98051e+09 9.91749e+09 7.92857e+09 8.65745e+09 9.64833e+09 9.19337e+09 1.02655e+10 9.06978e+09 9.49928e+09 8.3479e+09 9.51858e+09 8.38459e+09 7.18664e+09 9.72749e+09 8.56288e+09 8.8604e+09 1.0284e+10 8.08991e+09 5.49706e+09 9.07103e+09 7.53561e+09 8.07817e+09 9.18156e+09 6.28283e+09 9.0832e+09 8.94511e+09 9.56111e+09 7.5418e+09 6.71701e+09 8.47014e+09 9.58457e+09 8.22834e+09 6.26863e+09 9.10021e+09 7.97284e+09 9.89624e+09 7.49741e+09 9.18147e+09 8.42307e+09 8.69304e+09 8.14284e+09 8.06369e+09 9.94377e+09 7.60511e+09 7.68649e+09 7.67106e+09 9.08558e+09 
2.46252e+09 2.60036e+09 2.87937e+09 3.30407e+09 2.01068e+09 3.60041e+09 3.16865e+09 3.22642e+09 2.26215e+09 3.7193e+09 2.53263e+09 2.25323e+09 2.56559e+09 3.20036e+09 3.01392e+09 2.81176e+09 1.85802e+09 3.40883e+09 2.44041e+09 3.64421e+09 3.03355e+09 2.22622e+09 3.06503e+09 2.91701e+09 3.67414e+09 3.1755e+09 2.37943e+09 2.42354e+09 3.30082e+09 2.47135e+09 2.2301e+09 2.62886e+09 2.5226e+09 3.01572e+09 2.68572e+09 2.32308e+09 3.03209e+09 3.0066e+09 2.67991e+09 2.31804e+09 2.42617e+09 3.2553e+09 3.7884e+09 2.73803e+09 2.76349e+09 2.38449e+09 2.91898e+09 2.28426e+09 2.17638e+09 2.15853e+09 3.23179e+09 
1.0861e+09 1.53525e+09 1.12566e+09 1.48613e+09 1.27791e+09 1.10914e+09 1.00219e+09 8.93025e+08 1.12547e+09 1.5971e+09 1.4098e+09 1.69781e+09 1.3299e+09 1.3625e+09 1.45597e+09 1.68406e+09 1.32638e+09 9.48345e+08 1.24156e+09 1.23702e+09 1.50644e+09 1.10889e+09 1.43266e+09 1.04656e+09 1.64376e+09 1.39003e+09 1.09808e+09 1.39397e+09 1.45708e+09 1.32134e+09 1.2617e+09 7.97337e+08 1.2556e+09 9.32357e+08 8.83924e+08 1.09864e+09 8.95388e+08 1.19286e+09 1.44545e+09 9.76832e+08 1.21282e+09 1.24577e+09 9.84607e+08 1.24454e+09 1.50098e+09 1.34603e+09 1.12382e+09 1.23616e+09 1.35023e+09 1.18307e+09 9.38334e+08 
2.93949e+08 3.02135e+08 2.7612e+08 3.81012e+08 3.78336e+08 2.96459e+08 2.21569e+08 2.52461e+08 2.68211e+08 2.57062e+08 3.05266e+08 3.25925e+08 3.43647e+08 3.74923e+08 1.77772e+08 3.3096e+08 2.92288e+08 2.19806e+08 3.2315e+08 2.90789e+08 2.68271e+08 2.44287e+08 3.20418e+08 3.98072e+08 3.70026e+08 4.42229e+08 3.06364e+08 2.98429e+08 3.15048e+08 3.88092e+08 3.04561e+08 3.03739e+08 2.78285e+08 3.58847e+08 2.59536e+08 3.51055e+08 3.25937e+08 3.64798e+08 3.87651e+08 2.87568e+08 3.81339e+08 3.77906e+08 3.34305e+08 3.67017e+08 3.36714e+08 3.55787e+08 3.08442e+08 2.42665e+08 3.14322e+08 3.24152e+08 3.69339e+08 
1.15345e+07 1.15942e+07 1.58039e+07 1.3159e+07 1.14214e+07 1.49391e+07 1.32617e+07 1.17936e+07 1.48276e+07 1.40074e+07 1.10411e+07 1.6396e+07 1.48384e+07 1.23813e+07 1.22576e+07 1.38644e+07 1.46639e+07 1.71983e+07 1.51771e+07 1.42805e+07 1.5199e+07 1.10057e+07 1.47186e+07 1.56076e+07 1.22647e+07 1.6534e+07 1.31037e+07 1.07668e+07 1.11113e+07 9.54323e+06 1.50383e+07 7.20064e+06 7.71208e+06 9.73759e+06 1.32742e+07 1.30516e+07 1.3884e+07 1.52823e+07 1.2713e+07 1.43975e+07 1.67197e+07 1.20432e+07 1.63967e+07 1.27161e+07 1.58306e+07 1.69631e+07 7.06348e+06 1.65566e+07 1.36925e+07 9.28839e+06 1.00706e+07 
37733.4 51054.2 48356.1 43520.4 53945 43686.1 45564.8 46581.4 46005 37450 49327.9 48302.8 48512.1 48783.7 53864.9 51366.8 42646.5 52522.6 50919.9 46352.9 40594.9 44017.3 61421.1 51180.5 63050 56033.4 47917 46257.9 47071.5 54318.4 46089.2 41376.4 53505.8 36335.4 56722.5 38622.8 46489.7 47273 41962.8 48950.5 51695.2 44290.9 44813.5 39864 50857.6 47768.5 50787.5 40144.4 50822.6 36349.1 45212.1 
876.195 850.137 836.226 846.15 756.241 929.703 804.061 904.316 834.1 748.198 888.575 853.678 766.95 753.631 829.389 768.134 916.578 780.409 851.526 783.424 814.1 690.586 830.156 900.899 716.1 899.429 780.676 708.058 924.306 847.163 841.213 782.417 842.199 796.017 903.732 838.554 797.144 721.088 860.7 772.476 779.548 807.568 840.56 782.62 764.257 839.712 872.078 827.631 845.362 946.951 748.944 
465.647 430.823 484.47 460.911 356.087 600.829 385.238 540.821 519.02 341.465 530.275 466.977 385.348 378.148 469.789 380.705 488.762 500.15 443.996 497.825 416.309 374.295 410.282 548.011 382.324 422.419 410.699 376.678 481.437 498.499 457.116 395.243 511.328 398.485 466.614 423.46 474.984 329.953 584.389 353.964 350.096 352.302 439.118 413.209 457.105 492.764 488.082 462.3 465.367 460.588 389.738 
240.088 227.988 292.24 313.693 199.507 386.239 139.925 319.598 319.091 179.131 250.448 188.608 174.481 138.47 201.348 164.902 150.612 240.876 238.514 268.425 231.951 194.905 215.504 225.105 167.704 140.56 183.864 149.4 330.968 221.061 263.988 217.772 314.562 209.948 287.209 142.341 300.001 150.674 335.109 171.519 186.756 163.05 258.615 183.811 205.63 246.487 216.016 271.455 188.233 194.615 222.571 
198.502 184.922 216.602 262.106 186.845 330.894 104.107 255.515 203.103 161.497 205.881 156.681 162.908 113.724 116.568 138.027 97.1177 177.363 145.673 166.186 205.524 135.62 186.102 187.423 150.669 90.9168 152.997 119.594 292.377 182.95 176.642 202.91 274.561 177.317 262.307 100.212 267.617 131.686 267.819 147.051 169.315 149.877 200.016 147.807 146.545 202.444 128.943 205.824 154.59 133.344 203.64 
197.777 183.856 215.381 244.913 186.477 212.593 103.212 197.641 201.595 161.057 205.555 156.105 162.697 113.438 115.472 137.735 96.3618 175.181 141.364 164.293 204.718 134.819 185.632 186.777 150.513 90.4937 152.629 119.307 279.677 182.685 172.487 202.664 253.824 176.564 261.703 99.9951 266.903 131.271 197.283 146.496 168.731 149.59 198.403 147.293 145.831 200.713 127.597 204.55 153.737 132.285 203.008 
197.413 183.567 214.614 241.334 186.358 199.783 102.989 195.56 201.349 160.83 205.464 155.825 162.595 113.272 115.125 137.681 96.1322 174.877 141.001 164.076 204.477 134.593 185.445 186.535 150.312 90.1285 152.377 119.07 268.812 182.547 171.927 202.539 253.212 176.445 261.532 99.8793 266.469 131.123 174.487 146.229 168.583 149.421 197.973 147.154 145.6 147.272 127.274 204.241 153.381 131.864 201.703 
195.826 183.512 212.893 172.294 186.335 199.368 102.93 194.511 201.178 160.467 205.435 155.765 162.579 111.36 114.426 137.659 93.1636 174.754 140.894 152.54 203.805 133.837 185.408 186.333 150.024 89.5492 151.993 118.656 231.683 182.515 171.789 202.467 219.623 176.393 261.507 99.0614 265.199 131.096 173.613 145.689 166.61 148.796 191.302 147.128 145.535 134.169 125.799 204.19 153.079 131.33 201.106 
194.214 183.51 212.462 171.558 186.335 199.349 102.925 193.114 200.645 159.576 205.434 155.763 162.578 110.136 112.898 137.658 91.8358 174.729 140.169 95.0004 202.673 131.314 185.406 185.62 149.641 86.6925 149.743 116.486 216.079 182.51 171.77 202.457 188.575 171.008 261.496 97.4906 201.769 131.092 173.585 141.126 164.68 144.909 188.601 147.125 145.529 134.017 124.616 204.187 150.72 129.917 197.44 
