570.913 586.852 584.975 601.879 555.849 593.503 606.078 576.031 586.959 599.577 572.396 565.368 591.837 583.656 551.53 567.346 581.036 563.63 565.854 622.243 587.907 579.158 571.929 552.921 597.157 582.714 594.903 590.344 586.72 599.603 606.796 536.724 582.97 597.909 595.082 602.223 561.307 610.156 521.789 574.603 609.239 578.242 583.813 557.952 601.595 605.676 583.968 601.916 565.342 536.251 568.273 
468.801 497.758 493.015 495.975 515.334 496.627 493.701 514.565 499.703 518.481 509.008 518.024 491.176 499.134 505.237 508.413 499.616 491.494 519.197 512.178 500.677 500.335 495.386 498.779 492.185 520.152 495.942 527.868 498.726 507.661 494.987 530.909 496.099 421.234 533.118 469.731 484.006 472.847 486.154 485.829 523.008 493.368 474.927 500.816 504.218 496.257 503.601 502.708 488.835 495.939 517.072 
445.437 478.678 448.088 481.876 494.017 461.039 452.762 487.947 458.44 487.04 457.28 460.367 474.544 453.256 480.153 437.56 445.154 483.208 484.976 463.982 433.796 469.693 477.214 486.559 482.863 428.393 473.739 473.474 472.116 486.551 480.871 459.996 462.834 421.234 488.424 469.731 476.335 472.108 474.021 462.884 458.137 482.28 429.551 428.623 477.168 488.165 472.333 487.902 456.586 457.686 460.055 
431.018 435.483 433.449 456.634 450.098 455.678 452.762 426.148 458.44 443.207 442.462 428.605 418.841 453.099 440.704 421.629 445.154 437.005 431.374 452.813 433.796 422.625 434.92 441.791 453.638 428.393 397.728 441.958 448.616 433.277 456.507 425.635 425.168 421.234 446.927 431.458 429.803 435.572 445.115 439.256 446.442 452.58 429.551 428.623 443.204 446.465 454.306 463.881 451 450.438 447.805 
425.93 405.548 424.053 417.896 398.22 401.882 399.184 413.421 395.546 409.25 419.578 384.666 414.295 396.241 415.326 421.186 415.062 411.219 422.7 394.129 392.558 400.912 398.947 411.266 427.106 395.463 395.347 430.697 424.413 413.777 426.642 415.693 420.987 399.36 418.975 417.616 415.364 419.33 386.415 423.12 430.068 408.853 395.975 412.533 410.251 416.639 409.381 371.095 394.581 426.86 412.646 
398.385 374.505 396.945 395.997 361.538 393.348 389.139 394.517 388.569 386.179 392.255 376.413 375.131 381.642 390.092 384.279 385.092 406.266 393.155 391.074 392.558 400.258 390.322 375.298 367.313 395.463 389.638 396.506 404.403 392.992 388.974 399.658 381.324 398.592 373.594 395.247 388.531 396.28 382.031 382.319 395.2 375.547 395.975 379.487 391.334 380.53 390.807 371.095 394.581 388.928 385.256 
371.14 361.948 360.56 381.203 352.301 373.217 374.848 390.436 384.496 382.558 353.16 369.102 374.514 355.527 376.769 367.6 372.965 369.537 365.622 375.661 378.259 372.385 375.293 370.454 355.71 369.043 372.939 369.308 365.764 371.807 378.765 374.895 381.324 378.923 373.594 358.04 357.67 374.52 369 362.915 353.471 367.725 383 356.742 361.956 370.444 371.905 353.187 362.531 355.637 356.902 
343.712 319.713 351.168 341.523 339.662 349.193 358.411 321.94 336.2 362.011 336.879 321.011 326.602 324.39 352.206 357.845 356.852 333.39 335.804 342.484 339.37 348.934 347.443 343.021 326.382 348.195 324.584 353.323 351.655 322.474 351.903 357.197 341.559 319.906 351.181 337.323 349.376 326.675 340.553 356.233 348.79 353.568 337.377 333.785 326.048 356.862 340.407 337.768 339.975 336.542 334.174 
305.933 316.848 326.813 331.781 314.968 326.015 323.064 314.868 316.039 327.274 333.579 310.539 317.698 309.216 330.1 330.72 316.148 320.967 317.321 329.312 305.721 320.065 326.606 309.022 307.656 315.231 312.58 335.584 333.204 293.131 318.182 332.364 323.647 291.553 312.173 318.52 324.684 316.802 313.731 326.503 317.501 337.201 321.374 321.927 318.283 314.78 305.886 319.259 334.4 323.252 313.308 
293.882 293.609 302.447 299.531 310.623 299.432 312.295 311.885 301.807 290.539 301.169 260.961 289.486 298.302 310.2 299.011 298.818 298.767 293.807 301.138 298.664 308.598 306.539 298.558 296.922 298.731 301.636 317.563 292.82 292.127 294.097 306.534 319.597 278.589 281.268 301.499 313.779 295.899 293.126 293.535 283.644 311.682 300.853 301.104 299.264 298.003 290.085 307.009 304.97 302.711 294.403 
272.85 269.844 272.411 284.278 277.163 274.936 291.53 287.569 278.49 270.8 285.863 246.49 260.709 260.902 288.345 273.213 283.249 292.427 286.024 272.791 270.298 284.394 256.926 284.317 277.446 286.845 290.063 284.664 269.499 272.842 290.181 286.221 290.602 259.346 257.534 240.743 284.544 286.931 265.443 277.348 262.319 268.635 274.574 265.498 276.185 285.782 263.147 274.2 284.8 274.011 262.695 
251.87 241.298 231.307 240.198 243.502 233.406 242.128 250.86 246.512 241.012 250.294 229.898 239.218 243.675 250.638 240.924 249.251 253.694 247.381 249.428 248.452 238.992 239.315 249.059 236.377 249.316 253.883 243.971 252.467 245.08 244.641 246.711 249.094 233.645 234.054 221.123 241.826 250.536 243.644 245.791 232.955 235.843 243.057 243.318 245.41 243.435 239.163 244.087 249.453 245.719 235.272 
222.03 218.682 217.251 222.259 217.816 218.578 221.105 223.174 224.908 220.493 222.061 216.992 221.417 219.474 224.958 220.458 224.417 218.02 224.005 223.506 217.873 219.925 218.665 223.241 217.268 220.295 223.032 221.034 224.24 219.611 223.654 227.248 228.365 222.262 219.435 214.696 223.711 221.002 220.954 221.465 216.27 212.93 222.817 216.566 222.246 218.602 216.483 215.33 218.606 228.393 218.579 
207.863 207.891 209.453 209.927 206.033 209.703 207.889 206.903 211.561 206.341 209.28 210.537 209.225 209.513 209.389 210.03 206.705 207.561 212.109 210.02 209.521 206.539 209.783 210.953 208.69 211.911 206.595 207.862 209.134 209.027 212.091 209.837 209.059 209.696 209.88 208.521 211.201 211.924 210.83 210.129 207.369 208.556 208.844 212.495 209.847 211.581 207.641 205.071 209.613 215.186 206.413 
