6955.22 6399.7 6983.37 5476.39 6120.53 5928.03 7221.28 6233.53 6873.4 6730.68 6916.49 6065.2 6305.58 6593.83 6603.76 6051.38 5193.41 6137.17 6171.03 6591.26 5208.41 6288.48 6931.53 6745.28 6256.1 6981.6 6084.25 5566.04 6325.13 6495.7 6019.72 6661.1 5509.58 6687.24 5933.65 5874.15 7057.27 6026.5 6513.5 6057.12 5604.27 7083.17 5948.77 7127.65 6322.6 5512.64 7082.88 6735.39 6878.72 5867.11 5802.08 
3959.06 3799.97 3910.22 3763.12 4331.02 3863.64 3767.14 3947.71 3773.78 3896.39 4478.14 3916.56 3980.41 3853.5 3828.17 3751 3700.53 4061.36 3943.39 4155.49 3740.58 4129.87 3648.8 4399.12 3882.47 3943.64 3346.09 3857.74 3885.58 4197.37 3411.52 3601.23 3699.62 3919.36 3899.33 3925.81 4057.89 3892.53 4165.33 4349.72 4060.41 3980.14 4101.35 3943.74 3837.95 4292.85 3802.8 4081.42 4003.66 4036.67 3991.58 
2729.48 2639.02 3111.61 2730.8 2696.89 3000.8 3054.76 3055.73 2985.27 2953.09 2907.86 3077.17 2896.14 2933.96 3143.89 2922.49 2910.72 3080.43 2968.31 3077.96 3123.55 3189.64 3037.11 3151.72 2786.75 3035.87 3019.22 2981.63 2889.33 3039.99 2883.52 2944.45 3088.76 2971.25 2744.36 2913.18 2841.67 2935.59 3100.62 2995.38 2767.49 3016.27 3192.78 2995.37 2909.72 2960.34 2957.53 2870.3 3017.25 2989.38 3165.05 
1773.06 1967.84 2212.15 2021.66 2176.6 2185.04 2277.14 2114.56 1978.51 2018.61 2360.28 2123.58 2134.08 1878.22 2213.11 2011.71 2017.2 1837.82 2102.03 1863.25 2170.13 2259.64 2155.36 2226.2 1829.25 2280.64 2250.16 2064.13 2021.59 2099.23 2105.13 2018.19 2099.46 1990.55 2075.77 1995.81 2055.99 2030.94 2151.4 2239.89 1855.57 2272.55 2344.71 2047.37 2074.38 2076.9 2079.32 2066.4 2105.55 2023.21 1864.2 
1132.39 1198.36 1301.9 1237.17 1145.37 1175.35 1149.64 1194.57 1203.74 1209.43 1305.14 1197.38 1307.44 1067.86 1284.8 1212.76 1203.11 1121.71 1227.8 1251.9 1226.02 1148.71 1195.09 1277.43 1156.11 1269.17 1306.75 1144.1 1206.09 1226.82 1129.49 1211.88 1234.12 1160.66 1261.88 1189.46 1213.95 1184.58 1336.7 1284.62 1228.55 1343.2 1286.2 1236.04 1185.2 1220.67 1167.55 1221.1 1199.98 1220.62 1211.79 
727.198 723.184 772.486 681.73 695.935 721.189 671.358 731.76 745.613 718.186 733.405 749.374 742.149 704.725 704.024 735.806 720 747.499 749.155 735.526 729.578 701.747 713.675 785.404 756.166 682.065 732.596 737.197 719.147 709.964 747.508 728.68 722.409 704.154 772.026 713.349 710.375 689.864 750.651 761.597 721.402 791.98 768.223 726.564 732.54 724.91 716.286 706.53 721.436 744.389 753.462 
612.68 617.914 663.829 571.979 592.514 623.339 560.023 619.039 618.401 596.486 591.246 618.676 577.111 613.607 598.569 630.327 616.581 612.788 632.199 607.217 606.823 593.429 603.443 641.548 639.512 565.289 630.757 627.372 620.699 592.83 612.803 620.5 628.905 611.474 640.097 568.541 584.425 577.096 616.466 642.768 608.306 652.084 666.89 605.444 614.567 608.435 603.799 577.026 612.093 632.728 659.567 
603.597 599.251 631.678 550.63 577.999 593.124 545.817 597.423 587.932 575.402 572.525 599.553 551.977 600.19 584.959 603.411 593.605 586.577 600.98 580.211 584.342 566.075 584.427 604.184 602.34 550.981 594.481 591.816 579.866 571.707 588.814 598.158 613.629 581.676 604.537 539.443 553.061 550.058 599.245 625.257 587.37 596.82 631.852 578.706 584.662 576.954 578.615 551.707 582.989 608.453 622.163 
603.486 598.438 630.096 549.398 577.395 592.039 544.903 596.677 586.518 574.872 571.734 598.495 551.687 598.964 584.748 601.882 592.765 585.938 598.036 579.42 582.923 565.596 583.037 602.99 600.831 550.686 592.464 589.085 576.755 571.098 588.03 597.561 613.249 579.44 604.093 538.538 552.267 548.476 598.394 625.101 586.978 595.321 630.219 576.86 583.7 575.915 578.255 551.52 582.552 607.502 620.826 
603.483 598.42 630.048 549.375 577.376 592.028 544.865 596.646 586.467 574.855 570.149 598.477 551.684 598.658 584.741 601.822 592.721 585.833 597.247 579.413 582.618 565.584 583.023 602.974 600.76 550.683 592.437 589.07 576.679 571.095 588.027 597.531 613.239 579.237 604.088 538.526 552.202 548.39 598.049 625.097 586.973 595.318 630.182 576.703 583.689 575.893 578.244 551.517 582.548 607.496 620.769 
603.483 598.418 630.043 549.374 577.375 592.028 544.855 596.641 586.461 574.852 569.783 598.476 551.684 598.633 584.739 601.817 592.71 585.82 597.211 579.412 582.611 565.581 581.42 602.971 600.746 550.683 592.435 589.07 576.674 571.095 588.027 597.528 613.238 579.213 604.088 538.525 552.2 548.384 598.047 625.097 586.972 595.318 630.179 575.374 583.635 575.892 578.243 551.517 582.548 607.496 620.764 
603.483 598.418 630.042 549.374 577.374 592.028 544.85 596.641 586.46 574.852 569.753 598.476 551.684 598.629 584.739 601.816 592.706 585.819 597.166 579.412 582.61 565.58 581.415 602.971 600.742 550.683 592.435 589.07 576.673 571.095 588.027 597.527 613.237 579.21 604.088 538.524 552.199 548.382 598.047 625.097 586.972 595.318 630.178 575.324 583.613 575.892 578.243 551.517 582.548 607.496 620.764 
603.483 598.418 630.042 549.374 577.374 592.028 544.849 596.64 586.46 574.852 569.751 598.475 551.684 598.628 584.739 601.816 592.705 585.819 597.158 579.412 582.61 565.58 581.415 602.97 600.741 550.683 592.435 589.07 576.673 571.095 588.027 597.527 613.237 579.207 604.088 538.524 552.199 548.381 598.047 625.097 586.972 595.318 630.178 575.282 583.611 575.892 578.243 551.517 582.548 607.496 620.763 
603.483 598.418 630.042 549.374 577.374 592.028 544.849 596.64 586.46 574.851 569.75 598.475 551.684 598.628 584.739 601.816 592.704 585.819 597.157 579.412 582.61 565.579 581.414 602.97 600.74 550.683 592.435 589.07 576.673 571.095 588.027 597.527 613.237 579.207 604.088 538.524 552.199 548.381 598.047 625.097 586.972 595.318 630.178 575.277 583.611 575.892 578.243 551.517 582.548 607.496 620.763 
