7918.52 7886.65 8613.36 8585.51 8592.67 8277.8 8314.48 8152.43 7509.16 8681.52 8599.74 8489.56 8197.32 8768.44 8641.09 8620.91 8839.5 8855.94 8820.75 8245.97 8712.85 8330.97 8989.43 8119.97 8161.02 8302.02 8102.45 8293.18 8387.91 8474.26 8161.61 8404.42 8016.17 8403.95 8103.26 8355.81 8584.06 8335.14 8553.02 7974.89 8263.54 8014.38 8331.98 8166.48 8611.12 8855.51 7645.39 8324.92 8143.83 8551.56 8135.59 
7918.52 7886.65 8441.74 8437.49 8381.83 8196.87 8314.48 8152.43 7509.16 8460.7 8117.42 8482.29 8197.32 8547.73 8641.09 8288.93 7990.83 7492.64 8382.72 8245.97 8508 8330.97 8343.83 8119.97 8159.07 8302.02 8028.1 8293.18 8387.91 8474.26 8161.61 8152.84 8016.17 7985.55 8103.26 7845.79 8584.06 8335.14 7902.8 7974.89 8263.54 8014.38 8331.98 8166.48 8248.75 8389.63 7645.39 8062.93 7606.37 8256.92 8135.59 
7918.52 7886.65 8354.89 7602.81 8104.77 8069.72 8281.99 8152.43 7509.16 8460.7 8117.42 7924.25 8197.32 8547.73 8641.09 8288.93 7990.83 7492.64 8382.72 8245.97 8396.83 8330.97 8343.83 8027.05 8159.07 7928.76 8028.1 8014.64 8387.91 8067.58 7970.75 7466.88 8016.17 7607.59 8103.26 7845.79 8456.11 7656.42 7902.8 7974.89 7786.69 8014.38 8331.98 7364.61 7643 8389.63 7645.39 8062.93 7606.37 8209.25 8135.59 
7833.48 7886.65 8237.57 7602.81 6985.43 7924.32 7765.6 7596.84 7509.16 8210.08 7988.22 7533.49 8197.32 8155.3 8118.29 8184.36 7889.09 7492.64 7684.96 7868.69 7777.61 8033.82 7397.07 8027.05 8159.07 7928.76 8014.98 8014.64 7635.17 7927.07 7970.75 7466.88 7913.5 7607.59 8103.26 7751.12 8441.18 7656.42 7630.02 6874.84 7350.87 8014.38 7728.81 7364.61 7643 7726.68 7465.41 8062.93 7606.37 7783.66 8135.59 
7833.48 7313.14 8132.03 7602.81 6985.43 7743.76 7158.83 7288.12 7478.89 7998.28 7678.44 7206.39 8014.2 7869.26 7700.11 7268.56 7889.09 7492.64 7641.21 7749.65 7719.31 7907.7 7397.07 7971.9 7731.95 7483.05 7943.66 7689.53 7630.92 7927.07 7847.18 7466.88 7585.35 7441.5 7847.72 7281.42 7864.82 7656.42 7630.02 6874.84 7350.87 7708.38 7656.52 7364.61 7614.48 7726.68 7465.41 7645.56 7606.37 7564.7 7809.36 
7433.99 7313.14 7733.79 6269.89 6985.43 6851.35 7158.83 7238.07 7478.89 7395.46 7561.14 7206.39 7502.01 7407.71 7589.17 7268.56 7385.81 7412.01 6951.63 7481.02 7719.31 7611.28 7397.07 7090.31 7288.47 7341.01 7745.16 7303.59 7630.92 7299 7381.12 7466.88 7438.05 7441.5 7847.72 7281.42 7489.09 7494.78 7585.64 6874.84 7251.23 7708.38 7438 7342.2 7286.17 6916.03 6817.9 7483.43 7253.88 7564.7 7629.09 
7271.56 7313.14 6999.02 6215.6 6985.43 6786.37 7158.83 7238.07 7127.57 7173.31 7552.5 7206.39 7502.01 6734.72 7336.11 6838.08 7090.53 7243.02 6780.23 7441.65 7488.97 7611.28 7281.24 6608.19 7288.47 7341.01 6883.45 7303.59 7544.89 7299 7328.88 7326.51 7299.37 6870.4 7664.64 7281.42 7397.43 7440.06 7546.31 6529.14 7251.23 7617.83 6823.65 7320.55 7148.15 6916.03 6817.9 7323.86 7253.88 7275.98 7181.09 
6725.41 7063.19 6879.26 6210.84 6371.12 6717.07 6810.66 7032.66 6405.13 6693.23 6940.65 6254.71 6496.4 6725.67 6661.86 6838.08 6900.3 6730 6202.51 6460.77 7056.43 7121.62 6270.96 6165.63 5695.21 6097.64 6441.18 6576.97 6877.39 6849.77 6749.81 6947.47 6542.18 5803.12 7465.21 7072.3 7397.43 6775.36 6835.53 6317.96 6394.83 7245.93 6823.65 7219.21 6654.62 6593.08 6055.59 6625.92 7241.56 7028.77 6808.26 
6305.33 5353.44 6596.53 5867.47 6242.11 6170.07 6398.71 6378.22 5820.69 6303.79 6731.44 5755.6 6293.46 5960.59 6392.08 6383.6 6204 6658.03 5905.1 6134.26 6288.98 6483.92 6270.96 5863.47 5410.28 6081.39 6095.54 6172.93 6158.97 6288.76 6330.63 6635.98 6415.43 5789.55 6548.59 6300.04 5919.77 6327.61 6145.18 6187.61 6233.49 5986.79 6099.24 6221.28 5879.94 6257.63 5924.63 5860.82 6408.55 6833.53 6383.44 
5600.56 4960.14 6131.83 4873.6 6086.25 6170.07 5599.64 5823.16 5506.43 5490.56 6198.64 5735.07 5975.43 5575.99 4634.21 5656.53 5695.32 6297.41 5365.57 5539.66 6156.58 6067.72 5787.12 5843.1 5410.28 5483.92 5803.2 5690.58 5815.73 5952.01 5626.31 6144.76 5763.25 5643.73 5795.7 6117.97 5919.77 6008.32 5461.75 5897.98 5418.42 5625.39 5486.18 5966.07 5625.97 5975.19 5924.63 5860.82 6075.24 6343.42 5838.46 
5328.52 4125.79 4877.45 4281.48 4411.65 5090.49 5219.4 4413.71 4821.2 4281.62 5230.53 5157.47 5346.57 4891.56 4634.21 4073.77 4859.38 5603.85 4279.63 4949.38 4949.44 4988.24 4827.38 4547.15 4725.76 4377.82 5059.96 5157.88 4877.15 5253.33 4773.59 5517.68 5216.96 4456.79 4244.88 5763.48 5683.4 5495.93 4986 4669.67 4981.09 4545.52 4900.05 5902.06 4895.22 4775.13 4807 5358.49 5236.89 5997.35 3953.66 
4031.49 3561.79 3889.08 3600.16 3682.62 4185.95 3893.08 4114.95 3454.64 3362.2 3828.88 4064.17 3809.12 3576.63 3961.64 3832.73 3500.57 4926.02 3706.57 3828.12 3726.97 4013.45 3904.93 3852.22 3737.92 3450.65 4282.41 4020.26 3882.73 4552.37 3732.18 3764.9 3706.73 3667.84 3400.84 4100.32 4119.37 4675.42 3836.26 3965.37 3484.22 3842.2 4042.33 3822.96 3580.25 3401.71 3791.7 3982.35 4138.76 4716.08 3751.98 
2880.65 2321.34 2830.9 2431.06 2505.78 2762.92 2353.26 2453.65 2995.12 2295.04 2989.81 2604.07 2186.9 2302.99 2730.08 2752.04 1907.59 3429.52 2676.93 2144.44 2870.53 2811.04 2746.83 2521.81 2786.74 2660.19 3026.92 2788.07 2452.7 2796.21 2459.84 2570.02 2631.55 2863.8 2566.69 2837.73 2590.44 3162.03 2731.56 2855.9 2652.42 2457.06 2124.8 3028.03 2805.63 2597.55 3015.28 2826.77 2748.12 3190.7 2592.62 
1706.15 1654.68 1754.34 1408.96 1891.63 1219.86 1489.17 1758.6 1906.07 1232.82 1388.18 1434.21 1582.86 1606.47 1589.9 1700.58 1116.41 2018.4 1153.18 1310.7 1795.8 1453.55 1156.28 1489.12 2041.51 1895.93 2003.6 1650.53 1601.02 1538.86 1104.32 1353.25 1039.06 1512.5 1065.73 1924.24 1369.17 1324.69 1323.86 1507.8 1488.51 1088.98 1400.14 1200.38 1705.8 1403.01 2019.11 1456.8 1739.31 1493.13 1841.67 
