456.301 516.614 485.013 489.908 479.343 529.089 483.82 497.684 475.869 506.057 520.587 543.939 491.177 523.126 448.99 466.221 464.509 493.803 481.92 513.219 465.152 483.777 521.717 511.528 435.468 520.808 533.023 488.201 484.194 513.681 519.068 465.376 493.853 538.188 450.942 496.275 557.386 502.294 521.241 495.293 509.495 453.926 572.997 488.136 552.811 486.44 494.01 516.253 531.859 478.665 506.084 
420.885 427.519 432.14 417.214 421.505 440.816 424.297 419.582 418.235 417.685 444.11 423.275 424.3 422.716 441.086 420.038 429.197 428.099 436.597 428.923 418.747 421.273 453.939 444.25 418.238 419.21 452.378 435.666 432.324 424.963 421.162 434.312 435.7 435.102 425.146 425.186 430.327 442.438 425.148 420.453 434.507 423.361 431.743 418.137 429.188 419.122 434.36 431.491 445.049 417.386 425.314 
408.684 409.106 412.102 406.504 408.504 415.407 409.56 411.007 407.154 405.293 417.346 406.355 406.599 412.217 413.161 415.461 408.39 412.625 411.272 409.591 406.429 406.269 406.864 416.526 402.878 405.095 413.325 413.126 409.727 408.447 409.033 412.488 410.437 406.577 415.672 407.88 409.116 411.221 408.848 409.033 414.892 405.067 413.042 407.615 406.022 408.289 404.343 412.241 412.823 404.259 406.785 
400.973 400.748 400.461 402.266 397.551 400.333 401.714 399.979 396.951 396.725 401.79 398.425 398.158 401.7 401.124 400.062 400.529 401.222 399.368 402.648 398.435 401.852 400.153 405.136 400.58 399.951 401.298 402.252 400.745 399.751 399.081 400.125 400.437 401.546 403.671 400.226 398.226 400.23 400.381 401.56 401.399 400.33 401.405 397.047 400.777 399.746 396.334 399.927 400.958 398.474 397.949 
393.796 394.299 394.1 396.008 392.455 393.452 392.832 393.562 393.263 391.978 395.309 393.966 392.248 394.292 393.603 395.702 393.676 393.918 393.598 394.685 394.039 395.819 393.165 395.063 395.385 391.717 392.368 394.038 394.315 393.351 393.543 393.435 392.932 390.991 396.411 394.498 395.52 393.61 393.547 394.181 394.367 392.235 395.458 393.34 392.744 394.076 391.909 392.974 394.57 393.121 393.371 
389.891 391.069 390.418 391.16 390.601 391.284 389.677 389.985 390.941 390.191 391.603 390.341 390.023 390.374 391.163 390.991 390.514 390.541 390.797 390.018 390.389 390.251 390.366 390.194 390.609 390.914 390.416 390.341 390.117 390.012 389.936 390.037 390.391 390.395 391.12 391.055 391.02 390.036 389.956 390.002 389.846 391.894 390.894 391.214 389.905 389.795 390.319 389.87 390.284 389.887 390.434 
389.026 389.528 389.526 389.616 389.521 389.533 389.518 389.518 389.522 389.521 389.539 389.527 389.032 389.522 389.523 389.529 389.528 389.519 389.522 389.518 389.034 389.52 389.52 389.52 389.126 389.545 389.519 389.519 389.518 389.535 389.519 389.023 389.519 389.192 389.018 389.583 389.509 389.083 389.015 389.518 389.518 389.593 389.529 389.529 389.519 389.008 389.519 389.518 389.519 389.518 389.521 
389.006 389.518 389.518 389.009 389.518 389.518 389.518 389.518 389.518 389.518 389.518 389.518 389.006 389.518 389.518 389.518 389.518 389.518 389.518 389.518 389.006 389.518 389.518 389.518 389.006 389.518 389.518 389.518 389.518 389.518 389.518 389.006 389.518 389.006 389.006 389.518 389.34 389.006 389.006 389.518 389.518 389.006 389.518 389.518 389.518 389.006 389.518 389.518 389.518 389.518 389.518 
389.006 389.518 389.518 389.006 389.518 389.518 389.518 389.518 389.518 389.518 389.518 389.518 389.006 389.518 389.518 389.518 389.518 389.518 389.518 389.518 389.006 389.518 389.518 389.518 389.006 389.518 389.518 389.518 389.518 389.518 389.518 389.006 389.518 389.006 389.006 389.518 389.114 389.006 389.006 389.518 389.518 389.006 389.518 389.518 389.518 389.006 389.518 389.518 389.518 389.518 389.518 
389.006 389.518 389.518 389.006 389.518 389.518 389.518 389.518 389.518 389.518 389.518 389.518 389.006 389.518 389.518 389.518 389.518 389.518 389.518 389.518 389.006 389.518 389.518 389.518 389.006 389.518 389.518 389.518 389.518 389.518 389.518 389.006 389.518 389.006 389.006 389.518 389.006 389.006 389.006 389.518 389.518 389.006 389.518 389.518 389.518 389.006 389.518 389.518 389.518 389.518 389.518 
389.006 389.518 389.518 389.006 389.518 389.518 389.518 389.518 389.518 389.518 389.518 389.518 389.006 389.518 389.518 389.518 389.518 389.518 389.518 389.518 389.006 389.518 389.518 389.518 389.006 389.518 389.518 389.518 389.518 389.518 389.518 389.006 389.518 389.006 389.006 389.518 389.006 389.006 389.006 389.518 389.518 389.006 389.518 389.518 389.518 389.006 389.518 389.518 389.518 389.518 389.518 
389.006 389.518 389.518 389.006 389.518 389.518 389.518 389.518 389.518 389.518 389.518 389.518 389.006 389.518 389.518 389.518 389.518 389.518 389.518 389.518 389.006 389.518 389.518 389.518 389.006 389.518 389.518 389.518 389.518 389.518 389.518 389.006 389.518 389.006 389.006 389.518 389.006 389.006 389.006 389.518 389.518 389.006 389.518 389.518 389.518 389.006 389.518 389.518 389.518 389.518 389.518 
389.006 389.518 389.518 389.006 389.518 389.518 389.518 389.518 389.518 389.518 389.518 389.518 389.006 389.518 389.518 389.518 389.518 389.518 389.518 389.518 389.006 389.518 389.518 389.518 389.006 389.518 389.518 389.518 389.518 389.518 389.518 389.006 389.518 389.006 389.006 389.518 389.006 389.006 389.006 389.518 389.518 389.006 389.518 389.518 389.518 389.006 389.518 389.518 389.518 389.518 389.518 
389.006 389.518 389.518 389.006 389.518 389.518 389.518 389.518 389.518 389.518 389.518 389.518 389.006 389.518 389.518 389.518 389.518 389.518 389.518 389.518 389.006 389.518 389.518 389.518 389.006 389.518 389.518 389.518 389.518 389.518 389.518 389.006 389.518 389.006 389.006 389.518 389.006 389.006 389.006 389.518 389.518 389.006 389.518 389.518 389.518 389.006 389.518 389.518 389.518 389.518 389.518 
