44.5174 53.2681 44.1456 62.1085 52.2496 46.362 41.0544 57.3107 46.5288 56.1662 50.9056 48.4613 62.0432 56.7996 55.8907 40.8816 47.8947 43.6626 46.1552 53.3997 50.1978 42.2949 59.5653 38.564 49.5172 60.2432 51.7722 52.088 54.4812 47.1056 53.4541 59.011 59.5245 52.08 54.2164 36.6594 30.4069 50.2175 55.627 52.7224 49.0626 40.0005 62.4104 49.7995 48.4635 43.8545 46.7747 48.1055 43.483 58.8071 59.0198 
32.3026 33.8207 35.7276 40.4541 41.3888 36.5328 35.3922 42.2499 32.5171 40.9758 37.8901 30.4157 38.0503 34.1324 38.0107 36.6132 35.6489 37.171 35.5531 38.8751 31.0917 31.502 30.8383 38.564 32.8202 33.6377 37.8665 35.4433 35.7477 35.7098 37.3705 39.7893 26.1477 28.3248 36.1367 21.8621 30.4069 26.4047 35.3673 30.6677 40.574 35.1588 36.1721 34.2402 30.1212 40.3859 40.5822 34.3248 36.0976 42.4508 44.1226 
22.6999 21.1159 26.0681 24.0578 22.8958 23.2125 19.82 29.7357 25.3725 27.42 26.8416 29.8517 22.5789 27.7998 27.9336 29.5242 25.6566 26.1001 24.6016 25.9054 27.6303 15.6301 19.2962 23.8823 25.7859 20.6525 26.9994 31.1544 21.6896 19.4215 29.6049 31.042 16.379 24.9551 23.2389 21.8621 23.0256 22.8317 25.7661 26.5067 19.1 31.8142 23.1762 33.9875 24.3989 21.1882 22.7859 29.1705 28.4083 23.4858 19.9871 
19.747 15.6522 16.6281 19.1174 18.9302 11.5466 17.0266 18.7667 14.4312 16.9747 14.5837 11.9261 14.9235 14.0263 13.817 20.3114 18.9025 15.9337 15.621 15.8293 14.1621 12.8162 7.46552 17.5163 14.8548 15.7747 18.1118 17.5096 13.2869 14.0323 18.0847 21.1088 16.379 13.1401 16.8315 17.5096 13.4505 13.0879 16.4787 17.7175 15.065 21.2479 15.5599 16.7006 20.5432 15.8231 14.9432 19.4235 17.1971 17.6043 18.6203 
5.9397 8.16354 5.79041 5.92629 4.78804 5.32102 6.63851 7.00521 2.80607 7.22605 5.23554 6.44786 5.71114 3.84241 6.73967 6.75197 4.97329 5.99156 7.17995 7.65144 5.59413 5.24032 7.15874 5.62359 6.95946 5.83777 4.85314 6.54592 5.84729 6.04444 6.71948 6.63995 4.33572 5.16533 5.8819 6.88448 6.16086 7.0271 5.15613 6.35139 6.33769 7.21722 6.00509 7.06898 4.79929 6.18459 4.79763 5.95534 5.85267 5.3407 6.22796 
0.904721 0.918942 0.770278 0.92796 0.852504 1.2052 0.595004 1.18817 0.829552 1.05336 0.622622 0.922474 0.851176 0.601217 0.772405 0.979727 0.863501 1.01091 1.1049 1.14107 1.21285 0.514154 0.593941 1.12066 0.741525 0.718582 1.14292 0.919288 0.736823 1.07454 0.625862 1.02061 0.819681 0.762875 1.12593 0.949916 1.0704 0.771952 0.935815 0.928267 1.10832 0.811757 1.10957 1.02291 0.93018 0.802019 0.948632 0.907017 0.7774 1.03663 1.01238 
0.0802482 0.0894122 0.0692239 0.084725 0.0478344 0.107724 0.0762728 0.0902868 0.0836093 0.0805096 0.0883291 0.0693934 0.0591159 0.0671176 0.0500677 0.0686832 0.0659885 0.0936083 0.0837278 0.0879168 0.0817945 0.0506156 0.0757742 0.0846074 0.05395 0.0524226 0.0830414 0.0827674 0.0745482 0.0552928 0.0339292 0.0895139 0.0694654 0.0548049 0.0572575 0.0845216 0.0725069 0.093539 0.102529 0.0651365 0.0506719 0.0987036 0.0443556 0.0756646 0.101329 0.0858069 0.0462929 0.0737394 0.0483417 0.0704684 0.0825935 
0.00316867 0.00642551 0.0029747 0.00477181 0.00470621 0.0070625 0.00371165 0.00351045 0.00454391 0.00402532 0.00389738 0.00447809 0.00476514 0.00370642 0.00332641 0.00219819 0.00486362 0.00598123 0.00406528 0.00460627 0.00557087 0.00429328 0.00424644 0.00644131 0.00338278 0.00373789 0.00516105 0.00414484 0.00475998 0.00432216 0.00240087 0.00523857 0.00291494 0.00299451 0.00235378 0.00515853 0.00345422 0.0056252 0.00808091 0.00229836 0.00376563 0.00409849 0.00283727 0.00428495 0.00511422 0.00527955 0.00279525 0.00352494 0.00270165 0.00417545 0.00372888 
3.29992e-05 5.24693e-05 2.46882e-05 5.54196e-05 3.19979e-05 3.34384e-05 2.76711e-05 4.36752e-05 3.46584e-05 7.26462e-05 3.17671e-05 3.1372e-05 3.04939e-05 2.98375e-05 2.97719e-05 2.54093e-05 6.48308e-05 7.21643e-05 4.88301e-05 3.43024e-05 3.08034e-05 3.02436e-05 3.24968e-05 2.12044e-05 2.97295e-05 2.95106e-05 3.2493e-05 2.45683e-05 3.92489e-05 2.38991e-05 2.26389e-05 4.12342e-05 1.8934e-05 2.57001e-05 2.57943e-05 2.66745e-05 2.26815e-05 6.79031e-05 8.49328e-05 2.10678e-05 2.6859e-05 3.45035e-05 3.22232e-05 6.01621e-05 4.32878e-05 3.85718e-05 3.13285e-05 2.68962e-05 1.92563e-05 3.37334e-05 1.3868e-05 
2.42619e-07 3.10156e-07 2.84522e-08 1.24604e-07 7.63911e-08 8.08659e-08 6.89294e-08 2.69231e-07 7.31105e-08 7.19627e-08 6.71102e-08 1.6799e-07 6.79524e-08 1.48382e-07 8.55753e-08 4.02388e-08 2.12764e-07 2.02789e-07 7.58979e-08 5.38813e-08 8.00028e-08 2.15686e-07 2.91166e-07 1.5075e-08 6.05519e-08 2.32106e-08 8.649e-08 3.78396e-08 1.42031e-07 1.01423e-07 7.80193e-08 3.04518e-07 5.54891e-08 1.83327e-08 7.00929e-08 3.9248e-08 3.73237e-08 1.19337e-07 3.83735e-07 3.67095e-08 3.11192e-08 9.11766e-08 7.45792e-08 1.74537e-07 7.62934e-08 3.65155e-07 6.13918e-08 6.89162e-08 6.48228e-08 1.06517e-07 1.94252e-08 
0 0 0 0 0 0 0 0 0 0 0 0 0 0 0 0 0 0 0 0 0 0 0 0 0 0 0 0 0 0 0 0 0 0 0 0 0 0 0 0 0 0 0 0 0 0 0 0 0 0 0 
0 0 0 0 0 0 0 0 0 0 0 0 0 0 0 0 0 0 0 0 0 0 0 0 0 0 0 0 0 0 0 0 0 0 0 0 0 0 0 0 0 0 0 0 0 0 0 0 0 0 0 
0 0 0 0 0 0 0 0 0 0 0 0 0 0 0 0 0 0 0 0 0 0 0 0 0 0 0 0 0 0 0 0 0 0 0 0 0 0 0 0 0 0 0 0 0 0 0 0 0 0 0 
0 0 0 0 0 0 0 0 0 0 0 0 0 0 0 0 0 0 0 0 0 0 0 0 0 0 0 0 0 0 0 0 0 0 0 0 0 0 0 0 0 0 0 0 0 0 0 0 0 0 0 
