372.67 397.047 326.844 382.031 375.804 378.609 377.106 339.407 395.591 374.475 414.64 358.279 401.237 350.471 392.722 345.059 372.109 379 331.247 400.335 363.225 395.599 410.765 404.232 391.015 303.335 371.36 389.834 340.588 372.507 380.437 370.774 407.242 366.181 382.655 343.931 328.502 402.419 321.736 368.657 387.477 367.449 397.612 369.495 391.696 369.893 350.097 392.07 374.112 343.075 339.757 
289.138 310.342 326.844 285.353 267.793 325.658 306.309 328.074 321.768 273.39 314.073 284.021 262.899 328.383 309.615 315.772 288.601 306.072 292.514 299.844 319.83 306.127 305.654 320.515 290.088 302.58 296.052 296.435 250.858 306.327 295.719 294.676 302.44 309.845 316.052 312.555 267.95 299.175 321.736 299.288 310.913 282.426 328.395 292.476 317.285 323.022 290.973 293.029 316.005 307.508 312.862 
288.894 240.692 279.101 238.681 267.793 284.304 277.655 286.332 272.509 238.601 279.141 240.275 262.899 296.188 294.322 265.846 282.519 260.377 269.039 280.072 273.101 274.956 283.395 276.423 251.076 279.62 260.237 282.111 250.858 284.441 282.93 258.877 268.32 295.764 266.233 272.722 267.95 251.528 262.591 280.456 262.145 282.426 286.22 273.533 274.16 289.963 289.122 291.81 234.206 269.219 292.685 
246.165 240.692 260.605 238.681 260.978 232.013 269.041 265.087 252.361 238.601 246.961 240.275 224.643 259.155 253.097 210.928 233.64 226.983 243.846 247.748 239.844 242.545 238.462 232.226 248.137 244.293 260.237 253.542 250.849 213.146 238.407 234.53 247.916 252.088 251.308 261.387 255.575 231.499 237.446 248.56 251.751 251.892 245.28 254.571 252.969 221.868 241.537 249.468 234.206 234.692 266.632 
236.763 226.063 229.096 203.791 232.346 223.13 212.324 217.024 208.445 217.237 225.564 208.659 197.983 223.755 226.459 204.639 211.729 226.983 195.463 188.068 210.363 211.802 213.776 222.945 224.545 223.657 223.418 218.198 227.638 213.146 215.506 225.594 228.858 229.289 217.545 197.375 221.854 225.563 203.38 225.736 226.757 191.186 224.108 213.448 220.3 220.567 230.199 202.434 199.29 211.174 238.423 
181.843 206.318 190.613 176.367 199.584 191.402 195.23 176.055 161.645 197.593 198.171 207.579 197.983 190.754 197.12 197.615 194.259 192.393 195.463 180.538 199.806 194.38 195.802 212.615 202.656 171.851 206.21 191.126 192.659 186.859 190.369 203.371 183.322 195.022 201.36 197.375 191.011 208.667 197.678 188.924 200.33 191.186 193.875 164.739 198.664 194.304 203.658 194.553 199.29 206.386 196.042 
181.843 173.012 163.726 172.667 182.965 181.773 170.97 176.055 161.645 186.159 183.454 158.983 182.527 183.44 186.79 185.114 188.219 182.974 165.241 180.112 197.653 172.689 185.425 181.293 156.866 171.851 184.272 173.663 188.213 175.852 158.138 177.704 183.322 177.089 163.589 188.922 182.156 187.13 178.483 175.826 200.33 189.383 189.036 159.876 166.02 193.127 174.389 180.602 152.242 176.234 177.942 
153.839 160.704 140.802 155.863 119.335 152.467 163.651 132.214 160.923 134.117 142.869 148.056 122.997 141.135 158.703 132.406 150.084 151.899 90.9825 146.981 140.237 137.485 135.317 155.536 145.632 160.417 160.357 139.481 149 140.47 132.11 149.012 142.681 141.77 131.513 155.393 161.97 147.562 142.552 160.494 153.778 156.307 142.442 146.645 127.381 155.467 130.815 157.922 135.004 147.967 144.766 
145.892 125.654 126.144 114.389 114.003 125.965 124.89 114.954 130.157 127.347 119.348 129.848 85.2346 123.892 132.772 118.7 145.814 117.159 80.2387 123.177 116.575 129.49 129.38 135.062 116.355 137.642 128.924 120.381 120.527 124.366 125.751 142.654 141.944 111.197 118.717 135.311 120.509 133.945 127.997 133.444 134.099 132.275 131.165 128.046 120.613 118.613 130.815 128.119 128.35 105.426 138.63 
118.318 99.194 100.478 93.8096 107.131 82.2936 94.9449 94.6929 118.075 112.695 95.3557 109.491 77.4186 107.324 110.52 106.861 111.39 113.251 80.2387 110.713 101.76 93.2716 111.828 101.799 106.174 108.256 125.016 107.883 114.325 115.58 107.161 119.666 118.912 97.8562 109.278 122.339 106.962 119.845 99.0155 111.154 111.698 111.708 105.371 117.409 104.775 116.948 112.815 103.862 110.482 87.6644 100.262 
59.7628 78.3916 84.2891 60.7543 78.3895 65.6381 80.3456 70.6662 90.4023 70.6169 76.4569 74.1908 72.9281 69.4939 90.9642 78.8271 64.9334 76.2885 73.9443 75.3293 75.8307 84.3688 80.5168 67.5535 75.8518 99.5351 88.9698 89.7323 65.3226 66.3334 69.329 82.6217 87.9082 79.0454 81.9751 78.6199 66.1182 95.6874 67.2339 80.6746 54.7376 90.1393 66.5436 97.079 74.565 87.1374 87.928 67.9512 70.6348 67.9362 66.6358 
36.4288 38.9955 45.5336 41.8762 34.4844 40.9621 46.3863 38.459 54.8457 43.5645 44.6119 56.56 47.1719 46.3008 52.5461 45.6219 36.0382 32.6761 43.8663 42.8884 45.857 50.328 40.5827 29.7669 42.2134 53.1053 48.708 39.4469 36.7381 31.4333 41.9575 44.3754 42.3495 49.1302 44.2066 31.8489 43.1028 39.4504 48.3142 47.8398 40.1247 46.3015 41.8159 44.9722 47.5356 51.5003 47.7945 33.7069 40.6717 35.5699 53.8648 
24.4448 25.4217 23.7731 22.3562 21.9802 22.1992 20.8608 21.7982 22.3398 22.1885 23.3977 16.4775 24.2018 20.5429 21.5877 17.2723 22.7714 14.5812 22.8452 23.0859 18.7138 21.2545 21.9327 18.7259 23.6487 25.4391 21.5272 23.1146 15.9269 20.8946 20.1682 21.8696 19.0008 26.2137 20.4112 17.5846 25.5471 15.6483 24.314 22.9475 23.7267 21.8851 20.9014 26.1717 21.8268 27.8538 17.3651 19.495 20.65 18.2518 27.9713 
12.951 7.97264 8.95523 8.95464 8.09731 8.9549 6.9677 7.96046 10.9447 10.9488 8.95463 7.96078 8.95978 10.9446 6.96503 4.97486 10.9807 6.96471 8.97921 9.95083 7.95968 12.9345 7.96291 8.95463 7.96855 5.97034 10.9445 8.95597 9.95898 6.96539 10.9449 10.0179 8.95504 8.96125 4.9748 9.00797 9.97705 7.95967 10.9446 7.96302 11.0825 6.9909 9.96797 11.029 10.0421 12.97 6.96476 8.95569 10.1498 10.9445 7.96196 
