632.271 636.429 616.14 921.714 731.07 575.658 791.429 598.782 737.664 690.229 729.48 821.59 646 807.438 757.395 650.631 561.474 589.161 598.51 622.483 653.44 658.222 617.095 740.371 813.948 580.239 695.436 707.702 803.075 629.373 575.219 757.535 585.392 1067.59 784.19 649.04 667.068 654.909 623.794 700.584 727.98 625.985 562.282 807.962 697.408 673.056 796.019 723.384 757.489 525.922 747.592 
525.753 509.057 560.655 542.493 546.547 514.235 527.553 514.137 584.711 483.476 520.704 513.363 519.547 520.156 538.981 489.502 520.01 489.567 510.391 537.777 518.492 532.703 497.385 519.81 503.584 530.347 561.677 518.808 554.838 538.244 543.855 527.281 509.634 532.385 592.797 543.227 502.499 511.353 548.077 516.67 554.968 506.367 511.177 515.676 510.126 533.694 546.459 531.392 535.032 483.507 523.669 
493.268 473.522 475.731 486.073 473.983 455.533 482.895 474.858 467.101 483.476 480.515 475.531 479.358 467.438 487.204 481.232 477.864 480.289 485.268 481.838 482.959 472.072 475.2 483.105 467.033 474.16 484.536 500.669 493.749 489.981 492.393 514.19 489.782 483.257 478.304 474.962 475.313 474.914 484.814 485.522 502.057 479.185 480.234 483.055 483.526 484.927 471.922 494.515 485.979 481.271 485.317 
460.358 458.351 459.899 450.292 457.578 455.053 453.954 455.977 458.973 461.315 453.193 453.304 456.267 457.057 444.045 455.073 461.809 449.683 462.726 464.256 442.763 461.618 457.876 461.126 463.673 461.258 461.554 458.29 447.923 455.583 458.02 451.723 455.311 442.098 461.282 457.82 452.126 453.745 461.096 456.184 427.205 455.331 453.723 457.768 459.369 454.123 453.102 456.676 458.964 435.312 457.004 
446.247 446.53 408.231 447.086 432.279 425.373 403.891 411.972 444.631 402.744 412.101 433.759 439.866 403.392 409.298 404.025 440.649 409.433 445.44 447.43 413.187 421.244 444.98 428.058 445.945 411.387 409.428 411.076 407.34 436.511 445.573 425.911 446.78 405.058 410.391 406.623 410.539 418.369 447.99 419.426 410.342 405.655 416.182 413.47 435.994 411.798 403.327 412.836 408.327 405.174 404.186 
443.965 443.803 397.816 443.824 397.831 398.68 398.562 398.748 405.79 398.722 398.75 397.922 398.886 398.644 398.661 398.512 398.192 398.163 443.756 443.856 398.759 397.876 443.917 398.441 443.909 397.828 398.641 398.863 398.687 397.935 443.95 398.705 443.765 398.636 398.711 398.504 398.859 398.793 443.909 398.72 398.839 398.593 398.706 397.837 398.731 398.725 398.4 398.678 398.711 398.575 398.649 
443.66 443.593 397.743 443.648 397.743 398.208 398.343 398.351 398.625 398.384 398.406 397.744 398.385 398.353 398.393 398.463 397.746 397.747 443.644 443.656 398.351 397.743 443.614 398.351 443.634 397.743 398.302 398.442 398.379 397.744 437.16 398.35 443.506 398.407 398.175 398.294 398.393 398.366 443.562 398.336 398.384 398.277 398.44 397.743 398.425 398.405 398.3 398.34 398.403 398.205 398.416 
443.566 443.519 397.743 443.525 397.743 398.132 398.147 398.256 398.157 398.173 398.191 397.743 398.213 398.076 398.166 398.162 397.743 397.743 443.463 443.494 398.204 397.743 443.51 398.128 443.454 397.743 398.097 398.197 398.155 397.743 399.622 398.162 443.492 398.157 398.175 398.195 398.099 398.308 443.555 398.239 398.124 398.096 398.128 397.743 398.156 398.199 398.154 398.068 398.167 398.126 398.167 
443.449 443.454 397.743 443.46 397.743 398.037 398.009 398.044 398.044 398.009 398.043 397.743 398.047 398.009 398.012 398.086 397.743 397.743 443.41 443.444 398.076 397.743 443.481 398.009 443.429 397.743 398.009 398.009 398.009 397.743 397.743 398.039 443.443 398.048 398.074 398.009 398.009 398.041 443.473 398.074 398.036 398.074 398.009 397.743 398.082 398.011 398.012 398.009 398.082 398.009 398.041 
443.415 443.406 397.743 443.358 397.743 398.036 398.009 398.009 398.036 398.009 398.036 397.743 398.047 398.009 398.009 398.009 397.743 397.743 443.367 443.437 398.009 397.743 443.425 398.009 443.39 397.743 398.009 398.009 398.009 397.743 397.743 398.036 443.408 398.047 398.009 398.009 398.009 398.036 443.384 398.018 398.036 398.009 398.009 397.743 398.009 398.009 398.009 398.009 398.009 398.009 398.036 
443.365 443.401 397.743 443.342 397.743 398.036 398.009 398.009 398.036 398.009 398.036 397.743 398.047 398.009 398.009 398.009 397.743 397.743 443.33 443.36 398.009 397.743 443.365 398.009 443.352 397.743 398.009 398.009 398.009 397.743 397.743 398.036 443.384 398.047 398.009 398.009 398.009 398.036 443.365 398.009 398.036 398.009 398.009 397.743 398.009 398.009 398.009 398.009 398.009 398.009 398.036 
443.365 443.381 397.743 443.334 397.743 398.036 398.009 398.009 398.036 398.009 398.036 397.743 398.047 398.009 398.009 398.009 397.743 397.743 443.33 443.33 398.009 397.743 443.342 398.009 443.334 397.743 398.009 398.009 398.009 397.743 397.743 398.036 443.342 398.047 398.009 398.009 398.009 398.036 443.365 398.009 398.036 398.009 398.009 397.743 398.009 398.009 398.009 398.009 398.009 398.009 398.036 
443.365 443.381 397.743 443.334 397.743 398.036 398.009 398.009 398.036 398.009 398.036 397.743 398.047 398.009 398.009 398.009 397.743 397.743 443.33 443.33 398.009 397.743 443.342 398.009 443.334 397.743 398.009 398.009 398.009 397.743 397.743 398.036 443.342 398.047 398.009 398.009 398.009 398.036 443.365 398.009 398.036 398.009 398.009 397.743 398.009 398.009 398.009 398.009 398.009 398.009 398.036 
443.365 443.381 397.743 443.334 397.743 398.036 398.009 398.009 398.036 398.009 398.036 397.743 398.047 398.009 398.009 398.009 397.743 397.743 443.33 443.33 398.009 397.743 443.342 398.009 443.334 397.743 398.009 398.009 398.009 397.743 397.743 398.036 443.342 398.047 398.009 398.009 398.009 398.036 443.365 398.009 398.036 398.009 398.009 397.743 398.009 398.009 398.009 398.009 398.009 398.009 398.036 
