2811.28 3137.68 2853.61 3216.44 2812.55 3374.44 2585.66 3365.13 2939.11 3535.74 2920.87 3011.26 2816.03 2796.89 3515.75 2891.42 3219.72 2674.77 3472.5 3332.57 3161.54 2974.06 3417.95 3307.63 3095.77 3319.06 3274.69 2999.81 2515.4 3367.03 3191.01 2855.81 3534.98 2884.81 3279.93 2659.99 3200.77 3348.64 3061.9 2834.35 3322.16 3047.79 3290.84 2844.11 3263.71 3039.73 3332.62 3262.7 3252.49 3081.33 3006.35 
2019.76 2295.18 2186.21 2197 1959.26 2373.83 1947.61 2304.8 2242.96 2018.8 2204.19 2021.74 2000.06 2188.1 2374.1 1873.75 2141.21 2001.9 2397.54 2247.6 2061.22 2288.15 2165.31 2001.59 2406.42 2103.75 2064.46 2128.66 1886.55 1979.51 2114.72 2144.33 2013.04 1897.2 2160.21 2294.71 2145.86 2216.12 1884.38 1720.39 2046.73 1795.36 2296.4 1963.9 2105.77 2356.59 2088.48 2282.47 2095.24 2110.95 2070.07 
1528.09 1636.51 1792.67 1752.6 1411.02 1617.9 1639.04 1809.11 1717.47 1635.56 1492.17 1551.77 1486.82 1633.88 1707.98 1680.47 1563.39 1686.13 1659.89 1516.71 1555.91 1753.45 1689.55 1629.56 1706.16 1807.99 1506.73 1652.66 1603.66 1567.28 1514.17 1535.71 1736.16 1570.83 1649.48 1498.76 1721.99 1563.77 1644.53 1630.08 1478.41 1690.98 1675.44 1547.78 1724.66 1587.93 1659.85 1827.31 1565.58 1539.62 1568.57 
1257.44 1143.59 1180.29 1270.66 1153.43 1242.93 1163.7 1252.76 1298.53 1206.34 1300.4 1185.72 1308.22 1246.74 1274.89 1256.1 1164.98 1242.53 1388.65 1190.32 1144.83 1214.17 1230.05 1114.95 1186.95 1231.28 1204.48 1317.69 1065.04 1021.34 1136.55 1246.73 1211.22 1270.5 1092.94 1218.67 1291.23 1205.71 1173.4 1217.9 1211.78 1275.08 1247.98 1181.57 1352.55 1281.15 1279.3 1265.82 1212.57 1137.52 1131.45 
933.321 826.927 885.761 870.749 863.592 883.176 868.527 864.889 904.457 881.898 874.811 828.219 906.701 853.875 847.584 934.925 870.089 877.139 930.951 883.167 801.909 875.086 854.115 833.187 892.556 902.953 827.226 910.272 782.925 901.715 868.555 900.66 905.032 802.661 793.512 879.331 900.404 871.72 866.604 889.003 893.891 876.833 845.835 822.006 911.355 905.372 901.385 887.241 886.001 884.782 817.839 
631.551 624.293 618.429 596.045 619.282 632.699 589.24 615.88 696.39 653.217 619.495 584.107 610.719 617.026 592.69 651.767 649.641 624.644 608.234 673.624 600.496 616.346 604.908 633.992 615.728 624.798 668.464 656.204 559.655 634.191 599.987 634.038 641.873 600.525 600.099 612.546 627.509 637.876 594.339 606.316 590.28 604.339 612.42 602.581 657.864 640.573 611.061 622.136 615.569 609.967 595.116 
538.685 555.666 536.446 527.632 530.106 544.806 524.818 516.715 591.19 549.2 534.558 527.491 525.886 525.31 526.31 528.624 541.086 548.269 524.162 560.689 517.01 516.611 535.428 538.567 542.578 538.072 558.031 530.992 503.953 564.297 524.518 548.199 567.924 526.244 535.885 515.618 518.522 544.48 519.348 536.269 521.694 513.416 547.074 541.561 532.427 549.816 543.765 534.949 522.858 521.697 537.578 
515.233 525.278 507.248 512.44 514.788 515.658 512.087 499.694 547.242 520.228 515.38 510.059 500.47 508.462 502.057 514.345 518.34 522.7 500.433 524.842 501.321 498.58 521.639 517.627 505.142 511.661 530.724 512.592 491.582 527.226 508.744 518.864 530.803 515.067 514.716 498.904 500.457 517.104 498.789 519.81 502.883 478.134 517.429 524.073 519.144 520.608 525.853 510.405 506.467 497.931 515.84 
514.765 524.717 500.155 512.35 514.172 515.065 511.971 499.181 538.681 517.694 514.451 509.359 499.26 508.301 501.635 514.242 518.017 521.876 499.845 523.206 500.572 498.277 521.248 516.518 504.455 509.702 530.145 512.495 491.421 521.886 508.622 518.19 528.458 514.403 514.241 498.511 500.027 516.824 498.111 518.977 502.638 476.979 509.47 519.639 518.563 519.457 525.606 509.282 506.369 496.13 509.017 
514.761 524.717 500.146 512.35 514.167 515.065 511.969 499.174 538.663 517.692 514.435 509.355 499.254 508.3 501.635 514.242 518.016 521.875 499.842 523.198 500.567 498.275 521.246 516.511 504.454 509.657 530.145 512.495 491.421 521.869 508.622 518.188 528.448 514.395 514.24 498.511 500.025 516.823 498.106 518.966 502.637 476.977 509.444 519.598 518.561 519.448 525.606 509.277 506.369 496.129 508.997 
514.761 524.717 500.146 512.35 514.167 515.065 511.969 499.173 538.663 517.692 514.433 509.355 499.254 508.3 501.635 514.242 518.016 521.875 499.842 523.198 500.567 498.275 521.246 516.511 504.454 509.655 530.145 512.495 491.421 521.869 508.622 518.188 528.448 514.394 514.24 498.511 500.025 516.823 498.106 518.966 502.637 476.977 509.443 519.596 518.561 519.448 525.606 509.277 506.369 496.129 508.996 
514.761 524.717 500.146 512.35 514.167 515.065 511.969 499.173 538.663 517.692 514.433 509.355 499.254 508.3 501.635 514.242 518.016 521.875 499.842 523.198 500.567 498.275 521.246 516.511 504.454 509.654 530.145 512.495 491.421 521.869 508.622 518.188 528.448 514.394 514.24 498.511 500.025 516.823 498.106 518.966 502.637 476.977 509.443 519.595 518.561 519.448 525.606 509.277 506.369 496.129 508.996 
514.761 524.717 500.146 512.35 514.167 515.065 511.969 499.173 538.663 517.692 514.433 509.355 499.254 508.3 501.635 514.242 518.016 521.875 499.842 523.198 500.567 498.275 521.246 516.511 504.454 509.654 530.145 512.495 491.421 521.869 508.622 518.188 528.448 514.394 514.24 498.511 500.025 516.823 498.106 518.966 502.637 476.977 509.443 519.595 518.561 519.448 525.606 509.276 506.369 496.129 508.996 
514.761 524.717 500.146 512.35 514.167 515.065 511.969 499.173 538.663 517.692 514.433 509.355 499.254 508.3 501.635 514.242 518.016 521.875 499.842 523.198 500.567 498.275 521.246 516.511 504.454 509.654 530.145 512.495 491.421 521.869 508.622 518.188 528.448 514.394 514.24 498.511 500.025 516.823 498.106 518.966 502.637 476.977 509.443 519.595 518.561 519.448 525.606 509.276 506.369 496.129 508.996 
