23427.2 18765.3 21833.7 27969.4 20679.3 28490.7 21871 26840.8 27650.4 21716.3 26679.8 27603.7 17196.9 20844.3 20511.8 22735.5 23400.9 26793.4 18238.7 21325.6 25994.1 19954.1 25472.1 17048.8 25638.4 32908.9 21433.3 24545.7 24030.1 32835.1 25974.1 22301.8 28228.1 27488.5 25747.7 21275.7 24352 27565.8 27407.2 27534.6 27163.6 24984.3 24531.4 19955.9 25141.3 22526.7 25216.7 24143.5 21991.1 17776.7 24852.5 
8350.73 7602.93 8691.83 10357.3 7424.49 10165.7 7936.47 9170.65 9193.06 7929.13 10772.9 10540.9 8519.92 8712.63 9116.33 9339.49 8287.96 7422.35 8157.8 6587.09 7837.53 9259.29 9679.01 8612.71 8583.1 7197.99 9055.28 7963.52 7989.2 9841.88 11245.7 10122.7 10294.2 9088.07 8578.13 7497.68 8565.03 8992.68 8456.37 9609.6 9640.09 9502.65 10726.4 8960.26 11041.4 7746.3 8446.2 10787.6 9562.78 9207.31 9913.71 
4170.93 3776.74 4217.14 4394.66 3948.51 3858.64 3440.03 5132.17 4921.32 3524.11 5194.73 4827.88 4933.93 4751.92 3749.31 3707.67 4749.11 3914.07 3905.72 3972.33 4355.9 5456.39 4062.82 3436.66 4457.21 4188.33 3587.41 3492.17 3803.77 4698.25 3376.28 4580.69 4942.77 3939.82 3966.89 4285.23 4411.79 3764.9 4112.16 4860.39 5033.24 3932.1 4702.21 4059.52 5109.04 3943.02 2552.2 3474.16 4816.46 4496.72 4468.53 
1285.19 1633.56 1417.46 1675.92 1528.54 1250.98 1289.12 1222.89 1146.66 1405.3 1760.46 1143.91 1596.47 1341.44 1507.65 1318.47 1445.06 1653.19 1224.58 1409.48 1341.9 1480.53 1455.92 1457.66 1446.78 1386.64 1311.6 1446.42 1463.14 1464.64 1827.22 1531.06 1527.83 1284.51 1556.41 1305.01 1379.92 1313.78 1472.24 1511.05 1695.92 1338.53 1542.85 1600.7 1640.21 1519.92 1466.22 1637 1512.05 1520.94 1527.75 
384.125 377.658 395.11 427.186 393.206 384.193 333.67 399.553 413.716 374.302 402.743 375.097 410.08 425.282 393.167 391.803 355.551 386.758 390.023 375.551 366.522 406.042 405.97 377.025 368.288 404.241 387.435 371.325 383.146 377.764 372.916 382.254 400.296 393.21 376.441 381.383 398.055 396.967 391.052 370.135 418.935 337.705 347.429 391.221 402.698 389.466 385.816 392.775 370.227 374.594 386.638 
203.222 131.184 126.664 222.749 142.758 198.688 125.798 121.388 131 134.938 150.472 220.701 212.155 150.266 196.335 132.721 168.074 128.751 137.044 193.385 132.282 217.912 194.322 127.693 205.836 212.03 221.467 132.702 127.228 128.358 205.079 129.494 202.043 131.994 119.704 132.777 196.416 198.067 193.977 222.701 109.969 204.386 106.101 196.555 137.666 134.184 201.792 209.611 129.19 133.716 197.934 
177.932 98.0665 102.019 182.877 104.11 176.06 97.6023 97.9185 98.2918 90.1959 102.636 182.542 184.736 106.316 176.069 99.4919 112.681 97.8773 99.2963 175.482 96.7964 183.552 182.225 98.1894 113.151 183.664 129.656 99.4158 97.3729 97.361 180.969 95.1304 177.723 99.9748 97.5477 98.9964 176.08 170.498 175.533 194.774 96.8905 177.133 96.2614 176.681 102.739 99.7775 180.719 181.751 89.4076 99.4643 175.963 
153.777 29.1579 99.0503 158.434 31.6073 149.927 29.3422 29.9998 29.3147 28.6497 38.8214 157.594 162.435 98.9702 150.434 30.0265 98.1121 29.0886 29.4866 149.119 28.6194 162.648 118.23 28.8661 29.8301 161.984 103.826 33.9455 28.8959 28.7066 152.786 28.5992 148.443 35.4055 29.286 28.9425 148.19 150.059 149.966 179.762 29.4623 152.417 28.7563 153.097 37.9832 29.4567 151.358 158.541 28.5721 28.6949 149.885 
148.836 28.5128 98.7209 146.973 28.5169 148.681 28.5127 28.5128 28.5128 28.5127 28.5141 147.887 152.977 98.7209 146.969 28.5128 97.4134 28.5127 28.5127 146.193 28.5127 149.176 114.016 28.5127 28.5128 149.264 98.7566 28.5129 28.5127 28.5127 147.966 28.5127 146.052 28.5131 28.5127 28.5127 145.689 147.798 148.779 114.116 28.5128 148.797 28.5127 149.095 28.5144 28.5128 148.694 147.389 28.5127 28.5127 146.918 
118.274 28.5127 98.7209 144.697 28.5127 84.593 28.5127 28.5127 28.5127 28.5127 28.5127 145.851 137.685 98.7209 144.62 28.5127 97.4131 28.5127 28.5127 142.803 28.5127 138.755 114.012 28.5127 28.5127 145.627 98.7209 28.5127 28.5127 28.5127 144.856 28.5127 142.361 28.5127 28.5127 28.5127 142.433 143.744 93.0691 114.012 28.5127 119.484 28.5127 140.827 28.5127 28.5127 144.146 146.088 28.5127 28.5127 144.56 
80.1199 28.5127 98.7209 142.309 28.5127 80.7384 28.5127 28.5127 28.5127 28.5127 28.5127 142.321 85.0408 98.7209 141.144 28.5127 97.4131 28.5127 28.5127 142.305 28.5127 70.0246 114.012 28.5127 28.5127 83.9585 98.7209 28.5127 28.5127 28.5127 143.7 28.5127 141.128 28.5127 28.5127 28.5127 142.305 131.919 79.4542 114.012 28.5127 80.6137 28.5127 80.7686 28.5127 28.5127 127.396 142.364 28.5127 28.5127 142.306 
68.5038 28.5127 98.7209 142.305 28.5127 21.3602 28.5127 28.5127 28.5127 28.5127 28.5127 126.38 23.6047 98.7209 131.105 28.5127 97.4131 28.5127 28.5127 142.305 28.5127 68.7389 114.012 28.5127 28.5127 21.1912 98.7209 28.5127 28.5127 28.5127 125.801 28.5127 137.957 28.5127 28.5127 28.5127 142.305 125.726 14.7814 114.012 28.5127 68.4369 28.5127 68.39 28.5127 28.5127 125.725 142.305 28.5127 28.5127 142.305 
8.07578 28.5127 98.7209 142.305 28.5127 8.0923 28.5127 28.5127 28.5127 28.5127 28.5127 122.697 12.0629 98.7209 122.697 28.5127 97.4131 28.5127 28.5127 142.305 28.5127 0.00423621 114.012 28.5127 28.5127 8.10357 98.7209 28.5127 28.5127 28.5127 125.725 28.5127 122.698 28.5127 28.5127 28.5127 142.305 125.725 8.02915 114.012 28.5127 8.08098 28.5127 8.06017 28.5127 28.5127 125.725 142.305 28.5127 28.5127 142.305 
7.99909 28.5127 98.7209 142.305 28.5127 8.05501 28.5127 28.5127 28.5127 28.5127 28.5127 122.697 7.95525 98.7209 122.697 28.5127 97.4131 28.5127 28.5127 142.305 28.5127 0.000131778 114.012 28.5127 28.5127 8.04278 98.7209 28.5127 28.5127 28.5127 125.725 28.5127 122.697 28.5127 28.5127 28.5127 142.305 125.725 3.28118 114.012 28.5127 8.03701 28.5127 3.75 28.5127 28.5127 125.725 142.305 28.5127 28.5127 142.305 
