6.58737e+08 4.75613e+08 2.10885e+08 7.12173e+08 3.98219e+08 4.60746e+08 3.2321e+08 4.77219e+08 4.60248e+08 4.31076e+08 6.55419e+08 4.33072e+08 2.77073e+08 5.19761e+08 6.06636e+08 4.89488e+08 2.88597e+08 5.08175e+08 5.36933e+08 2.17236e+08 6.06469e+08 3.6633e+08 4.74654e+08 4.35949e+08 8.08535e+08 4.78854e+08 6.14704e+08 6.08924e+08 4.3427e+08 6.04915e+08 4.63583e+08 6.97335e+08 5.70618e+08 2.8422e+08 5.88203e+08 3.04994e+08 6.20172e+08 6.90132e+08 7.05866e+08 5.20882e+08 7.42676e+08 4.94015e+08 6.29886e+08 4.17206e+08 4.32427e+08 5.91071e+08 4.97161e+08 6.46432e+08 5.49637e+08 3.17966e+08 4.23668e+08 
1.04163e+08 1.39743e+08 1.23861e+08 1.30045e+08 1.01602e+08 1.42615e+08 2.10384e+08 1.42993e+08 1.46611e+08 1.21235e+08 1.77701e+08 1.48876e+08 2.3568e+08 1.65569e+08 2.48521e+08 8.80667e+07 2.28974e+08 2.06454e+08 9.39688e+07 1.50294e+08 1.09953e+08 1.27183e+08 1.40471e+08 8.02444e+07 1.18587e+08 1.21934e+08 9.01428e+07 1.88447e+08 2.07147e+08 6.27089e+07 1.09626e+08 1.8268e+08 8.43289e+07 1.50156e+08 1.26615e+08 2.13792e+08 1.0393e+08 1.84795e+08 1.23146e+08 1.99842e+08 2.56159e+08 1.00328e+08 9.84915e+07 1.70748e+08 8.39927e+07 1.45518e+08 1.5144e+08 1.15821e+08 1.37849e+08 8.2632e+07 1.59442e+08 
6.82223e+07 6.74518e+07 6.67763e+07 3.1204e+07 7.0171e+07 7.37117e+07 6.58603e+07 6.28437e+07 6.96295e+07 4.83932e+07 2.92464e+07 4.57374e+07 5.67601e+07 6.79121e+07 5.1485e+07 6.99496e+07 1.6214e+07 6.24725e+07 2.95544e+07 7.55228e+07 5.45405e+07 6.18325e+07 3.63317e+07 5.9227e+07 8.52847e+07 3.84881e+07 5.03658e+07 5.84402e+07 6.34463e+07 6.25469e+07 5.70772e+07 6.89993e+07 5.61085e+07 3.647e+07 7.03666e+07 3.07404e+07 9.70883e+07 6.6634e+07 4.63386e+07 7.83033e+07 4.63424e+07 6.08438e+07 4.9521e+07 7.52481e+07 8.39927e+07 6.73513e+07 7.28468e+07 6.30442e+07 6.99991e+07 5.7015e+07 6.67883e+07 
1.70398e+07 1.6399e+07 1.42688e+07 1.06434e+07 1.20575e+07 1.60196e+07 9.85667e+06 1.319e+07 2.88003e+06 1.80555e+07 1.20383e+07 1.62498e+07 1.27186e+07 1.63001e+07 9.31655e+06 1.24811e+07 1.56675e+07 1.40192e+07 1.44538e+07 7.61683e+06 1.2837e+07 1.16262e+07 1.13509e+07 1.57287e+07 8.97685e+06 1.12518e+07 1.06261e+07 1.94301e+07 2.25003e+07 1.01394e+07 1.76394e+07 1.53306e+07 1.24857e+07 1.29857e+07 1.80035e+07 1.55731e+07 1.8714e+07 4.32588e+06 1.56844e+07 1.67117e+07 1.29924e+07 9.76152e+06 5.54664e+06 1.25542e+07 1.73956e+07 1.20681e+07 9.27151e+06 9.60519e+06 7.32296e+06 1.10884e+07 6.53238e+06 
940058 678944 877475 572168 1.01472e+06 1.00119e+06 775517 1.20017e+06 641644 667872 688558 820795 724394 1.02219e+06 864359 1.27994e+06 1.18029e+06 551908 624415 485014 1.04593e+06 1.21902e+06 646055 1.1729e+06 1.09867e+06 555695 898411 722507 980967 819380 861289 899088 673649 866068 736236 738469 957683 647198 475795 867560 382017 724743 813418 712468 614206 593551 981831 1.04958e+06 865133 915274 974150 
12024.2 12293.1 10927.2 11000 11149.3 10509.8 12896.5 15293.4 9501.77 13618.4 15733 14323.6 13161.6 12311.3 12222.5 13660.1 15674.9 9885.25 10081.2 11736.5 13843.4 14373.6 11570.2 10669.9 14229 12614.3 14781 11138.8 12866.9 12550.4 11048 12981.5 9240.81 12439.3 10487.7 14478.8 12703.9 10567.9 10696.3 13286 8801.81 8694.55 12524.6 12398 11223.2 13379.1 12133.2 11281.5 14977.4 12464.9 13623.2 
2464.64 2341.89 2329.71 2441.25 2283.98 2274.41 2293.64 2468.04 2418.28 2405.18 2529.06 2502.91 2445.02 2298.42 2512.49 2290.85 2385.85 2269.14 2396.19 2332.84 2298.49 2272.06 2323.47 2430.12 2522.69 2283.63 2373.57 2402.78 2472.68 2363.23 2511.98 2463.44 2368.07 2367.86 2326.06 2380.92 2559.65 2280.03 2425.85 2420.95 2403.32 2354.01 2319.19 2414.64 2301.25 2388.89 2299.36 2572.01 2490.71 2317.02 2470.13 
2004.1 2016.75 1992.65 2007.55 2031.96 1988.74 1980.02 2008.71 1997.81 2008.7 2024.38 2001.28 2029.98 1995.74 1995.37 1994.99 1991.07 1976.44 2003.54 1986.65 1990.37 1987.58 1989.86 1997.08 2100.31 1985.69 2008.89 2004.37 2010.37 1994.4 2015.15 1995.45 2002.64 2001.02 2018.51 1994.59 2018.74 2031.85 1989.14 1990.61 1993.79 2030.52 1993.27 2002.54 1986.91 2011.13 1981.38 2006.8 2005.51 1993.74 2030.99 
1959.29 1992.38 1974.29 1974.72 1978.27 1974.38 1959.34 1975.44 1974.65 1974.51 2006.61 1975.55 2009.06 1971.36 1961.13 1971.78 1959.2 1959.6 1974.6 1959.95 1973.31 1974.12 1975.09 1974.19 2078.45 1974.54 1975.1 1974.77 1976.06 1973.86 1959.62 1976.39 1972.81 1975.83 1995.17 1971.06 1973.97 2008.11 1960.02 1960.62 1975.58 1961.64 1973.58 1975.41 1973.74 1975.44 1961.4 1974.93 1974.1 1959.38 1961.42 
1958.46 1990.72 1972.93 1973.28 1974.52 1973.49 1958.27 1973.2 1972.88 1973.17 2004.97 1973.74 2008.03 1970.13 1959.43 1971.25 1958.19 1958.3 1973.54 1958.45 1972.56 1973.05 1974.16 1972.4 2077.8 1974.38 1973.51 1972.97 1973.72 1972.95 1958.23 1974.39 1971.17 1972.94 1994.01 1970.01 1972.77 2005.98 1958.53 1958.11 1972.95 1959 1973.45 1973.64 1972.92 1974.13 1959.2 1973.13 1972.65 1958.62 1958.5 
1957.27 1990.17 1972.36 1972.52 1974.16 1972.33 1957.33 1972.76 1972.2 1972.28 2004.54 1972.83 2007.16 1969.15 1958.03 1969.98 1957.59 1957.48 1972.85 1957.3 1972.24 1972.14 1972.87 1971.89 2076.7 1973.41 1972.98 1971.99 1972.77 1972.33 1957.05 1973.59 1970.21 1972.34 1993.35 1969.43 1972.14 2005.73 1957.57 1957.02 1972.55 1957.81 1972.23 1972.68 1972.04 1972.73 1957.47 1972.77 1972.32 1957.7 1958.11 
1957.08 1989.9 1972.19 1972.19 1973.04 1972.24 1957.18 1972.33 1972.03 1971.85 2004.14 1972.54 2006.84 1968.65 1957.64 1969.73 1957.44 1956.81 1972.65 1957.15 1971.79 1972.05 1972.55 1971.66 2076.59 1973.07 1972.67 1971.87 1972.19 1971.97 1956.88 1972.82 1969.77 1972.16 1992.94 1969.06 1971.78 2005.43 1957.08 1956.46 1972.35 1957.56 1971.95 1972.09 1971.91 1972.37 1957.11 1972.49 1972.01 1957.14 1957.44 
1956.82 1989.47 1972.08 1971.84 1972.74 1972.01 1956.14 1971.99 1971.89 1971.32 2003.63 1972.36 2006.62 1968.35 1957.62 1969.66 1957.2 1956.62 1972.26 1956.8 1971.58 1971.7 1972.23 1971.46 2076.51 1972.95 1972.42 1971.75 1971.82 1971.78 1956.67 1972.63 1967.87 1971.7 1992.8 1968.94 1971.48 2005.26 1956.6 1956.11 1972.15 1957.38 1970.69 1971.78 1971.56 1972.08 1956.94 1972.4 1971.62 1956.82 1957.16 
1955.73 1988.53 1970.83 1969.84 1970.67 1970.64 1955.46 1970.68 1970.83 1970.36 2002.51 1970.67 2004.19 1967.13 1955.38 1967.76 1955.61 1955.2 1970.74 1955.29 1970.62 1970.34 1970.82 1970.46 2075.12 1971.68 1971.02 1970.84 1970.62 1970.67 1955.09 1971.29 1967.13 1970.3 1991.25 1967.67 1969.58 2004.13 1954.95 1955.03 1970.92 1955.41 1970.47 1970.46 1970.57 1970.86 1955.61 1970.51 1970.59 1955.04 1956.23 
