288.71 296.667 281.256 269.681 209.448 257.699 300.446 197.615 281.339 295.912 284.487 271.558 288.359 284.752 289.435 274.261 285.005 291.333 276.907 246.556 271.742 281.299 239.319 200.254 268.706 290.538 268.326 288.755 283.732 283.49 125.117 272.587 286.11 282.697 163.211 205.072 290.266 276.219 284.634 249.152 191.628 280.075 224.153 274.142 200.979 269.694 277.043 297.571 291.327 280.337 273.505 
220.19 244.325 266.443 256.002 185.909 257.699 263.774 197.615 262.569 204.64 236.22 271.558 267.783 227.397 253.212 259.806 250.315 266.708 251.366 246.556 262.981 207.069 231.072 200.254 216.104 268.074 247.28 273.509 252.526 232.088 125.117 226.949 255.144 272.521 163.211 205.072 182.291 260.511 275.34 249.152 191.628 256.299 224.153 198.541 151.548 269.694 201.071 258.39 267.207 240.379 239.561 
220.19 244.325 234.789 256.002 185.909 257.699 262.521 197.615 242.31 204.64 233.452 263.664 261.864 227.397 253.212 231.502 250.315 266.708 251.366 246.556 181.797 207.069 231.072 200.254 216.104 252.562 172.731 250.009 248.929 232.088 125.117 179.024 255.144 255.43 131.274 205.072 182.291 260.511 265.728 235.685 191.628 254.301 224.153 198.541 151.548 247.793 201.071 258.39 262.978 240.379 237.973 
220.19 244.325 193.882 244.696 185.909 222.915 242.177 187.937 242.31 204.64 233.452 244.874 251.808 224.317 251.133 231.502 224.612 259.928 251.366 242.291 181.797 170.663 225.735 199.347 216.104 231.209 172.731 250.009 243.99 230.031 125.117 179.024 243.592 248.689 131.274 205.072 182.291 244.464 254.871 235.685 191.628 243.33 161.158 198.541 151.548 239.265 182.302 234.378 240.859 182.252 208.974 
216.412 240.354 193.882 235.462 185.909 159.107 242.177 187.937 242.31 204.64 232.271 235.859 235.041 224.317 244.71 231.502 205.133 243.139 244.915 242.291 165.344 170.663 143.079 109.759 151.137 231.209 172.731 243.317 243.99 230.031 125.042 115.612 243.592 241.196 127.667 205.072 166.99 243.729 231.449 235.685 159.699 243.33 138.07 198.541 151.548 174.53 169.433 234.378 240.859 161.894 162.485 
192.524 151.669 193.882 226.094 184.178 108.701 228.207 119.046 231.52 142.831 184.334 142.856 232.387 216.637 232.345 231.502 184.408 232.099 228.081 228.675 144.084 114.026 108.561 104.324 108.361 231.209 162.371 238.182 230.783 230.031 125.042 105.727 231.756 236.735 108.391 205.072 106.535 230.665 223.426 184.223 159.699 235.449 130.079 130.017 109.093 137.641 103.586 223.497 231.908 161.894 162.485 
190.048 151.669 177.629 224.91 175.439 100.323 217.593 101.014 213.294 130.258 104.373 133.016 225.113 126.963 219.607 217.747 145.457 216.529 227.086 216.433 103.171 101.209 100.323 100.106 100.226 218.225 147.596 216.975 217.761 219.701 101.047 100.33 219.888 221.778 100.253 200.893 100.473 217.96 213.031 184.223 137.107 230.236 102.256 127.584 101.108 100.759 100.124 218.436 229.831 139.894 117.71 
171.462 148.928 165.845 214.007 170.294 100.002 212.23 100.005 213.294 102.542 100.082 132.719 216.425 113.394 215.903 210.575 135.066 214.382 215.786 192.712 100.033 100.005 100.001 100 100.001 176.184 126.825 214.235 214.815 212.606 100.004 100.001 178.125 211.885 100.001 195.175 100.002 214.361 209.035 183.489 101.394 215.137 100.019 124.141 100.006 100.006 100 213.536 216.731 106.972 100.533 
102.341 140.934 103.09 211.036 105.652 100 209.147 100 211.256 100.002 100 100.122 206.511 100.004 212.866 184.353 100.107 212.849 208.041 101.872 100 100 100 100 100 124.83 100.099 208.126 212.776 209.601 100 100 100.862 207.239 100 104.619 100 213.232 204.963 183.489 100 214.246 100 100.195 100 100 100 212.381 211.513 100.003 100 
100 100.247 100 208.001 100.001 100 208.428 100 206.713 100 100 100 204.969 100 207.071 140.316 100 211.378 208.04 100 100 100 100 100 100 100.003 100 208.063 207.074 208.228 100 100 100 207.239 100 100 100 207.339 204.963 151.494 100 207.472 100 100 100 100 100 208.594 209.4 100 100 
100 100 100 204.721 100 100 206.623 100 205.093 100 100 100 204.287 100 206.163 100.003 100 207.779 204.621 100 100 100 100 100 100 100 100 205.654 204.979 207.065 100 100 100 205.62 100 100 100 204.46 204.449 100.008 100 204.62 100 100 100 100 100 205.62 205.775 100 100 
100 100 100 203.163 100 100 203.471 100 202.456 100 100 100 203.397 100 204.616 100 100 205.939 203.317 100 100 100 100 100 100 100 100 204.27 204.448 204.414 100 100 100 204.303 100 100 100 202.88 203.272 100 100 202.34 100 100 100 100 100 204.446 204.423 100 100 
100 100 100 202.88 100 100 202.852 100 202.026 100 100 100 203.305 100 204.128 100 100 205.326 203.093 100 100 100 100 100 100 100 100 204.023 204.306 202.989 100 100 100 202.93 100 100 100 202.627 202.86 100 100 201.978 100 100 100 100 100 204.036 203.661 100 100 
100 100 100 202.782 100 100 202.719 100 201.957 100 100 100 203.305 100 204.098 100 100 204.365 203.082 100 100 100 100 100 100 100 100 203.893 204.157 202.969 100 100 100 202.929 100 100 100 202.58 202.848 100 100 201.957 100 100 100 100 100 204.036 203.583 100 100 
