6304.6 6277.22 6346.01 5798 5504.68 5810.92 5625.98 5061.28 5349.6 5724.4 5865.84 5548.54 5847.12 5536.11 6083.7 5386.13 5602.3 5797.45 5779.04 5941.61 6267.76 6007.15 5687.31 5609.92 5604.52 5804.77 5663.71 5861.11 4841.87 5492.83 5929.1 6070.19 5664.97 5771.07 5501.92 5934.19 5385.2 5796 5331.26 5357.06 5719.84 5130.94 5555.43 5874.64 5397.84 5197.71 5848.74 5715.34 5432.77 5798.51 5508.37 
3976.05 3801.09 3851.4 3699.83 3925.85 3493.75 3907.85 3810.99 3927.67 3957.62 3475.76 3473.14 3701.85 3814.13 3973.85 3902.06 3920.49 3945.82 3597.68 3842.67 3963.01 4088.99 3767.27 3683.76 3903.42 3674.86 3692.64 3934.56 3763.33 3904.29 3957.86 3859.52 3426.22 3385.16 3666.99 3876.13 3703.92 3650.63 3662.37 3762.9 3768.74 3681.1 3754.2 3725.04 3584.34 3636.82 3710.2 3814.02 3602.55 3837.93 3726.05 
3136.23 2887 3134.33 3056.81 3071.55 2958.48 3085.1 2982.43 3009.56 3030.34 2911.09 2868.62 3227.85 3045.62 3070.65 2857.24 3107.94 3028.4 2863.02 2908.49 3234.29 3226.86 3174.58 3009.38 3086.56 3089.04 3042.15 3249.22 2969.87 3146.43 3005.01 3112.49 2979.32 3076.26 2970.66 3157.18 3357.61 3092.46 2896.35 3107.31 2827.58 2933.23 3063.82 3044.72 2916.83 3017.72 3032.52 2996.55 3041.58 3253.6 3038.19 
2452.46 2386.2 2383.44 2378.12 2343.55 2383.34 2420.04 2388.96 2399.48 2377.36 2285.96 2324.14 2447.5 2359.45 2406.61 2357.24 2390.55 2452.47 2285.93 2342.88 2525.45 2440.04 2514.38 2372.58 2434.98 2429.84 2355.73 2434.11 2282.1 2410.55 2374.95 2301.42 2381.39 2276.62 2372.95 2428.54 2435.63 2335.68 2272.59 2397.03 2321.43 2368.15 2350.51 2334.69 2355.41 2289.91 2370.95 2388.52 2335.29 2422.63 2488.04 
1826.44 1801.67 1887.28 1877.53 1802.42 1846.42 1917.54 1873.9 1877.94 1916.86 1887.29 1873.86 1887.16 1878.23 1916.03 1904.89 1849.76 1946.23 1883.29 1919.28 1942.74 1880.31 1879.49 1919.24 1931.45 1854.22 1960.93 1923.66 1891.53 1952.19 1908.47 1898.03 1903.62 1917.32 1918.25 1885.7 1891.34 1883.69 1904.11 1936.41 1900.41 1896.58 1887.86 1874.75 1907.99 1911.37 1902.98 1919.21 1884.38 1896.38 1944.52 
1743.86 1697.91 1699.8 1737.46 1705.49 1677.77 1695.83 1713.55 1707.04 1719.11 1678.84 1745.32 1734.92 1747.16 1719.88 1704.84 1723.95 1734.15 1728.05 1725.98 1726.04 1701.27 1709.04 1722.44 1720.44 1665.91 1738.78 1707.53 1735.06 1726.76 1670.61 1707.92 1725.97 1690.15 1741.57 1699.41 1708.88 1726.43 1711.88 1719.04 1702.21 1729.44 1707.94 1739.63 1706.09 1744.16 1722.6 1730.13 1689.58 1728.09 1696.3 
1622.72 1636.48 1607.98 1570.42 1605.84 1599.06 1604.38 1643.31 1653.44 1648.76 1581 1609.52 1637.46 1663.25 1606.57 1534.05 1651.49 1636.49 1619.38 1613.58 1584.16 1629.89 1606.78 1613.62 1642.11 1564.34 1599.55 1596.56 1584.93 1580.76 1619.9 1619.09 1623.98 1626.22 1607.63 1594.31 1618.46 1631.19 1520.34 1584.2 1589.46 1606.11 1625.39 1612.45 1608.48 1611.41 1583.74 1641.24 1592.49 1557.65 1580.94 
1544.18 1538.16 1547.19 1524.89 1479.56 1497.14 1497.35 1536.11 1538.86 1500.92 1467.63 1530.88 1534.6 1536.93 1510.96 1511.93 1535.5 1453.09 1504.17 1541.65 1506.71 1511.35 1553.13 1551.78 1509.07 1520.04 1513.74 1507.44 1521.51 1542.87 1498.02 1501.68 1553.01 1499 1487.43 1500.79 1522.48 1525.86 1490.5 1535.69 1519.95 1525.88 1525.52 1543.98 1515.65 1555.76 1517.79 1554.36 1548.77 1528.31 1507.18 
1520.08 1473.63 1484.29 1470.26 1403.41 1456.34 1476.19 1485.64 1512.04 1472.34 1352.73 1465 1499.19 1516.9 1494.21 1467.26 1496.45 1448.96 1490.9 1483.19 1437.99 1470.73 1407.81 1497.43 1481.58 1501.36 1504.95 1438.06 1485.99 1444.58 1491.88 1490.54 1470.26 1480.38 1485.4 1464.76 1492.8 1521.52 1489.25 1514.91 1477.88 1467.83 1466.68 1507.06 1474.93 1460.43 1450.33 1499.35 1466.18 1498.59 1484.16 
1469.87 1443.6 1396.42 965.47 892.362 1133.8 1457.61 936.433 1451.08 1319.48 886.296 1411.28 904.154 1462.72 1470.35 902.84 1390.36 901.81 1470.44 1449.58 890.61 932.353 952.223 1425.21 906.382 1446.06 1095.99 895.063 1476.89 921.837 1007.79 1431.1 1445.9 936.786 1408.42 891.746 1429.26 1443.26 1476.79 1446.14 1123.85 915.552 906.46 933.664 1093.96 908.905 894.159 927.442 1438.47 969.591 905.173 
1335.49 1329.19 907.545 908.479 892.355 896.183 907.015 890.214 912.259 918.684 886.295 898.004 900.538 1351.8 909.305 902.612 909.297 901.79 901.469 906.988 890.168 899.045 905.451 896.349 906.093 1056.31 904.047 895.046 1242.09 907.444 902.485 1326.19 1402.93 905.533 896.146 891.39 897.281 1346.75 898.198 1337.14 908.528 897.451 901.447 922.49 882.563 908.609 894.055 912.227 906.225 911.256 887.576 
902.089 1202.48 907.529 908.479 892.355 896.183 904.887 890.214 912.253 918.684 886.295 897.958 900.538 905.817 908.867 902.612 909.296 901.79 901.061 906.44 890.168 899.045 905.451 896.189 906.093 899.565 904.047 895.046 901.556 907.444 902.485 906.62 1210.49 905.533 896.145 891.39 896.221 1265.28 898.089 907.129 908.528 897.451 901.447 922.49 882.563 908.609 894.055 912.227 904.84 911.256 887.576 
902.089 1017.68 907.529 908.479 892.355 896.183 904.887 890.214 912.253 918.684 886.295 897.958 900.538 905.81 908.867 902.612 909.296 901.79 901.061 906.44 890.168 899.045 905.451 896.189 906.093 899.565 904.047 895.046 901.556 907.444 902.485 906.62 1050.12 905.533 896.145 891.39 896.221 1065.84 898.089 907.129 908.528 897.451 901.447 922.49 882.563 908.609 894.055 912.227 904.84 911.256 887.576 
902.089 907.584 907.529 908.479 892.355 896.183 904.887 890.214 912.253 918.684 886.295 897.958 900.538 905.81 908.867 902.612 909.296 901.79 901.061 906.44 890.168 899.045 905.451 896.189 906.093 899.565 904.047 895.046 901.556 907.444 902.485 906.62 906.116 905.533 896.145 891.39 896.221 904.758 898.089 907.129 908.528 897.451 901.447 922.49 882.563 908.609 894.055 912.227 904.84 911.256 887.576 
