14900 13137.9 13686.1 13531.2 13500.6 13347.9 13633.6 13767.9 13665.4 13301.4 13443 15349.5 14033.7 13546.2 11600.6 14509.6 14235.1 13047.9 12712.7 14418.4 14247.9 14220.6 14468.5 13030.7 15778.2 12579.8 13923.2 14912.5 14788.7 13838.4 13840.7 13573.4 13531.1 13834.3 14102 12356.1 13082.8 13875.8 15055.9 12333 11709.7 14157.9 12941.5 12748.3 14617.3 13631.7 14456.7 13724.1 13502.8 12890.7 11924.9 
9060.75 9799.7 9418.8 9718.74 8951.56 9391.31 8922.5 9759.72 9371.64 9069.9 9154.59 10087.6 9965.42 9846.45 8391.92 10198.2 9499.26 9115.51 9530.99 9775.23 8883.99 9962.07 9106.76 8872.16 9649.81 9255.7 10109.8 9529.2 9323.2 10005.7 10052.4 9642.18 9754.13 9625.45 9720.9 9197.47 9572.61 9996.66 8264.81 9246.29 8828.09 8406.56 9842.69 9531.68 10406.4 9060.93 9545.59 9393.07 8938.96 8930.69 8798.88 
7404.83 7730.42 7560.05 7619.84 7963.46 7850.6 7835.42 7771.68 6894.91 7635.66 7680.15 8278.15 7548.5 7790.58 7700.54 8508.84 7549.28 7835.17 7638.94 7850.99 7656.16 7371.64 7572.76 7677.67 7877.54 7726.21 7544.79 7300.62 7741.13 7790.32 7819.37 7526.22 7434.88 7826.59 7925.9 7403.2 7878.07 8002.99 8242.54 7819.48 6913.71 7774.35 7536.62 6993.65 8225.89 7765.92 8258.17 7757.24 7652.2 7404.86 7621.08 
6217.87 6473.47 6096.92 6215.35 6384.94 5895.92 6325.25 6175.63 6194.87 6176.24 6342.42 6242.07 6385.27 5796.73 6132.85 5829.6 6241.28 6405.81 6460.55 6547.12 6264.63 6276.23 6362.34 6435.84 6323.71 6472.28 6335.56 6242.23 6661.45 6460.42 6257.98 6390.86 5851.9 6436.97 6521.51 6391.29 6378.22 6084.52 6411.81 6501.83 6311.75 6335.93 6206.36 5875.56 6372.21 5987.55 6245.02 6159.66 6189.92 6273.25 5891.26 
5499.29 5333.78 5592.58 5501.4 5269.82 5299.65 5508.91 5211.55 5643.84 5164.2 5340.67 5344.4 5057.25 5536.13 5471.67 5366.15 5435.66 5350.62 5136.12 5401.61 4922.69 5506.28 5396.74 5426.93 5305.25 5214.82 4932.16 5202.66 5659.33 5603.54 5426.36 5187.63 5427.52 5171.09 5111.35 5426.75 5155.91 5417.97 5435.2 5047.37 5388.57 5519.75 5307.72 4989.05 5506.71 5166.52 5484.7 5436.73 5136.9 5639.88 5549.94 
4906.9 4834.64 4453.69 5012.4 4692.5 4677.49 4716.62 4630.13 5011.17 5010.06 4798.74 4808.26 4931.83 4740.14 4964.92 4918.63 4946.97 5001.03 4808.93 4692.66 4790.54 4850.91 4181.18 4627.01 4890.73 4999.21 4762.54 4677.86 4414.69 4660.78 4733.03 4555.16 4724.16 4771.36 4632.05 4919.48 4886.88 4647.17 4780.38 4369.64 4578.83 4736.54 4651.92 4654.1 4897.18 4699.96 4944.22 4636.84 4840.52 4910.75 4602.77 
4366.96 4514.2 4308.55 4520.61 4459.91 4570.97 4380.29 4376.72 4421.73 4149.25 4286.61 4536.15 4356.65 4453.1 4001.2 4414.73 4227.98 3863.77 4155.99 4326.75 4144.13 4411.55 4009.88 3943.81 4354.53 4194.26 4171.54 4544.81 4374.35 4367.46 4436.16 4338.74 4371.29 4210.08 4564.05 4113.02 4048.87 4551.38 4194.27 4260.39 4126.37 4383.9 4085.58 4577.63 4025.34 4244.04 4209.67 3961.32 4567.39 4412.71 4270.92 
3829.11 3992.36 3762.32 3874.25 3888.16 3864.67 3984.53 3884.59 3588.81 3779.34 3465.43 3991.81 3735.67 3743.63 3763.48 3899.41 3750.01 3470.43 3467.21 3934.45 3728.25 3883.99 3646.36 3728.73 3691.9 3569.01 3805.87 4002.21 3611.3 3643.07 3666.11 3926.35 3940.24 3790.89 3566.71 3725.22 3864.9 3954.76 3758.27 3791.89 3768.63 3843.64 3453.72 3788.14 3730.31 3544.14 3721.68 3306.48 3606.75 3649.55 3811.48 
3696.34 3370.27 3421.08 3634.89 3535.83 3499.72 3282.57 3550.18 3296.9 3581.24 3252.6 3634.72 3503.44 3474.92 3470.76 3117.25 3420.7 3331.54 3325.82 3594.29 3568.48 3638.32 3494.57 3557.62 3459.56 3307.7 3576.92 3603.68 2867 3420.06 3506.38 3431.08 3458.52 3470.11 3466.89 3486.42 3619.57 3585.88 3488.8 2976.05 3276.84 3677.4 3248.14 3337.23 3549.21 3457.93 3346.65 3071.84 3450.69 3415.6 3377.77 
3115.63 3056.63 3247.86 3219.19 3154.8 3132.62 3198.53 3234.16 3251.89 3053.73 2832.61 3137.18 3321.22 3039.04 3255.91 3068.7 2895.91 2898.13 3066.94 3333.33 3021.05 3175.04 3003.96 2993.6 3049.18 3102.3 2900.64 3064.55 2622.55 3060.27 2915.08 3241.38 3221.08 3093.66 3158.55 3073.96 3215.61 3219.46 3199.39 2872.55 2923.23 3255.81 3136.75 3059.06 3336.53 3052.03 3285.51 2985.72 3367.9 2710.3 3270.75 
2531.62 2831.6 2903.67 2581.34 2764.49 2630.83 2835.25 2675.03 2739.3 2687.75 2401.3 2797.67 2817.08 2630.62 2835.88 2820.43 1157.3 2337.5 2709.53 2728.35 2454.44 2715.74 2756.76 2496.42 2638.41 2593.74 2605.93 2782.47 1105.87 2718.43 2702.56 2678.83 2867.53 2812.45 2741.86 2771.32 2857.99 2679.73 2911.05 2705.89 2598.05 2616.35 2785.24 2585.56 2914.3 2578.72 2840 2713.68 2756.48 2518.51 2860.35 
1951.01 2111.72 1759.1 2003.37 1916.08 2149.86 2335.82 1921.14 1902.26 1980.97 1084.24 2046.66 2069.05 1969.11 1762.88 1310.93 1153.82 1066.18 2055.4 2130.65 1801.77 2094.45 1146.99 1770.78 2102.34 1963.59 2075.8 2170.24 1105.87 2141.46 1874.02 1910.78 2145.18 1898.8 1893.31 1980.97 2080.13 1926.66 2192.8 2021.08 1866.75 1972.59 2087.94 2046.59 1911.64 2091.57 2048.79 1888.46 2120.3 1141.36 2037.41 
1421.47 1380.44 1083.55 1509.53 1390.71 1440.7 1133.68 1395.56 1384.4 1457.39 1082.91 1549.38 1413.74 1421.48 1158.11 1254.15 1153.82 1064.55 1212.45 1550.77 1420.61 1086.93 1146.89 1403.18 1426.4 1366.58 1544.72 1448.26 1105.87 1404.2 1443.1 1297.44 1554.26 1417.87 1423.35 1512.42 1442.03 1440.97 1471.23 1392.62 1324.22 1423.45 1405.98 1485.63 1449.75 1446.18 1406.98 1415.27 1453.24 1140.91 1380.69 
1204.68 1091.3 1083.55 1167.54 1068.58 1081.96 1133.68 1113.42 1132.81 1158.29 1082.91 1221.03 1128.55 1175.61 1158.11 1254.15 1153.82 1064.55 966.305 1255.57 1100.07 1086.93 1146.89 1082.7 1114.14 1136.52 1175.15 1021.82 1105.87 1065.68 1141.83 1089.2 1213.24 1154.41 1132.95 1201.17 1153.92 1171.68 1152.45 1085.2 1074.88 1123.65 1080.27 1214.49 1142.46 1141.89 1130.13 1139.67 1049.01 1140.91 1102.13 
