96.2381 100.276 101.732 101.718 100.328 104.526 101.915 92.9327 102.171 99.6032 94.5616 104.226 110.324 101.172 113.471 93.7246 99.5836 88.5438 102.181 103.237 94.9854 96.5576 99.4003 94.8861 92.7979 105.057 105.802 98.641 102.839 101.354 103.623 84.9119 94.5705 103.228 105.375 101.897 101.756 101.217 98.1835 85.4517 103.8 100.156 101.322 99.7101 104.984 94.7929 100.566 101.969 104.258 95.6098 101.833 
80.6327 78.4245 80.4498 77.4899 80.6128 82.3007 82.8056 76.5032 78.2478 78.2649 72.5496 81.6042 83.5911 81.5799 81.615 79.8743 77.5813 83.7015 81.9117 83.8408 82.2132 76.2009 81.2066 77.4569 79.304 83.5996 86.548 71.4114 84.8922 69.9534 79.1166 76.9862 82.3665 74.7751 70.0062 79.5929 86.5906 73.6924 79.4038 76.137 75.6082 72.9303 80.0002 78.6148 78.486 79.776 83.3573 81.0799 86.6248 74.098 80.104 
61.9041 64.2679 62.1996 63.9346 63.0543 68.7859 65.3274 62.4069 68.0168 62.1724 69.1949 67.0303 63.1342 61.0156 65.714 66.0985 63.5131 63.2149 67.3387 59.9316 62.0871 55.9241 65.6381 60.3348 65.8184 61.9206 67.4295 60.7557 64.6276 65.7424 64.3454 60.1142 68.5261 56.564 64.2791 63.604 59.6936 66.6626 62.9971 67.9013 64.3478 57.5803 69.3077 63.195 59.9934 61.7785 68.066 68.106 65.4319 63.5042 64.4557 
47.6212 48.5162 45.6014 44.7229 45.2148 45.1951 50.3271 44.5809 43.1513 45.1338 47.0244 47.9893 43.7055 47.5578 46.241 47.1357 43.3649 44.9259 45.3618 44.4018 43.3137 39.2207 46.0693 51.8762 42.9326 47.6846 50.3909 46.7461 49.0633 49.6541 47.7383 47.0751 52.9851 41.6228 39.5808 47.1254 48.525 47.6743 39.034 46.1381 48.2978 37.9566 49.4225 45.9439 42.237 44.1256 42.2374 47.9524 47.9004 45.2632 46.3153 
26.5176 21.7807 22.8047 19.9266 22.0265 25.8228 24.5919 21.536 24.3039 24.5683 24.0972 21.5898 25.4174 24.3375 23.2542 23.3231 20.6192 22.8974 22.802 22.36 23.854 22.039 24.6194 24.1888 25.0793 21.6721 26.9256 22.226 22.8643 22.199 25.152 24.0743 22.6893 23.2555 24.354 24.1126 24.3292 22.5725 23.7057 24.4529 25.2869 22.3082 23.3288 23.3732 24.4801 17.7943 23.7117 22.2261 23.385 23.8449 23.1477 
5.38146 4.40744 4.93936 4.52843 4.54831 3.68995 4.73447 4.30174 4.50341 5.3141 4.61053 4.59587 4.22622 4.67798 4.27124 4.79342 4.50298 4.4767 3.96527 4.95417 4.70697 4.27014 4.99633 4.95045 4.24678 4.15876 5.34388 4.06774 4.56206 4.69352 4.80215 4.2217 4.79718 4.42943 4.81332 4.08548 4.81052 4.81171 4.21383 5.02025 4.76467 4.03826 4.92249 4.6973 4.33365 4.47992 4.4123 4.22423 4.24801 4.68957 4.71488 
0.321902 0.410184 0.423209 0.344307 0.342303 0.372342 0.340997 0.361719 0.279384 0.406555 0.317345 0.316311 0.35927 0.444213 0.372417 0.441128 0.347542 0.347022 0.385146 0.366263 0.374149 0.32059 0.431346 0.460849 0.332011 0.370185 0.430517 0.330338 0.369933 0.346611 0.388078 0.296124 0.413155 0.361922 0.377463 0.357531 0.384522 0.367769 0.309545 0.371455 0.37723 0.32065 0.370773 0.42995 0.371822 0.350281 0.33675 0.317361 0.347261 0.341964 0.424301 
0.0191324 0.0242636 0.0238995 0.020741 0.0231182 0.0217953 0.0226007 0.0234126 0.0173131 0.0261425 0.0214189 0.0187695 0.0205746 0.0230064 0.0273239 0.0255532 0.017022 0.0213998 0.0244297 0.0216643 0.023405 0.0168302 0.0221803 0.0259868 0.0198021 0.0219351 0.0247623 0.0210465 0.0184844 0.0196934 0.0234193 0.0197932 0.0228165 0.0171389 0.024566 0.0224325 0.0210951 0.018354 0.0170176 0.0221017 0.0198635 0.0186216 0.0209672 0.0194706 0.0204095 0.0192868 0.0220563 0.0230015 0.0170985 0.02142 0.019767 
6.55939e-05 0.000125192 7.55006e-05 0.000106619 9.16911e-05 0.000123225 9.18769e-05 8.01186e-05 0.000108641 0.000112656 0.000156605 7.37968e-05 9.31268e-05 0.000148531 0.000117014 0.000127735 6.0121e-05 8.36405e-05 0.000133481 8.72544e-05 0.00014722 4.31765e-05 9.41197e-05 0.000125655 8.16276e-05 7.1834e-05 0.000110298 0.000135541 4.6227e-05 8.75722e-05 0.000104505 9.51354e-05 6.49316e-05 4.44978e-05 0.000103459 0.000138332 9.09409e-05 5.53848e-05 0.000101202 7.24647e-05 0.000115738 6.51835e-05 5.22203e-05 0.000130148 9.44956e-05 6.56982e-05 0.00012954 0.00011263 0.000123315 0.00013557 0.000105709 
1.11192e-06 8.68593e-07 1.64713e-07 1.53258e-06 1.05098e-06 8.73297e-07 8.25275e-07 1.17609e-06 4.55493e-07 2.96447e-07 1.00577e-06 1.09989e-06 2.21937e-06 9.55576e-07 1.89373e-06 3.59797e-07 6.96894e-07 7.8454e-07 8.44572e-06 5.16058e-06 4.57274e-06 6.86546e-07 1.29611e-06 1.61399e-06 4.16581e-06 3.78167e-07 3.11709e-06 2.207e-05 3.80678e-07 1.76366e-07 2.12414e-06 4.49742e-07 1.16822e-07 7.67083e-07 1.81768e-06 4.54914e-07 2.05984e-06 4.7039e-07 7.00744e-07 2.9172e-07 2.22936e-06 9.45612e-07 1.30842e-06 1.37546e-06 3.35416e-07 4.15263e-06 7.29306e-06 1.64647e-06 1.6861e-06 4.32448e-07 1.41596e-07 
5.10802e-07 2.0447e-07 0 6.16324e-07 2.54158e-07 1.17878e-07 2.05868e-07 3.71882e-07 6.30143e-08 1.59507e-08 3.44598e-07 3.18044e-07 1.44999e-06 2.20131e-07 7.67582e-07 0 2.68626e-07 2.12859e-07 6.32591e-06 3.62125e-06 2.69687e-06 2.23578e-07 6.52433e-07 4.6433e-07 2.71283e-06 5.54893e-08 1.98327e-06 1.73814e-05 9.98599e-08 0 6.21376e-07 5.57974e-08 0 3.84006e-07 9.82309e-07 6.54384e-08 1.12082e-06 5.36709e-08 2.19133e-07 0 1.24662e-06 4.73909e-07 7.17738e-07 4.54836e-07 0 3.32484e-06 5.47354e-06 7.07865e-07 7.24477e-07 0 0 
3.89597e-07 1.92632e-07 0 6.02728e-07 1.92459e-07 1.1625e-07 1.91779e-07 3.1182e-07 4.8565e-08 0 3.10769e-07 3.1082e-07 1.35896e-06 1.95467e-07 7.03707e-07 0 1.93646e-07 1.91772e-07 6.07214e-06 3.5856e-06 2.59427e-06 2.01714e-07 5.97267e-07 4.32421e-07 2.53236e-06 4.79602e-08 1.93076e-06 1.70902e-05 4.87637e-08 0 5.87562e-07 4.79474e-08 0 3.82319e-07 8.96543e-07 4.90052e-08 1.01564e-06 4.80264e-08 1.92114e-07 0 1.11933e-06 4.58248e-07 5.98821e-07 4.24596e-07 0 3.27665e-06 5.25792e-06 4.35007e-07 7.01141e-07 0 0 
3.82319e-07 1.91771e-07 0 6.02713e-07 1.91771e-07 1.14534e-07 1.91771e-07 3.10681e-07 4.79428e-08 0 3.10681e-07 3.10681e-07 1.35889e-06 1.91771e-07 7.01034e-07 0 1.91771e-07 1.91771e-07 6.06378e-06 3.58539e-06 2.58569e-06 1.91771e-07 5.96479e-07 4.31485e-07 2.52816e-06 4.79428e-08 1.92946e-06 1.709e-05 4.79428e-08 0 5.29725e-07 4.79428e-08 0 3.82319e-07 8.96393e-07 4.79428e-08 1.012e-06 4.79428e-08 1.91771e-07 0 1.11563e-06 4.58138e-07 5.96479e-07 3.82319e-07 0 3.2724e-06 5.25749e-06 4.31485e-07 7.01034e-07 0 0 
3.82319e-07 1.91771e-07 0 6.02713e-07 1.91771e-07 1.14534e-07 1.91771e-07 3.10681e-07 4.79428e-08 0 3.10681e-07 3.10681e-07 1.35889e-06 1.91771e-07 7.01034e-07 0 1.91771e-07 1.91771e-07 6.06378e-06 3.58539e-06 2.58569e-06 1.91771e-07 5.96479e-07 4.31485e-07 2.52816e-06 4.79428e-08 1.92946e-06 1.709e-05 4.79428e-08 0 5.29725e-07 4.79428e-08 0 3.82319e-07 8.96393e-07 4.79428e-08 1.012e-06 4.79428e-08 1.91771e-07 0 1.11563e-06 4.58138e-07 5.96479e-07 3.82319e-07 0 3.2724e-06 5.25749e-06 4.31485e-07 7.01034e-07 0 0 
