380.454 1660.61 499.548 1440.24 5504.58 425.61 1059.68 643.816 573.696 789.975 603.147 859.328 2356.67 361.379 129.391 411.639 848.93 1027.92 861.468 2382.71 1354.75 1137.52 980.27 747.027 1084.22 1044.46 918.156 752.466 2079.82 1630.01 685.044 874.599 1653.04 1359.67 339.042 856.25 998.012 2722.57 388.037 1704.44 352.085 1821.83 801.084 1214.95 1557.85 2260.17 904.395 1361.21 1577.64 2219.75 480.411 
319.287 147.024 260.684 456.324 742.869 391.398 407.766 555.3 573.696 305.35 603.147 388.788 707.31 361.379 129.391 305.888 324.932 364.249 733 372.655 375.585 318.808 138.128 422.003 692.137 270.091 363.649 549.211 291.56 309.568 356.673 420.502 395.826 301.996 339.042 237.428 285.91 934.004 293.802 229.566 258.053 393.715 370.816 242.53 349.281 240.85 299.021 475.081 379.136 518.062 285.707 
225.611 147.024 214.573 122.051 201.453 175.373 175.491 128.708 159.161 197.799 148.353 133.686 204.986 182.041 108.344 121.956 125.053 203.772 78.4776 132.584 182.578 205.302 138.128 159.106 216.747 140.627 124.651 248.353 142.291 284.365 202.206 130.511 153.006 94.8923 169.922 198.644 243.328 151.633 103.561 123.83 234.001 236.273 151.673 221.879 177.999 188.144 78.8197 243.434 275.158 175.105 124.73 
71.1946 75.2926 73.3312 73.7585 90.1338 91.8267 84.0536 61.4407 63.2626 69.2185 72.7973 64.0121 107.38 72.5067 67.1243 61.4132 45.0694 60.8262 70.6926 72.1347 61.8112 78.0839 60.3924 83.5196 67.7194 68.9023 71.8836 44.7626 63.0004 53.5685 83.0804 86.8423 88.4918 61.1971 75.3821 56.5123 65.7979 68.6314 81.9922 51.5518 90.9985 55.1033 100.528 79.8285 92.7734 109.408 78.8197 72.8493 76.0183 63.8428 70.3448 
18.108 18.8637 18.5993 18.9211 26.4875 9.34914 18.2191 20.943 10.9942 10.8776 18.415 23.5116 20.5478 18.7702 16.5619 15.315 22.6887 21.028 19.0502 20.3669 17.2265 22.4934 21.1728 24.7858 14.5646 22.6327 16.8978 19.5094 20.8678 22.2261 20.3718 17.5899 17.942 13.7697 23.1972 19.2023 17.5056 21.5298 14.2147 18.457 17.1096 23.3308 16.1681 18.0694 20.6011 13.4044 20.2888 12.5559 24.6222 16.6108 23.6115 
8.64228 5.39046 11.067 10.4297 9.9342 9.34914 9.39848 10.389 9.20087 4.96941 10.3942 10.3423 9.95198 8.78212 8.08789 9.84965 8.06425 10.2717 8.65876 7.03656 11.0964 9.76274 10.1436 9.31791 8.69065 12.9156 10.7333 9.92312 11.8185 11.4645 8.14572 6.97425 10.138 9.69881 8.16834 11.1526 12.3374 10.8924 9.47735 10.3441 7.76806 10.9517 8.73314 5.8926 6.91503 8.67567 9.54319 8.98103 9.61112 12.7316 12.7932 
7.97917 5.39046 7.12539 8.0778 6.8203 8.79805 5.70452 7.76403 6.63664 3.64399 6.87911 6.37629 4.2145 6.98929 7.20776 7.97136 8.06425 7.66075 7.92891 7.03656 7.23296 7.52877 7.06206 5.99628 5.01459 7.35736 6.36681 4.68421 7.66037 5.25197 5.59963 6.97425 6.62941 7.23246 7.74312 4.25901 6.37763 5.96233 6.08402 6.8679 6.27345 5.75464 6.68212 5.8926 4.41835 5.77392 5.11969 6.19745 7.24338 7.40222 7.27702 
4.42075 3.92485 4.78359 4.97062 4.25928 4.63018 4.27466 6.19188 3.30943 3.58728 4.23283 5.32314 3.62558 4.47014 3.74399 5.33135 5.15483 6.14631 4.35187 3.72924 5.62373 4.85625 4.33235 4.96707 4.04436 4.74874 4.95544 4.33922 4.64233 3.20959 3.47452 5.08558 5.13672 5.31062 4.76304 3.23792 4.65922 5.08119 5.29025 4.88654 3.79371 4.39493 4.37418 4.64876 3.69502 4.78595 2.85488 3.98611 4.75442 3.87085 3.98354 
4.01782 3.35677 3.538 3.36123 3.12079 3.45541 3.22145 3.96427 2.90416 2.42269 3.85532 3.45544 1.99368 2.91598 2.69385 3.36441 3.36032 3.33001 3.44262 3.40761 4.39333 2.77218 3.20016 3.6765 2.71525 3.49265 3.3057 3.1986 2.82661 2.42775 3.15231 3.12802 4.14443 3.23218 3.62615 2.50375 3.52731 3.64306 3.58868 3.51171 2.89714 3.03357 2.8673 3.31017 1.74443 3.26585 1.93893 3.74379 4.24905 3.42547 2.74103 
2.96173 2.12935 2.54951 2.53212 2.90184 2.86301 2.78678 3.26969 1.86472 1.84252 3.32217 3.06285 1.74643 2.55026 2.04954 2.88493 2.46179 2.95869 2.90206 2.88703 3.36906 2.56309 3.12731 2.83293 2.40736 2.74468 3.11922 2.53433 2.33615 2.38035 2.57755 2.49927 2.86284 2.08582 2.32838 2.331 2.99405 2.74344 3.27838 2.77052 2.19053 2.03095 2.58776 2.74253 1.52914 2.48605 1.50403 2.69786 3.22944 1.96913 1.9967 
2.19583 1.61288 0.356307 0.103046 0.767526 0.00118402 0.379923 0.31069 2.35885e-05 0.38489 1.54809 1.80038 0.0176552 1.68632 0.000125829 2.43778 1.90538 0.00107793 2.35734 1.02767 2.40869 0.00940427 0.782812 1.40064 1.91697 0.000210813 2.50434 0.00712212 1.62227 0.00221345 1.59013 0.154845 2.28767 0.00152711 0.000721343 0.0282617 0.0489215 1.60816 1.88691 1.56733 0.143468 0.016924 0.0909025 0.0676511 0.0311823 0.000127478 0.561515 2.02954 0.0841545 1.91051 0.00945449 
0 0 0 0 0 0 0 0 0 0 0 0 0 0.214659 0 5.38823e-08 0 0 0 0 0 0 0 0 0.880351 0 1.48487e-07 0 0.000326579 0 0 0 1.37085e-06 0 0 0 0 0 0 0 0 0 0 0 0 0 0 0.903079 0 0.00292667 0 
0 0 0 0 0 0 0 0 0 0 0 0 0 0 0 0 0 0 0 0 0 0 0 0 0 0 0 0 0 0 0 0 0 0 0 0 0 0 0 0 0 0 0 0 0 0 0 0 0 0 0 
0 0 0 0 0 0 0 0 0 0 0 0 0 0 0 0 0 0 0 0 0 0 0 0 0 0 0 0 0 0 0 0 0 0 0 0 0 0 0 0 0 0 0 0 0 0 0 0 0 0 0 
