37262.8 44591.9 40507.9 35917.9 45603.6 32530.5 44931.5 46640.2 43520.4 40630.8 45320.1 39990.3 46759.1 44987.9 48572.1 43020.8 45420.7 47024.1 47270.7 48600 48304.6 41520.2 50013.9 38884.3 35209.1 46056.2 40931.8 41659.7 43664.4 40471.6 45147.6 40904.3 27016.6 36407.3 38215.2 43850.6 47609.9 32882.9 41167.3 48699.8 44953.3 42755 45482.7 37560.2 42079.3 41478.1 36533.3 40014.6 42831.5 30241 39221.7 
26940.3 28907.9 30196.8 27891.3 28862.2 22313.1 31428.9 23713.5 23710.4 26670 24216.1 29235.1 29108.2 23646.4 26264.7 26711.2 26358.3 25967.1 29166.2 21818.7 26498 26646.4 22413.3 20749.9 31508.8 30914.9 31154 30106.2 31257.5 30797.6 23244.4 27462.6 27016.6 21616.3 28161.1 21532.2 31219.4 28723.1 25035.2 24546.4 31262.1 26386.7 25794.8 26521 28501.4 27043 21048.4 25515.7 32048.9 26136.3 28557.1 
20477.7 19133.3 19160.5 20223 17089.6 16961.6 19593.5 18825.1 16998.5 11816.2 15105.5 15190.1 19691.3 14424.6 17782.3 17871.3 17560.1 17356.5 16336.7 20369.1 18507.9 18521.6 15002 16111.2 18712.9 17924.9 16837.3 19141.2 18450.4 17176.7 17798.9 15750.2 16064.9 15904 17441.8 16963.2 20230.7 19105.2 17827.3 16969.8 18902 15521.9 20084.5 19343.8 18932.8 17400.1 17104.5 16744.4 18331.7 17651.7 19301.8 
10287.7 10901.4 10002.4 10074.9 10410.3 8978.79 8875.3 8175.87 6773.48 7225.51 9402.15 7926.6 10646 9062.01 8898.08 9191.93 9773.81 10518.6 9349.78 9609.79 9947.18 8546.13 8955.2 9258.82 9527.27 9203.65 9571.17 7985.75 9820.46 8840.02 8837.15 9567.33 9586.76 9328.81 8299.24 7752.65 8825.48 8944.45 8519.09 9014.3 9850.83 8344.55 8564.05 8736.63 10851.7 8800.52 9945.53 10066.7 9815.85 10450.8 6059.74 
2437.75 1930.3 2452.67 2551.1 2066.45 2209.5 2400.07 2374.03 2077.15 2330.76 2751.49 1782.14 2322.5 2133 2152.27 2217.49 2019.79 1683.79 2699 2614.69 1871.18 2751.91 2410.09 2618.45 1647.47 2139.86 1903.84 2209.71 2422.43 2651.67 2213.6 2663.17 2043.49 2361.54 2440.07 2213.44 2172.08 2194.33 2537.79 2472.2 2345.98 2824.98 1356.94 2667.4 2297.36 1988.98 2295.41 1842.46 1641.27 1968.08 1713.72 
95.0646 77.8173 80.5574 71.871 85.3856 88.2846 85.0315 102.045 61.0783 84.4639 86.986 93.4239 76.4592 78.1888 83.1266 75.0902 86.7332 82.6826 84.944 83.472 55.9297 75.9445 93.029 80.4564 77.8368 83.0013 78.3522 54.4029 86.7502 60.983 81.0192 74.071 71.1164 72.7856 84.4681 90.4173 91.7887 86.1822 89.3893 76.1471 78.9012 106.527 59.5816 73.5145 108.593 77.4775 76.4074 73.4666 87.5962 91.9023 86.3868 
0.507465 0.456957 0.637743 0.49617 0.511458 0.421107 0.50135 0.501539 0.371111 0.418824 0.71574 0.591471 0.470815 0.396713 0.331779 0.390079 0.500047 0.444588 0.430738 0.336322 0.34319 0.379525 0.573614 0.413678 0.411078 0.463776 0.419677 0.271487 0.352771 0.38993 0.367655 0.258883 0.374061 0.471803 0.431237 0.478208 0.477686 0.426891 0.370532 0.428812 0.406988 0.547179 0.480077 0.478379 0.653447 0.296882 0.441835 0.333944 0.327486 0.437252 0.405669 
7.48569e-05 8.76336e-05 0.000112129 5.06869e-05 5.97204e-05 3.70434e-05 4.99999e-05 7.93797e-05 4.28621e-05 5.96932e-05 0.000116277 9.02515e-05 4.97542e-05 5.87353e-05 3.45155e-05 4.15401e-05 4.41653e-05 5.76947e-05 3.79615e-05 5.4821e-05 3.38601e-05 4.38327e-05 6.71918e-05 8.18575e-05 4.76158e-05 6.19723e-05 6.02062e-05 3.43281e-05 4.3823e-05 5.18125e-05 3.7256e-05 2.65953e-05 6.8671e-05 5.93788e-05 5.89946e-05 3.6919e-05 7.40949e-05 4.27604e-05 3.75125e-05 3.98999e-05 5.06351e-05 8.2661e-05 9.64068e-05 4.91456e-05 7.60306e-05 3.4355e-05 5.23413e-05 3.98312e-05 3.11866e-05 4.8155e-05 5.84227e-05 
0 0 0 0 0 0 0 0 0 0 0 0 0 0 0 0 0 0 0 0 0 0 0 0 0 0 0 0 0 0 0 0 0 0 0 0 0 0 0 0 0 0 0 0 0 0 0 0 0 0 0 
0 0 0 0 0 0 0 0 0 0 0 0 0 0 0 0 0 0 0 0 0 0 0 0 0 0 0 0 0 0 0 0 0 0 0 0 0 0 0 0 0 0 0 0 0 0 0 0 0 0 0 
0 0 0 0 0 0 0 0 0 0 0 0 0 0 0 0 0 0 0 0 0 0 0 0 0 0 0 0 0 0 0 0 0 0 0 0 0 0 0 0 0 0 0 0 0 0 0 0 0 0 0 
0 0 0 0 0 0 0 0 0 0 0 0 0 0 0 0 0 0 0 0 0 0 0 0 0 0 0 0 0 0 0 0 0 0 0 0 0 0 0 0 0 0 0 0 0 0 0 0 0 0 0 
0 0 0 0 0 0 0 0 0 0 0 0 0 0 0 0 0 0 0 0 0 0 0 0 0 0 0 0 0 0 0 0 0 0 0 0 0 0 0 0 0 0 0 0 0 0 0 0 0 0 0 
0 0 0 0 0 0 0 0 0 0 0 0 0 0 0 0 0 0 0 0 0 0 0 0 0 0 0 0 0 0 0 0 0 0 0 0 0 0 0 0 0 0 0 0 0 0 0 0 0 0 0 
