2082.1 2056.82 2085.13 2083.98 2129.97 2128.25 2174.99 2127.05 2184.02 2110.04 2014.32 2168.38 2113.45 2128.21 2084.5 2108.42 2055.26 2181.71 2120.29 2128.68 2195.41 2113.48 2091.58 2039.71 2126.24 2092.27 2045.64 2100.37 2089.73 2062.9 2101.02 2035.9 2137.79 2054.93 2177.48 2075.33 2086.3 2079.4 2079.94 2119.2 2121.71 2181.12 2153.49 2106.11 2128.68 2016.71 2235.58 2110.53 2190.69 2027.21 2100.57 
1683.64 1708.24 1671.59 1679.91 1728.67 1692.47 1690.63 1738.6 1776.37 1750.71 1633.09 1696.09 1542.99 1618.32 1779.36 1770.88 1742.06 1719.14 1688.02 1744.02 1746.9 1722.43 1687.6 1743.47 1737.79 1657.37 1751.42 1727.63 1648.18 1716.1 1673.36 1618.35 1742.32 1693.24 1731.07 1703.46 1759.3 1695.96 1694.11 1684.29 1716.71 1654.43 1738.68 1671.01 1739.49 1692.97 1749.84 1680.53 1643.09 1679.99 1746.13 
1470.24 1533.35 1512.63 1542.87 1487.36 1537.23 1528.35 1528.72 1587.28 1541.06 1522.39 1525.19 1450.65 1516.98 1430.19 1573.77 1527.34 1472.47 1551.65 1516.69 1477.16 1498.56 1504.72 1528.65 1484.75 1482.29 1538.38 1537.65 1523.63 1511.32 1546.58 1443.78 1563.51 1534.46 1547.93 1561.4 1546.92 1544.48 1501.98 1573.96 1514.42 1553.89 1470.41 1500.79 1512.05 1543.85 1535.14 1494.61 1538.41 1492.95 1529.13 
1247.77 1375.83 1303.04 1385.15 1357.42 1326.58 1293.1 1367.27 1352.83 1308.03 1324.45 1334.98 1327.84 1317.65 1343.01 1298.11 1276.91 1329.77 1332.52 1340.56 1332.78 1341.74 1363.96 1356.76 1364.92 1296.37 1330.22 1299.8 1336.95 1373.7 1355 1326.44 1337.34 1347.92 1359.91 1317.39 1366.87 1349.15 1315.81 1311.85 1350.13 1323.76 1350.13 1294.3 1312.21 1361.76 1303.91 1338.61 1316.1 1345.33 1358.84 
1158.09 1173.32 1184.55 1210.55 1159.41 1146.58 1185.05 1144.46 1156.59 1196.56 1194.34 1216.48 1193.7 1161.41 1159.8 1154.94 1202.99 1194.33 1161.67 1177.5 1201 1129.5 1188.79 1174.6 1172.93 1134.24 1179.67 1190.95 1156.17 1158.2 1204.28 1183.78 1160.89 1178.58 1204.14 1167.44 1140.96 1113.84 1174.79 1180.82 1176.51 1134.33 1168.78 1148.55 1177.91 1152.18 1193.21 1197.43 1145.98 1143.43 1189.55 
1085.91 1089.54 1076.05 1047.64 1096.43 1092.86 1088.48 1113.45 1079.4 1089.46 1113.6 1091.31 1093.22 1060.94 1087.31 1099.79 1100.43 1081 1066.34 1052.95 1088.86 1051.76 1115.23 1079.74 1087.7 1081.18 1091.71 1077.53 1062.4 1109.18 1075.84 1085.75 1058.02 1055.84 1048.41 1053.67 1083.53 1108.94 1051.29 1032.39 1072.04 1061.24 1084.7 1097.18 1020.24 1080.29 1077.5 1066.8 1074.53 1041.81 1077.13 
997.326 1020.34 1025.71 1017.21 975.563 1033.91 1025.05 1009.92 1026.77 998.885 1035.78 1028.47 979.713 1000.59 1028.73 1025.75 959.051 1036.83 995.202 1019.11 1028.56 1018.34 1032.99 995.378 1030.5 1042.74 1007.55 1020.58 1007.94 1012.25 1019.47 1020.91 1007.87 1025.47 1019.8 999.325 1027.23 1026.42 1043.69 1029.66 1010.98 997.932 1018.05 1027.48 979.879 1010.74 1017.69 1051.3 1042.41 999.334 1004.27 
918.489 928.136 913.784 950.511 956.36 932.615 928.973 981.265 959.22 941.39 942.739 940.16 932.92 894.335 942.292 937.429 911.752 941.172 875.82 960.102 950.542 928.416 952.958 971.48 948.743 937.795 935.726 926.985 916.346 867.992 931.418 974.468 879.745 921.662 950.267 991.983 884.09 951.944 953.101 940.908 952.316 918.74 912.959 917.311 921.188 926.834 932.615 928.149 889.752 938.876 922.571 
877.744 884.527 896.648 863.506 904.087 881.321 863.362 917.935 893.048 854.065 849.525 899.778 867.71 885.042 878.373 839.986 894.04 877.418 861.534 896.947 875.241 898.156 898.7 874.199 854.318 881.287 844.049 871.353 817.754 833.218 830.542 846.128 876.405 856.77 913.352 928.105 878.713 909.782 890.241 879.102 889.04 891.362 843.971 864.905 892.582 860.557 882.232 888.884 885.113 907.368 909.195 
792.016 817.048 828.799 842.181 839.091 828.12 832.218 805.236 859.185 816.459 817.338 849.693 846.255 799.235 818.75 820.098 781.811 818.09 827.827 815.258 842.299 834.458 848.213 818.109 831.414 818.079 826.751 801.898 815.01 829.638 792.521 811.894 837.414 817.303 854.767 853.394 809.775 794.023 825.331 857.486 844.325 857.147 811.897 794.965 829.225 789.368 803.967 822.386 790.25 847.595 858.187 
708.884 716.989 734.208 759.278 741.435 755.44 744.097 750.666 741.686 759.199 666.365 776.073 664.694 734.058 758.323 773.987 743.257 759.162 721.334 742.521 754.774 727.585 749.149 744.716 724.991 737.843 763.989 720.798 725.111 729.284 726.246 726.978 732.183 756.919 741.415 773.676 749.711 734.466 741.857 754.868 764.358 804.385 696.798 702.049 740.646 723.747 728.684 743.671 722.102 732.756 747.031 
566.794 560.001 578.333 571.268 558.68 590.083 549.939 584.627 594.215 616.529 510.42 586.864 576.03 523.047 556.081 602.818 542.166 588.488 549.102 596.842 569.551 584.888 600.865 560.785 574.068 589.673 576.483 577.989 519.357 585.554 581.867 597.458 552.429 619.868 594.413 641.069 596.055 599.833 568.378 551.436 589.862 567.992 579.34 546.946 583.979 586.883 547.411 595.957 544.395 575.928 598.757 
405.099 404.007 457.945 423.703 421.105 440.915 429.99 423.242 430.01 433.628 432.678 444.757 411.797 400.257 424.638 432.783 429.391 421.914 427.463 444.841 443.069 411.981 426.797 444.4 438.043 441.631 419.386 447.462 424.512 430.144 410.397 461.124 445.234 455.382 453.538 456.828 435.471 429.639 431.133 395.278 419.103 422.872 437.211 419.936 430.398 429.054 440.511 438.85 419.982 415.047 427.386 
259.844 255.403 260.126 260.866 272.283 269.827 262.111 255.535 268.212 259.67 260.798 257.5 266.551 256.531 263.562 265.859 269.133 267.802 264.422 262.21 262.001 259.257 265.448 269.265 263.613 278.253 257.271 263.858 265.657 258.932 268.067 262.355 268.699 279.637 274.366 259.265 255.621 257.627 262.28 266.119 262.005 264.216 265.401 261.836 245.802 255.796 267.071 270.189 259.753 266.88 278.996 
