595.91 658.182 573.96 535.428 658.953 492.913 585.209 572.994 592.901 504.759 524.848 610.213 427.205 636.089 548.198 671.068 481.755 481.386 516.645 584.646 565.728 571.296 624.852 646.857 511.385 521.063 512.221 569.374 589.013 660.198 554.491 596.816 682.771 597.096 781.696 468.626 640.881 509.702 557.079 577.529 670.357 519.765 669.011 726.268 442.203 658.473 574.919 526.24 671.719 541.437 690.691 
437.563 502.579 541.93 457.153 482.991 492.913 510.208 482.65 402.889 378.449 484.335 441.664 427.205 389.659 504.494 412.147 481.755 450.234 516.645 507.237 391.202 420.857 581.794 476.442 511.385 507.224 451.713 501.793 474.103 535.587 504.855 420.092 476.597 484.86 560.526 467.136 456.013 421.924 460.219 467.522 443.787 485.993 390.393 585.663 442.033 378.996 393.208 395.369 414.859 541.437 405.638 
353.977 458.494 448.905 434.155 427.865 457.796 363.944 467.561 377.531 378.449 374.746 439.092 427.205 389.659 430.871 412.147 402.926 450.234 396.501 418.618 391.202 420.857 450.183 360.056 447.365 457.201 369.36 444.588 447.858 483.412 446.566 420.092 408.883 457.549 474.673 387.402 399.724 406.562 451.517 351.832 443.787 418.679 390.393 417.203 442.033 378.996 393.208 395.369 414.859 454.125 405.638 
344.602 379.9 428.594 404.659 329.493 400.815 363.944 325.569 377.531 313.949 365.465 317.034 394.495 389.659 365.656 367.192 351.282 358.965 396.501 335.497 383.544 340.904 383.157 360.056 376.537 349.972 369.36 367.362 373.194 404.098 369.165 340.832 365.704 410.616 347.512 386.137 355.475 406.562 404.226 351.832 356.343 363.961 390.393 373.488 387.215 353.707 342.973 353.598 414.859 363.681 319.073 
299.644 336.761 351.931 338.432 329.493 310.826 363.944 325.569 334.109 303.639 329.031 317.034 312.476 329.082 307.656 327.605 351.282 317.608 307.54 335.497 331.918 340.904 373.58 299.143 322.762 349.972 327.106 336.392 356.943 322.85 320.764 310.861 325.521 341.339 338.789 321.158 340.274 299.144 350.816 346.134 332.788 339.083 315.802 268.393 376.819 294.818 320.222 313.027 378.872 344.322 319.073 
299.335 294.344 300.8 315.421 326.577 287.878 320.617 294.774 303.422 303.639 297.499 307.355 308.21 302.486 286.068 302.538 330.279 282.505 295.931 274.142 301.246 304.099 300.535 299.143 283.05 311.334 291.785 297.124 300.261 305.823 300.38 276.335 297.129 306.406 316.152 307.361 313.533 265.991 283.2 316.584 301.302 315.324 285.62 268.393 283.749 253.926 294.193 280.232 277.256 297.405 284.688 
274.681 268.397 284.168 281.057 280.279 279.04 300.538 288.817 297.5 276.62 272.149 276.708 298.044 272.449 261.572 266.146 276.26 272.426 272.358 265.896 282.008 283.179 285.847 299.143 273.773 284.073 284.46 265.338 283.629 282.494 270.202 276.335 289.028 285.783 272.294 273.723 266.47 265.991 275.643 285.133 285.079 269.781 277.469 256.362 282.73 253.926 284.811 268.097 277.256 275.459 243.59 
260.146 256.792 280.205 271.535 271.984 256.48 271.774 269.528 275.301 264.459 272.149 259.177 273.862 272.449 261.196 266.146 268.256 262.81 263.191 265.896 263.082 268.356 259.542 265.057 258.05 266.244 270.162 260.872 245.417 257.916 270.202 266.717 258.366 271.766 270.146 270.377 248.413 254.582 263.543 260.447 284.524 269.781 257.846 256.362 268.936 245.166 261.578 268.097 254.789 256.825 241.626 
253.36 256.792 265.132 259.615 265.252 253.227 264.406 255.694 264.257 264.459 262.829 248.363 257.938 265.392 259.686 262.017 259.156 261.935 263.191 258.764 263.082 255.275 259.542 265.057 246.571 256.476 258.701 256.585 245.417 251.013 262.33 251.009 257.83 259.119 257.254 257.106 248.413 254.494 247.726 251.803 274.758 266.095 251.992 254.006 257.376 245.166 256.282 248.976 254.53 256.825 235.931 
245.503 252.48 252.37 257.43 263.859 246.951 251.841 252.94 253.437 259.477 255.075 247.672 255.91 255.735 243.517 247.887 248.395 242.919 240.995 248.172 260.696 245.148 253.907 257.656 241.023 251.825 251.941 252.807 245.417 250.727 256.358 249.711 253.453 251.867 248.34 246.477 246.868 247.944 245.781 245.814 255.029 257.433 247.153 249.624 251.586 244.369 249.4 248.976 245.223 256.825 235.866 
242.271 245.419 252.353 248.124 256.763 237.194 247.513 242.052 248.123 244.748 247.032 239.464 249.146 252.992 242.399 245.254 246.526 242.808 240.677 247.199 256.256 244.27 250.35 246.132 238.15 243.69 246.663 249.616 243.089 246.027 254.952 239.738 244.028 248.09 246.77 241.011 236.419 242.277 245.781 243.329 248.072 252.812 247.153 238.79 249.239 239.104 248.136 247.32 243.829 242.259 233.13 
237.665 237.638 243.128 246.874 253.95 234.791 237.521 239.686 241.672 241.679 244.591 236.539 243.475 251.768 241.535 239.733 241.375 234.747 238.334 241.862 251.711 239.078 244.441 243.623 237.288 240.014 239.56 243.861 238.177 240.389 251.335 238.878 239.118 240.026 244.8 239.929 234.834 234.669 245.781 240.967 237.122 250.066 242.492 238.79 238.114 237.269 237.261 243.348 242.499 240.345 231.868 
234.687 236.865 242.23 240.648 248.063 233.809 234.619 238.928 240.799 239.117 238.675 234.31 239.201 247.036 238.897 239.317 237.404 234.015 235.955 237.73 244.085 236.311 244.381 240.709 237.237 236.193 235.996 235.038 233.827 238.061 246.762 238.392 236.496 239.224 237.24 235.372 234.67 232.396 245.626 236.737 234.799 247.716 240.328 237.953 233.113 236.257 232.871 232.084 239.273 239.391 231.157 
234.079 235.986 241.449 238.205 241.623 232.124 232.325 233.318 238.691 233.184 236.04 231.71 235.705 240.942 233.854 238.948 233.006 231.968 232.482 232.76 239.498 233.641 236.721 237.604 232.664 230.056 234.602 232.121 229.035 232.096 234.642 234.301 234.983 235.937 235.626 231.864 233.005 232.062 235.882 233.028 232.038 233.015 233.927 232.065 231.823 232.304 231.68 231.697 236.151 232.472 229.059 
