13920 15874 14610.5 11909.7 14968.3 12754.9 14028.5 14514.5 15281.4 12020 13407.4 10857.8 12670.3 17896.3 17765.7 13885 13005.4 14150.4 13499.8 12776.5 15887.8 13679.6 14056 14535.2 15892 14235.4 10055.7 15535.1 13880 16299.5 12424.5 14232.4 13343.6 14841 14873.5 12756.9 12807.9 16493.4 14870.9 13780.8 12903.7 15920.7 11450.8 12649 13326.7 11874.8 13217.6 14748.4 11296.8 12285.7 12022.2 
8543.67 7722.25 9052.27 7396.74 8778.3 9429.64 6539 7529.35 8435.61 8854.64 6816.46 7984.7 10185.4 8601.64 7021.92 10170 8138.64 10007.6 8319.94 8990.34 9795.84 7448.38 8352.71 7680.1 10527.9 7640.62 7813.31 7913.12 8753.35 6239.15 9415.66 9574.39 10194.7 9442.12 9191.74 8611.14 7145.55 5808.33 10556.8 7270.71 8999.33 10097.2 9441.22 9348.67 6715.75 10645.3 9002.04 8779.05 8401.25 8405 9498.91 
6435.12 5577.58 7665.43 5023.18 6445.1 6234.69 5545.1 5088.43 6390.31 3807.58 5177.14 5963.85 5813.73 4910.07 7021.92 5226.1 5021.91 5030.5 5404.6 5448.92 6330.53 6143.58 4554.87 6810.22 5303.31 5595.6 5174 4731.26 6601.34 5131.1 3944.27 4844.63 4905.15 5842.72 5501.2 4822.26 5576.58 5808.33 6358.03 5735.55 5002.46 5058.97 6765.32 6731.56 5177.35 3978.18 6097.09 6050.14 5291.06 5267.02 5017.53 
3329.74 3519.18 3872.81 3191.51 2549.81 2657.75 3115.79 3444.69 3279.68 2690.74 3278.32 3031.78 2751.84 2790.19 2459.7 3463.68 3074.09 3750.46 2752.07 3259.52 3116.94 3173.74 3491.13 3280.39 3444.02 3869.74 3714.11 2881.03 3518.5 2845.54 2302.5 2746 2619.92 3306.13 3180.36 3285.73 2529.44 3141.19 3662.23 2544.44 3063.62 3443.73 3469.49 2844.06 3258.67 2979.45 3858.6 3077.07 3116.26 2840.83 3079.69 
890.327 911.484 1136.97 997.296 803.608 873.448 781.768 758.802 602.186 986.658 1060.06 602.091 958.946 842.136 871.412 840.717 669.829 921.916 720.412 735.085 1032.89 856.84 943.53 1111.52 742.767 729.797 822.992 772.596 1043.32 1068.01 592.402 664.517 573.665 883.122 994.343 854.644 788.87 963.363 676.328 791.586 671.749 1086.53 550.813 647.898 974.75 766.224 837.609 839.475 802.583 720.643 749.641 
45.692 62.4587 35.6314 51.3658 36.5124 42.6883 39.0806 32.6477 43.4742 73.312 60.8955 38.686 46.3894 37.2595 40.6573 43.0339 41.6514 50.6036 49.0673 59.6423 23.9499 41.309 48.0734 64.8167 59.5211 50.5768 32.0409 57.6652 51.1254 58.0052 46.6003 43.0904 53.0442 55.074 63.3698 38.9685 54.0545 42.9584 65.939 28.4878 37.2203 57.9486 31.9593 35.5255 46.1668 52.0344 56.4899 47.3687 60.4852 50.7372 53.167 
0.688924 0.727758 0.571615 0.603952 0.563248 0.634883 0.480176 0.520167 0.729434 0.603206 0.725836 0.371414 0.783225 0.417336 0.38417 0.643624 0.603534 0.651565 0.630341 0.540345 0.514848 0.538811 0.642001 0.437605 0.822785 0.662101 0.419537 0.682339 0.58441 0.682053 0.658166 0.502724 0.575009 0.64417 0.667572 0.480554 0.637497 0.496244 0.646471 0.509824 0.518259 0.698227 0.56684 0.429633 0.608084 0.742829 0.589015 0.554686 0.64278 0.488799 0.696754 
0.000193278 0.000251412 0.000135265 0.000210249 0.000161356 0.000204462 9.39359e-05 0.000128823 0.000263106 0.000258344 0.000271117 5.21251e-05 0.000310429 9.20061e-05 9.85272e-05 0.000121387 0.0001453 0.000154952 0.000234007 0.00014959 0.000112964 0.000172694 0.000235748 0.000151438 0.000428944 0.000193417 6.86819e-05 0.000233949 0.000172702 0.000190327 0.000186835 0.000126215 0.000115982 0.000135776 0.000297101 0.00014268 0.000128008 0.000150924 0.000211324 0.00014987 0.000136558 0.000161301 0.000135572 0.000108868 0.000208639 0.000195174 0.000226405 0.000170327 0.000223796 0.000132066 0.000149697 
0 0 0 0 0 0 0 0 0 0 0 0 0 0 0 0 0 0 0 0 0 0 0 0 0 0 0 0 0 0 0 0 0 0 0 0 0 0 0 0 0 0 0 0 0 0 0 0 0 0 0 
0 0 0 0 0 0 0 0 0 0 0 0 0 0 0 0 0 0 0 0 0 0 0 0 0 0 0 0 0 0 0 0 0 0 0 0 0 0 0 0 0 0 0 0 0 0 0 0 0 0 0 
0 0 0 0 0 0 0 0 0 0 0 0 0 0 0 0 0 0 0 0 0 0 0 0 0 0 0 0 0 0 0 0 0 0 0 0 0 0 0 0 0 0 0 0 0 0 0 0 0 0 0 
0 0 0 0 0 0 0 0 0 0 0 0 0 0 0 0 0 0 0 0 0 0 0 0 0 0 0 0 0 0 0 0 0 0 0 0 0 0 0 0 0 0 0 0 0 0 0 0 0 0 0 
0 0 0 0 0 0 0 0 0 0 0 0 0 0 0 0 0 0 0 0 0 0 0 0 0 0 0 0 0 0 0 0 0 0 0 0 0 0 0 0 0 0 0 0 0 0 0 0 0 0 0 
0 0 0 0 0 0 0 0 0 0 0 0 0 0 0 0 0 0 0 0 0 0 0 0 0 0 0 0 0 0 0 0 0 0 0 0 0 0 0 0 0 0 0 0 0 0 0 0 0 0 0 
