2.79384e+09 2.55739e+09 2.54266e+09 2.9157e+09 2.27403e+09 2.68235e+09 2.71394e+09 2.8927e+09 2.55178e+09 2.81319e+09 2.92335e+09 3.42389e+09 2.72998e+09 2.70176e+09 3.00479e+09 2.67245e+09 1.74518e+09 2.42676e+09 2.45815e+09 2.36396e+09 2.77258e+09 2.95858e+09 2.96032e+09 3.05348e+09 2.32502e+09 2.50155e+09 3.15216e+09 2.6619e+09 2.69379e+09 2.63378e+09 2.43613e+09 3.28211e+09 3.00976e+09 3.15948e+09 2.24563e+09 1.75724e+09 1.69076e+09 1.97299e+09 2.43366e+09 3.45869e+09 3.0204e+09 2.45427e+09 2.46353e+09 3.0553e+09 3.20401e+09 2.41218e+09 1.27294e+09 2.63672e+09 2.98454e+09 2.93777e+09 2.27845e+09 
7.43796e+08 8.90231e+08 1.50027e+09 8.13319e+08 8.54938e+08 1.5339e+09 1.21647e+09 6.74033e+08 1.15939e+09 1.10475e+09 1.06435e+09 1.41841e+09 1.40397e+09 9.9093e+08 1.10764e+09 1.30989e+09 8.80454e+08 8.96863e+08 1.10498e+09 1.06345e+09 9.00713e+08 1.01742e+09 9.17926e+08 1.00039e+09 1.18108e+09 1.26323e+09 9.7079e+08 1.12053e+09 1.00957e+09 1.04379e+09 9.06032e+08 1.27253e+09 1.0458e+09 9.93077e+08 1.35591e+09 8.91796e+08 1.14371e+09 1.09298e+09 9.62589e+08 9.35661e+08 1.40319e+09 1.42305e+09 1.0406e+09 1.2297e+09 8.52397e+08 1.08828e+09 1.09669e+09 7.84768e+08 1.00579e+09 7.52047e+08 1.08583e+09 
7.14988e+08 5.17671e+08 6.26768e+08 4.00628e+08 4.35357e+08 5.05862e+08 4.66151e+08 5.93096e+08 5.40686e+08 4.86235e+08 4.15972e+08 4.06062e+08 6.1438e+08 5.46688e+08 6.14159e+08 6.95926e+08 4.29685e+08 4.10471e+08 5.01204e+08 6.59777e+08 3.74654e+08 4.25687e+08 4.99116e+08 6.31977e+08 5.03097e+08 5.2747e+08 5.79426e+08 5.40528e+08 4.97787e+08 5.4776e+08 5.48913e+08 5.62734e+08 4.84409e+08 6.23554e+08 5.7279e+08 5.27591e+08 5.43494e+08 6.13945e+08 4.99555e+08 4.2151e+08 4.81562e+08 4.56195e+08 4.374e+08 3.25035e+08 4.62954e+08 5.12623e+08 6.48787e+08 4.96271e+08 6.38865e+08 4.95402e+08 6.50196e+08 
2.7394e+08 2.197e+08 2.00513e+08 2.57801e+08 1.87757e+08 1.956e+08 2.04449e+08 1.77178e+08 2.03384e+08 1.71622e+08 2.34465e+08 2.02581e+08 2.34986e+08 1.75818e+08 2.3192e+08 2.60854e+08 1.80741e+08 2.0438e+08 2.51084e+08 1.88646e+08 2.08132e+08 2.01364e+08 2.46302e+08 1.9406e+08 1.93814e+08 2.46106e+08 2.3653e+08 2.2285e+08 2.59692e+08 2.3598e+08 2.68235e+08 2.36557e+08 1.97152e+08 1.86921e+08 2.14207e+08 2.53411e+08 2.12015e+08 2.28328e+08 1.58246e+08 2.22014e+08 2.91063e+08 2.1805e+08 1.72524e+08 2.0423e+08 2.41632e+08 1.14021e+08 2.15408e+08 2.14818e+08 2.04407e+08 2.82481e+08 2.03857e+08 
2.70369e+07 3.29543e+07 3.28924e+07 3.85976e+07 2.56707e+07 3.44215e+07 3.19906e+07 3.59363e+07 3.15145e+07 3.66677e+07 2.57277e+07 3.98902e+07 2.99156e+07 3.10491e+07 3.16586e+07 2.85078e+07 2.68512e+07 3.41582e+07 3.40838e+07 3.42862e+07 2.44154e+07 3.39251e+07 3.36455e+07 3.05228e+07 3.81527e+07 3.49177e+07 2.33467e+07 2.56361e+07 2.66293e+07 3.15098e+07 3.91033e+07 3.28657e+07 3.70216e+07 3.05303e+07 3.49169e+07 3.00038e+07 3.77281e+07 2.54464e+07 3.06775e+07 3.3422e+07 3.44267e+07 3.5167e+07 3.82793e+07 2.81945e+07 2.99936e+07 3.27429e+07 3.43366e+07 2.94666e+07 3.14965e+07 3.4033e+07 3.11344e+07 
3.25677e+06 2.50743e+06 3.82614e+06 2.90442e+06 3.02909e+06 3.06104e+06 2.90091e+06 3.07738e+06 3.13381e+06 2.58607e+06 3.32817e+06 2.98059e+06 3.32377e+06 2.94831e+06 3.07416e+06 2.69899e+06 2.50325e+06 2.91396e+06 2.49932e+06 2.67347e+06 2.49211e+06 3.50217e+06 3.12695e+06 3.47764e+06 2.88044e+06 2.98499e+06 3.103e+06 2.88406e+06 3.59337e+06 2.87938e+06 3.59859e+06 3.27696e+06 2.76955e+06 3.22243e+06 2.95541e+06 2.81546e+06 3.32046e+06 3.55984e+06 2.8036e+06 3.0495e+06 3.3793e+06 2.99204e+06 2.99479e+06 3.15772e+06 3.6751e+06 3.05694e+06 3.01127e+06 2.64409e+06 3.46539e+06 3.44108e+06 3.35939e+06 
911490 804556 833213 804021 804362 867752 851848 749274 883812 736046 818237 823761 870980 775401 730757 829528 790595 754434 728938 722158 779624 810711 772290 728873 813601 759568 786311 842062 748223 915576 835336 869064 745404 872986 819734 782460 856847 855090 795997 818278 811318 781947 728122 808202 844989 857324 771783 775122 852053 791180 834570 
676796 594955 622131 619191 597169 677488 662872 590331 735003 603127 602238 594933 641956 601298 585939 671443 609940 602124 591702 593029 610012 618425 595889 590708 630935 623812 601895 643385 590741 601700 606219 666900 600707 609078 609857 595165 633691 621580 620901 617061 613437 590795 586196 600830 608234 613761 591719 655898 615927 591285 628169 
654492 579555 600332 600293 580102 665545 649539 579471 723765 590621 579668 580257 616439 590567 579468 662980 598356 590575 579478 579623 598318 598378 579562 579467 610567 608552 590584 627677 579457 579960 590832 652042 590624 579749 590619 579504 609183 598531 608492 608458 600217 579459 579491 579740 579721 591005 579534 648394 598422 579575 608719 
654346 579424 600095 598264 579424 665447 649373 579423 723657 590490 579421 579429 616259 590488 579421 662926 598263 590489 579420 579421 598263 598264 579422 579422 610351 608418 590488 627482 579422 579421 590490 651776 590490 579422 590489 579423 608423 598265 608420 608417 600089 579423 579420 579422 579424 590493 579420 648343 598266 579423 608419 
654340 579421 600092 598261 579421 665446 649371 579420 723654 590486 579418 579422 616254 590485 579418 662924 598261 590485 579417 579419 598259 598260 579420 579420 610346 608415 590485 627481 579419 579418 590486 651769 590486 579420 590485 579420 608418 598261 608418 608416 600087 579419 579419 579419 579421 590486 579418 648340 598261 579421 608417 
654337 579419 600090 598260 579419 665445 649369 579418 723653 590485 579417 579420 616251 590483 579417 662922 598258 590484 579416 579417 598258 598259 579418 579418 610345 608414 590484 627479 579417 579416 590484 651768 590485 579418 590484 579418 608415 598259 608416 608414 600085 579417 579417 579418 579418 590485 579416 648338 598259 579419 608415 
654334 579416 600090 598258 579415 665443 649366 579415 723652 590484 579414 579415 616250 590480 579413 662919 598257 590483 579413 579414 598257 598258 579415 579415 610344 608412 590481 627475 579415 579415 590481 651766 590481 579418 590481 579417 608412 598257 608413 608411 600084 579415 579414 579416 579417 590482 579415 648338 598257 579416 608413 
654331 579413 600083 598255 579411 665440 649364 579412 723647 590479 579411 579413 616244 590478 579411 662916 598255 590480 579411 579411 598254 598254 579413 579411 610338 608409 590478 627472 579412 579411 590478 651763 590478 579412 590478 579411 608410 598254 608409 608409 600081 579411 579411 579411 579411 590478 579411 648331 598254 579412 608409 
