8.8744e+09 8.01737e+09 8.44679e+09 8.64111e+09 9.12961e+09 1.00229e+10 7.73944e+09 1.09035e+10 6.6027e+09 8.29869e+09 9.47213e+09 9.01955e+09 7.67993e+09 9.27393e+09 1.02749e+10 9.87791e+09 9.39005e+09 1.01367e+10 1.04739e+10 8.50471e+09 5.8262e+09 9.59743e+09 7.10284e+09 8.60497e+09 9.66043e+09 9.88428e+09 9.14214e+09 9.70993e+09 7.80528e+09 9.37905e+09 8.7775e+09 7.31096e+09 9.92829e+09 7.59182e+09 9.13429e+09 8.7049e+09 8.75664e+09 1.01975e+10 8.24171e+09 8.74834e+09 9.00688e+09 9.65492e+09 8.25473e+09 1.0068e+10 9.01761e+09 9.0041e+09 9.35472e+09 8.74544e+09 7.59162e+09 7.64267e+09 9.68391e+09 
3.11477e+09 3.12135e+09 2.54187e+09 3.09966e+09 3.06724e+09 3.0051e+09 2.51735e+09 3.39445e+09 2.45646e+09 2.26654e+09 3.58997e+09 3.35155e+09 3.1767e+09 2.98712e+09 3.14645e+09 2.7406e+09 3.57385e+09 2.8221e+09 3.30686e+09 2.96462e+09 2.952e+09 3.02334e+09 3.08621e+09 3.62421e+09 2.66964e+09 3.18207e+09 2.68609e+09 2.42974e+09 3.43966e+09 2.92245e+09 3.199e+09 2.85494e+09 2.93514e+09 3.42663e+09 2.62902e+09 3.16712e+09 2.7259e+09 3.16119e+09 3.05372e+09 3.32588e+09 3.22577e+09 3.02625e+09 2.26219e+09 3.25436e+09 3.80478e+09 3.34497e+09 2.38316e+09 2.6024e+09 2.86521e+09 3.00237e+09 2.7333e+09 
1.33367e+09 1.44957e+09 1.34002e+09 1.45558e+09 1.31175e+09 8.41637e+08 1.37413e+09 9.76283e+08 1.63364e+09 1.28128e+09 1.33571e+09 1.50772e+09 1.43262e+09 9.19199e+08 1.30696e+09 1.36109e+09 1.18674e+09 1.42197e+09 1.67145e+09 8.83684e+08 9.79581e+08 9.87788e+08 8.24929e+08 1.54199e+09 1.06818e+09 1.16049e+09 1.35316e+09 1.36561e+09 1.28846e+09 1.35681e+09 9.54613e+08 1.35688e+09 1.51762e+09 1.06435e+09 1.41385e+09 1.20034e+09 9.47452e+08 1.09808e+09 1.01685e+09 1.60428e+09 1.19705e+09 1.52255e+09 1.32534e+09 1.09237e+09 1.69807e+09 1.23246e+09 1.07212e+09 1.45293e+09 1.43448e+09 1.42758e+09 1.61011e+09 
2.2767e+08 3.08634e+08 3.38838e+08 3.48505e+08 3.67254e+08 3.18673e+08 3.61464e+08 3.76014e+08 3.31623e+08 3.87314e+08 4.18302e+08 2.7922e+08 3.86481e+08 3.71275e+08 2.73545e+08 3.93616e+08 3.08599e+08 3.39182e+08 4.11259e+08 3.28463e+08 2.42791e+08 3.54025e+08 3.06149e+08 3.53167e+08 3.25408e+08 3.08602e+08 4.41831e+08 2.93467e+08 3.31251e+08 4.18525e+08 2.74177e+08 2.90191e+08 3.33702e+08 3.97759e+08 2.31161e+08 3.64555e+08 3.34596e+08 3.14312e+08 2.79123e+08 3.37217e+08 3.66518e+08 3.31689e+08 3.87662e+08 3.5063e+08 3.50229e+08 3.3003e+08 2.94587e+08 2.95947e+08 3.252e+08 3.42081e+08 2.58442e+08 
1.56417e+07 1.70553e+07 1.4509e+07 1.42937e+07 1.39947e+07 1.69688e+07 1.77393e+07 1.82663e+07 1.93693e+07 1.98459e+07 1.66294e+07 1.575e+07 1.82611e+07 1.82882e+07 1.60119e+07 1.77186e+07 9.95068e+06 1.40617e+07 1.69461e+07 1.6879e+07 1.18921e+07 1.5871e+07 1.03917e+07 1.40507e+07 1.30531e+07 1.81331e+07 2.00877e+07 1.52993e+07 1.07168e+07 1.8327e+07 1.79536e+07 1.53676e+07 1.66456e+07 1.53789e+07 1.80627e+07 1.84905e+07 1.57794e+07 1.47339e+07 1.44741e+07 1.59852e+07 1.53072e+07 1.2315e+07 1.56581e+07 1.72791e+07 1.92866e+07 1.70016e+07 1.44697e+07 1.6578e+07 1.55555e+07 1.40423e+07 1.92041e+07 
32088.4 38464.9 42728.3 40857.5 33228.3 35341.1 43152.3 30061.8 46559.7 36129.1 41695.2 28218.4 25568.8 32724.4 41441.2 35158.3 46799.5 41908.3 34152.9 36437.5 47641.9 33746.2 42248.6 27900.1 35496 34933.7 49622.4 25518.7 36811.3 41534.1 34997.5 34105.7 42056 39208.4 46316.2 40000 33579.1 29085.1 44066.8 34689.3 36755.1 29692.6 42674.4 34988.7 48659.3 31518.1 30740.4 41963.8 34581.2 31617.1 42548.9 
326.998 319.401 364.075 291.024 334.504 346.471 326.506 324.342 335.561 320.484 338.283 305.805 337.821 381.573 326.578 339.632 325.155 334.962 332.623 318.563 317.601 356.034 333.369 333.599 339.871 337.926 343.944 348.643 302.536 381.934 313.984 353.939 343.125 314.478 341.369 324.787 364.636 331.383 289.085 404.679 371.811 326.173 336.488 304.039 386.746 340.653 348.858 333.874 383.399 321.876 305.386 
225.149 175.864 240.873 204.179 210.566 198.875 202.462 207.528 214.272 201.58 223.62 200.915 229.232 249.825 211.814 222.384 206.794 218.582 223.584 189.692 200.924 212.228 248.443 209.552 210.915 202.543 247.058 256.287 205.264 237.682 197.638 234.152 214.663 186.31 252.857 190.349 237.045 210.136 158.824 266.88 235.241 219.885 237.292 183.138 243.232 219.518 217.621 196.354 225.733 219.984 192.202 
114.915 120.554 145.952 122.307 105.355 87.9129 133.549 123.422 139.261 117.419 121.339 111.507 105.966 163.252 120.976 143.806 137.412 142.838 133.544 92.6621 129.673 100.24 136.093 104.978 105.934 126.448 118.628 186.442 101.17 124.331 114.753 91.5771 102.642 116.64 143.533 122.246 111.656 135.152 101.348 163.296 158.779 177.803 132.585 102.348 154.693 117.588 141.29 111.666 144.454 137.654 103.603 
102.502 116.391 139.509 111.792 91.6027 77.3296 130.686 111.872 120.458 110.504 112.004 99.6748 97.6924 159.14 108.422 136.755 127.404 117.375 124.034 81.9567 117.151 69.6611 111.971 96.3815 73.7008 116.045 97.7365 145.02 88.077 111.939 107.344 77.3567 86.8564 110.004 139.237 115.039 105.254 97.8813 94.3375 155.152 152.923 97.717 126.919 90.4214 90.523 100.714 88.4795 103.049 135.054 134.475 99.0954 
96.8507 112.479 130.257 107.254 90.5923 70.4704 125.595 110.416 111.796 108.438 106.768 95.7373 86.3998 151.869 107.162 128.67 126.732 115.883 120.531 81.2504 116.056 62.6668 110.032 91.78 72.937 115.321 95.4431 135.28 86.1621 107.219 100.066 76.9869 85.1105 109.395 132.127 113.108 98.0249 96.0321 91.9457 149.029 143.879 88.9182 124.293 89.1451 88.1504 98.568 85.3234 95.9998 133.771 130.655 91.0088 
96.3925 104.918 129.506 106.742 90.2679 69.9826 122.592 110.228 111.15 108.226 106.409 95.2545 85.9331 151.199 106.968 126.653 126.64 115.425 120.044 80.8805 115.775 62.1635 109.755 91.2632 72.8537 115.073 95.1872 134.577 85.8001 106.775 99.4741 76.8829 84.7929 109.097 131.507 112.938 97.0819 95.7826 91.6771 147.971 143.245 88.4477 117.387 88.9712 87.909 98.3546 85.1266 95.692 133.613 125.394 89.8411 
96.34 104.418 129.458 106.551 90.1843 69.8492 122.203 110.178 111.003 108.135 106.354 95.2061 85.7073 151.108 106.964 126.442 126.622 115.359 119.926 80.7987 115.72 62.1064 109.73 91.0758 72.8069 115.017 95.1419 134.418 85.6356 106.732 99.241 76.8687 84.768 109.045 131.444 112.865 96.9943 95.6898 91.6553 147.831 143.108 88.3481 116.64 88.9534 87.8782 98.2796 85.0789 95.6587 133.598 124.936 89.651 
96.3262 104.373 129.457 106.386 90.1506 69.8347 122.17 110.166 110.996 108.125 106.351 95.1985 85.6934 151.101 106.963 126.399 126.609 115.314 119.919 80.7882 115.717 62.0567 109.727 91.068 72.7942 115.007 95.1215 134.398 85.5689 106.729 99.2205 76.8673 84.7546 109.001 131.436 112.774 96.9814 95.6672 91.6249 147.826 143.066 88.3127 116.479 88.9508 87.8752 98.2759 85.0703 95.6455 133.595 124.873 89.6338 
