   0.0000000e+00   0.0000000e+00   0.0000000e+00   0.0000000e+00   0.0000000e+00
   0.0000000e+00   1.0000000e+01   1.0000000e+00   1.5686275e+00   1.9313716e+00
   0.0000000e+00   0.0000000e+00   0.0000000e+00   0.0000000e+00   0.0000000e+00
   7.8571970e+00   1.4035738e+02   2.6060572e+01   5.1401199e+01   4.4262336e+01
   1.3272149e+01   3.5606148e+01   2.6404977e+01   2.5166365e+01   6.4447224e+00
   4.7942763e-08   6.1478665e-06   5.8729927e-07   9.1568738e-07   1.0749526e-06
   6.6948134e+01   8.8000720e+01   7.4775041e+01   7.6639198e+01   6.0618022e+00
   1.2766448e+01   3.6112263e+01   2.8914077e+01   2.6318575e+01   6.5916559e+00
   0.0000000e+00   0.0000000e+00   0.0000000e+00   0.0000000e+00   0.0000000e+00
   2.2505426e+03   3.7450529e+03   3.2468278e+03   3.2001057e+03   3.3971866e+02
   1.6077382e+01   2.5582118e+01   2.1767964e+01   2.1392974e+01   2.0901604e+00
   6.4343894e+02   2.2630254e+03   1.4302013e+03   1.4753162e+03   3.6472418e+02
   9.2720578e+00   1.2804895e+02   5.1103829e+01   6.9430339e+01   3.4457025e+01
   2.2765054e+01   3.5665534e+01   2.6312510e+01   2.6522420e+01   2.4923762e+00
   2.0084662e+01   3.9443374e+01   2.4572318e+01   2.5596200e+01   4.0567446e+00
   1.3806974e+02   4.8090699e+02   2.7376865e+02   2.7453381e+02   9.9691688e+01
   7.1232543e+01   3.8519094e+02   2.3373046e+02   2.0705600e+02   7.3064228e+01
   2.0498681e+01   3.1573543e+01   2.4242910e+01   2.4331830e+01   2.1179332e+00
   1.2387772e+01   2.3009552e+01   1.7343888e+01   1.7406163e+01   2.4713405e+00
   7.2419574e+01   2.8839543e+02   1.0854295e+02   1.1412471e+02   3.5483122e+01
   2.1675791e+02   2.4057966e+02   2.2545092e+02   2.2676075e+02   7.0597858e+00
   1.0000000e+02   3.9457397e+03   1.2506354e+02   1.5949612e+03   1.6659416e+03
   4.2805690e+02   4.5596864e+02   4.4028759e+02   4.3928952e+02   6.9000618e+00
   5.0407190e+02   5.2278865e+02   5.1175453e+02   5.1282182e+02   5.5947712e+00
   4.8013359e+02   4.8790264e+02   4.8018467e+02   4.8033718e+02   1.0816081e+00
   9.7920031e+02   1.3882714e+03   1.2375068e+03   1.2026435e+03   1.1869567e+02
   5.0846296e+02   5.5019887e+02   5.2475805e+02   5.2543428e+02   9.2142700e+00
   4.5287105e+02   5.0676460e+02   4.5636655e+02   4.5912793e+02   1.1904378e+01
   3.3281492e+02   3.8023861e+02   3.5293644e+02   3.5289096e+02   9.7795572e+00
   5.7772686e+05   8.7439077e+05   6.4612312e+05   6.5753329e+05   7.2412981e+04
