   0.0000000e+00   0.0000000e+00   0.0000000e+00   0.0000000e+00   0.0000000e+00
   0.0000000e+00   0.0000000e+00   0.0000000e+00   0.0000000e+00   0.0000000e+00
   0.0000000e+00   0.0000000e+00   0.0000000e+00   0.0000000e+00   0.0000000e+00
   0.0000000e+00   0.0000000e+00   0.0000000e+00   0.0000000e+00   0.0000000e+00
   0.0000000e+00   2.9907250e+00   1.9901231e+00   1.6850537e+00   7.5340474e-01
   0.0000000e+00   0.0000000e+00   0.0000000e+00   0.0000000e+00   0.0000000e+00
   1.0631261e+01   1.2900245e+01   1.2019627e+01   1.1979585e+01   4.7992628e-01
   1.6958105e-03   2.9868344e+00   1.9907271e+00   1.7968839e+00   7.7140599e-01
   0.0000000e+00   0.0000000e+00   0.0000000e+00   0.0000000e+00   0.0000000e+00
   3.7069224e-01   1.5505100e+02   1.5102224e+01   4.3025397e+01   5.5741969e+01
   0.0000000e+00   0.0000000e+00   0.0000000e+00   0.0000000e+00   0.0000000e+00
   2.0814298e-01   2.3838435e+02   1.1864648e+02   1.0127999e+02   7.3032939e+01
   0.0000000e+00   8.3169187e+00   4.8371369e+00   3.6569706e+00   2.6565915e+00
   0.0000000e+00   9.9495906e-01   0.0000000e+00   7.8036004e-02   2.7015564e-01
   7.0342599e-06   4.9999997e-01   4.9113944e-01   3.2388937e-01   2.1622010e-01
   3.9169848e-03   1.0844811e+00   4.9842605e-01   5.3721986e-01   2.9341805e-01
   2.6570828e-03   2.6339940e+00   3.2270605e-01   3.0723120e-01   3.8145220e-01
   2.2212238e-04   2.0489038e+01   4.6181986e-01   3.8591518e+00   7.6265289e+00
   0.0000000e+00   1.5000000e+00   1.9729344e-02   4.4653378e-02   2.0876666e-01
   0.0000000e+00   6.2434651e-01   3.1217326e-01   2.5708386e-01   2.3114217e-01
   1.0000000e+02   2.0406362e+02   1.0000000e+02   1.4636365e+02   5.1666725e+01
   1.0000000e+02   1.0034789e+02   1.0000000e+02   1.0001361e+02   6.8025776e-02
   3.0000000e+02   3.0454610e+02   3.0269585e+02   3.0200218e+02   1.6424408e+00
   1.0000000e+02   3.3197569e+02   3.2954441e+02   3.1582577e+02   5.4511905e+01
   3.9774287e+02   4.4337312e+02   4.4332995e+02   4.2555613e+02   2.2359152e+01
   3.0000000e+02   3.0000000e+02   3.0000000e+02   3.0000000e+02   0.0000000e+00
   3.8424259e+02   3.9460904e+02   3.8862650e+02   3.8949805e+02   1.9635631e+00
   3.0000000e+02   6.1107295e+02   3.0000000e+02   3.8488470e+02   1.1882461e+02
   2.2603077e+02   2.3315227e+02   2.2823623e+02   2.2840692e+02   1.7218709e+00
   3.3949578e+02   4.6462018e+05   4.0743363e+02   1.7618431e+04   8.6129791e+04
   
