   0.0000000e+00   0.0000000e+00   0.0000000e+00   0.0000000e+00   0.0000000e+00
   0.0000000e+00   0.0000000e+00   0.0000000e+00   0.0000000e+00   0.0000000e+00
   0.0000000e+00   0.0000000e+00   0.0000000e+00   0.0000000e+00   0.0000000e+00
   3.4762868e+01   5.0102417e+01   4.2539093e+01   4.2281592e+01   3.0696683e+00
   5.5542658e+00   1.7448853e+01   1.2464272e+01   1.2250641e+01   2.3429855e+00
   0.0000000e+00   0.0000000e+00   0.0000000e+00   0.0000000e+00   0.0000000e+00
   3.8949408e+01   4.8060701e+01   4.3271159e+01   4.3295194e+01   2.1667290e+00
   5.4402014e+00   1.7349906e+01   1.3427706e+01   1.2926138e+01   2.8641494e+00
   0.0000000e+00   0.0000000e+00   0.0000000e+00   0.0000000e+00   0.0000000e+00
   8.4380642e+02   1.7185928e+03   1.4204221e+03   1.3884398e+03   2.1047443e+02
   1.7248884e+00   5.9012107e+01   3.9631902e+00   1.3538933e+01   1.9384147e+01
   1.3150123e+02   9.3455336e+02   3.4421078e+02   3.7244776e+02   2.0053197e+02
   2.0255667e+00   7.9630223e+01   1.7146916e+01   1.7257602e+01   1.0206907e+01
   7.6081941e+00   2.4002183e+01   2.2031059e+01   2.1572940e+01   2.2599669e+00
   5.7529725e-01   9.8202244e+00   2.8551240e+00   3.2399684e+00   1.9801678e+00
   3.9799018e+00   1.4616711e+02   1.4468738e+01   2.2884246e+01   3.0730551e+01
   1.5817228e+01   3.9495813e+01   2.8844600e+01   2.8601227e+01   5.5592562e+00
   2.0198627e+01   2.3461392e+01   2.1306693e+01   2.1085431e+01   7.5204337e-01
   2.9632643e+00   1.1937877e+01   5.8399851e+00   5.8283007e+00   1.9246597e+00
   1.3088973e+01   5.3374658e+01   3.0438972e+01   3.0345664e+01   7.3522690e+00
   2.0719380e+02   2.1637416e+02   2.1225182e+02   2.1205195e+02   2.5616267e+00
   1.0000000e+02   1.0000000e+02   1.0000000e+02   1.0000000e+02   1.0046582e-13
   3.4488429e+02   3.6528089e+02   3.5574484e+02   3.5615186e+02   3.7319028e+00
   4.1802598e+02   4.3360972e+02   4.2919366e+02   4.2847589e+02   2.9482728e+00
   3.8666143e+02   3.8670814e+02   3.8667418e+02   3.8667676e+02   8.8975106e-03
   8.4588125e+02   1.0287065e+03   9.5515791e+02   9.4861142e+02   4.6027349e+01
   4.8814920e+02   5.1642053e+02   5.0499700e+02   5.0416084e+02   6.6996126e+00
   3.0000000e+02   4.1397483e+02   3.0000000e+02   3.1522440e+02   3.8591724e+01
   4.1849749e+02   4.5345044e+02   4.3495114e+02   4.3456243e+02   7.3625284e+00
   1.9413538e+03   2.1340411e+03   1.9704708e+03   1.9774487e+03   4.1662986e+01
