   0.0000000e+00   0.0000000e+00   0.0000000e+00   0.0000000e+00   0.0000000e+00
   4.0000000e+00   4.3981136e+12   6.7020000e+03   9.5737011e+10   6.1800494e+11
   0.0000000e+00   0.0000000e+00   0.0000000e+00   0.0000000e+00   0.0000000e+00
   1.7954856e+02   2.0737990e+02   1.9284307e+02   1.9810626e+02   8.2972557e+00
   4.4628460e+01   1.1382369e+02   5.5080030e+01   5.5876783e+01   9.9059874e+00
   2.3056919e-05   1.3058223e-04   5.5520578e-05   6.0247063e-05   2.1830591e-05
   1.4222756e+02   1.9256233e+02   1.6171101e+02   1.6225485e+02   7.9054657e+00
   4.2105454e+01   6.7537676e+01   5.3938445e+01   5.3518756e+01   5.3905062e+00
   0.0000000e+00   0.0000000e+00   0.0000000e+00   0.0000000e+00   0.0000000e+00
   8.5005487e+03   1.1297655e+04   1.0364751e+04   1.0294651e+04   5.2072251e+02
   2.1657726e+01   1.1491375e+02   3.4085670e+01   4.9235717e+01   3.0217118e+01
   2.9276662e+03   5.9982854e+03   4.6293170e+03   4.6183782e+03   6.4824946e+02
   5.1339370e+01   2.2260320e+02   1.2761760e+02   1.2546130e+02   3.6523007e+01
   3.7149825e+01   6.9085670e+01   4.8014122e+01   4.9746361e+01   8.1670726e+00
   4.6237873e+01   1.5391925e+02   8.3166223e+01   8.9897769e+01   2.8333159e+01
   7.1241097e+02   1.7298899e+03   1.2311203e+03   1.2223233e+03   2.3591673e+02
   5.8246337e+02   1.2220813e+03   9.4412115e+02   9.3194654e+02   1.7421325e+02
   4.4642262e+01   1.1819021e+02   7.6278389e+01   7.7869265e+01   1.9945924e+01
   4.2393190e+01   6.9814153e+01   5.5888852e+01   5.5469338e+01   6.0497802e+00
   4.7533561e+02   1.4515550e+03   1.1203573e+03   1.0771741e+03   2.1561011e+02
   2.6134934e+02   2.9159076e+02   2.7743166e+02   2.7732346e+02   6.9385246e+00
   8.7167075e+03   1.1326055e+04   1.0539723e+04   1.0424789e+04   5.2996379e+02
   5.7632335e+02   6.1581073e+02   5.9833471e+02   5.9781034e+02   7.6889872e+00
   8.9890380e+02   9.6385986e+02   9.1414956e+02   9.1683735e+02   1.3439925e+01
   5.7576206e+02   7.7266823e+02   6.9674584e+02   6.8426423e+02   4.3431377e+01
   2.9239332e+03   3.4076877e+03   3.1099042e+03   3.1110101e+03   1.2204163e+02
   5.5929459e+02   6.1299027e+02   5.8719334e+02   5.8862653e+02   1.3114650e+01
   4.7714543e+02   5.7060057e+02   5.1623841e+02   5.1543133e+02   2.2014979e+01
   8.9863634e+02   1.4709632e+03   1.1122892e+03   1.1194444e+03   1.4878264e+02
   2.0830677e+03   2.8201598e+03   2.3505682e+03   2.3582785e+03   1.4367211e+02
