10423.1155249727 15141.009158858 7195.36158496071 46312.0260657399 19291.9213254294 20788.0181649551 4357.05590813031 21934.6770898223 16947.3081199097 10403.1016793432 48682.1937204442 11153.0681448014 21256.5898789187 16130.6925264312 13552.4151637753 26993.8485570298 86771.4564813459 32729.0135792515 9285.31409807126 16537.3372333981 24838.7337081853 18938.1324138935 23156.3514197405 40165.506192342 11737.7556319781 18862.667987508 33023.7361175792 22349.6944929649 59606.3827750304 26449.1651485196 3978.95470875929 21062.0045224431 23990.3024510566 36199.7008245836 29111.1950695545 32824.2249555587 15661.7912694485 22000.3957076113 13065.8126550222 4654.31843517801 20454.7468589774 22273.5424513502 22852.544216397 16453.7348142593 19966.4143175829 24974.1620336604 25375.296834794 9880.17057088191 19229.1072142451 2952.81743963817 20960.6290614536
3382.1922448177 2872.47566938007 3586.39999753442 11752.4509974231 5081.16452886777 1706.14693608098 2145.46595330344 4265.78157611335 1284.76321152706 3253.91966224265 11115.0083851804 2470.82797695041 1852.53678553031 3131.6820821401 3161.64065817848 9944.57795426981 14795.2037280716 5640.36850955463 694.773561486342 7589.90520334129 3326.72023507355 3853.37510270106 6170.79782229593 9044.38802983135 2673.61806883369 2798.05832779568 11015.8695062619 2146.24091830086 30468.6004228043 12596.8204655322 353.962481547546 4617.85705833676 3971.80296767453 10720.5813813415 9889.91507218012 5585.52741052655 5149.718139073 5792.78609688019 3358.32454158259 953.486789720917 4776.96850091251 5011.0500563 4734.01566857458 6612.3428803021 7927.57476285635 8810.20403249297 12224.4099913233 3051.5599564479 5681.25891290411 2355.88651180096 6038.24489806751
88.4053506134017 96.7182870374085 604.398052547188 897.557173367616 218.387742871072 169.368982089677 70.4665186837186 368.30399459967 48.0008301434833 67.2344682532728 845.817252483338 209.887888548339 141.283432441501 62.0148020975446 190.452861709542 889.791571961382 3010.78096237508 837.153188823936 8.5371971058189 498.415440573944 476.354306528171 310.283850941948 711.739003117445 1812.88706188464 134.541619876675 572.07797717929 328.327301809274 245.361999567342 2203.50376321251 504.660295866417 23.7982831983818 835.099925886763 494.111871623221 1512.45474286599 1016.776012276 1165.85938912732 253.638913375604 1599.67224901548 50.7377431576969 74.7685020023762 320.840927282214 291.145503766808 333.68903275986 422.658582445706 2608.730360905 679.280189271634 2754.03603993517 138.044174273093 171.342726138642 147.839181159104 294.416036857389
0.00127632760506913 0.0034061207159084 0.067375174411211 0.0084021732010342 0.00120128334765468 0.00596625675359519 0.00182684417688961 0.00681225788645179 0.00195505240941429 0.00427483920827854 0.138683988910088 0.00473858076315992 0.00236952362496368 0.00394870596795727 0.00321437642065803 0.0979159681450597 0.181977667984199 0.00983534815827625 0.000208351011224295 0.00809325921335358 0.0143681768461761 0.0141407364488373 0.158855227001027 0.152246185262584 0.0162335941293463 0.0464695334661656 0.0631196751973562 0.00543658492500754 0.360318314316601 0.0393918957458936 0.000321405805095765 0.0972333106921042 0.0310096529627231 0.612908786020341 0.130745280628275 0.211329398622468 0.00383263399714906 0.091281745883407 0.00177898031915902 0.00238202264409892 0.0277246388450862 0.00518759881339292 0.00659761583352747 0.0404800400035015 0.106541961380913 0.0369629837049956 0.126992960494931 0.00201434043106019 0.0158990409822195 0.00762034490691121 0.0193442739972056
0 0 0 0 0 0 0 0 0 0 0 0 0 0 0 0 0 0 0 0 0 0 0 0 0 0 0 0 0 0 0 0 0 0 0 0 0 0 0 0 0 0 0 0 0 0 0 0 0 0 0
0 0 0 0 0 0 0 0 0 0 0 0 0 0 0 0 0 0 0 0 0 0 0 0 0 0 0 0 0 0 0 0 0 0 0 0 0 0 0 0 0 0 0 0 0 0 0 0 0 0 0
0 0 0 0 0 0 0 0 0 0 0 0 0 0 0 0 0 0 0 0 0 0 0 0 0 0 0 0 0 0 0 0 0 0 0 0 0 0 0 0 0 0 0 0 0 0 0 0 0 0 0
0 0 0 0 0 0 0 0 0 0 0 0 0 0 0 0 0 0 0 0 0 0 0 0 0 0 0 0 0 0 0 0 0 0 0 0 0 0 0 0 0 0 0 0 0 0 0 0 0 0 0
0 0 0 0 0 0 0 0 0 0 0 0 0 0 0 0 0 0 0 0 0 0 0 0 0 0 0 0 0 0 0 0 0 0 0 0 0 0 0 0 0 0 0 0 0 0 0 0 0 0 0
0 0 0 0 0 0 0 0 0 0 0 0 0 0 0 0 0 0 0 0 0 0 0 0 0 0 0 0 0 0 0 0 0 0 0 0 0 0 0 0 0 0 0 0 0 0 0 0 0 0 0
0 0 0 0 0 0 0 0 0 0 0 0 0 0 0 0 0 0 0 0 0 0 0 0 0 0 0 0 0 0 0 0 0 0 0 0 0 0 0 0 0 0 0 0 0 0 0 0 0 0 0
0 0 0 0 0 0 0 0 0 0 0 0 0 0 0 0 0 0 0 0 0 0 0 0 0 0 0 0 0 0 0 0 0 0 0 0 0 0 0 0 0 0 0 0 0 0 0 0 0 0 0
0 0 0 0 0 0 0 0 0 0 0 0 0 0 0 0 0 0 0 0 0 0 0 0 0 0 0 0 0 0 0 0 0 0 0 0 0 0 0 0 0 0 0 0 0 0 0 0 0 0 0
0 0 0 0 0 0 0 0 0 0 0 0 0 0 0 0 0 0 0 0 0 0 0 0 0 0 0 0 0 0 0 0 0 0 0 0 0 0 0 0 0 0 0 0 0 0 0 0 0 0 0
