3.5389215030834e+120 1.10702412241261e+122 8.1402155846701e+112 6.54310838302493e+128 7.49811557182171e+119 6.33254339866104e+114 5.7479648281243e+116 1.066918832451e+109 1.78429474505478e+117 9.2938040003737e+129 5.7714080481366e+125 7.73608634180681e+122 1.5283050051979e+117 5.9369274575576e+117 2.94643334727602e+119 1.45325942188894e+115 7.91630109285309e+121 6.17458234308965e+122 2.96300705470056e+116 1.93807616168487e+131 1.22287694725586e+117 1.7380668901623e+95 1.18606719838734e+115 2.58899154708402e+120 8.56239802262233e+114 2.17995754593956e+118 1.47028751914746e+114 2.05922224803602e+117 6.81364848334602e+118 1.4828657567426e+120 5.65519337832732e+114 2.02330759599096e+118 1.19851914438935e+112 6.59801089663983e+133 5.2321955788511e+120 1.93939740359373e+119 1.29982361762013e+112 2.58130221364684e+119 9.59454626374244e+128 1.26129564777762e+129 3.24839560953866e+113 4.22095904941237e+116 6.59600824981643e+114 1.34013467822195e+116 5.73597730721676e+113 5.15902081822852e+117 2.39344940081769e+125 1.42066154850142e+131 1.13600577591388e+117 7.4096421112616e+123 2.17528156161106e+112
1.50366588794117e+103 2.74731090286606e+111 1.27123050731096e+89 6.21221160292787e+96 2.34452557720873e+96 1.15389593644632e+94 5.52860667863955e+89 7.75833083723003e+82 3.80895928945849e+96 8.98535760026551e+127 7.31520547822922e+112 3.21926979567014e+93 1.07951694577334e+93 3.23252612925442e+89 9.68788206398044e+103 1.0342411107044e+80 3.68937137519202e+92 4.42046637207281e+96 7.80240150702577e+90 5.42966221177127e+106 3.48896111255012e+91 4.86037357717599e+76 1.53547871015065e+85 7.20875810427684e+95 3.55427320368037e+83 9.99948345111752e+89 1.45666431802926e+84 6.72203867452898e+98 1.73837669893867e+94 4.83006252498229e+93 8.12059856224717e+85 1.83984038088023e+94 9.69793601505243e+82 7.63166884874377e+109 9.24534794846044e+96 8.46620997518791e+94 1.77334206014306e+84 2.47788818498426e+99 1.43175532785296e+114 5.19702085489296e+110 6.21619538955386e+87 3.6257770082223e+97 1.29920171057777e+82 1.81460853898305e+85 3.65198583992288e+89 2.90135058939556e+110 3.80649520949428e+98 1.42066154850142e+131 5.94261464682979e+88 5.94871025647515e+90 5.63232561511897e+83
1.89226644673318e+81 1.19271858600669e+100 5.99821003832337e+70 2.58511313595617e+75 2.76884633861806e+77 5.82490107161126e+69 1.52574598068445e+71 3.63318349627389e+64 7.9706503629803e+73 8.14290557779581e+102 1.82752196767664e+88 5.5623333459527e+73 1.40479371332914e+74 5.22041982151546e+69 1.23084935518077e+85 2.58302322252267e+64 8.4514333071372e+74 3.26757162597148e+76 1.24086367408442e+69 3.65063723012445e+82 2.0638591713265e+71 1.76849278946169e+57 1.44495057846897e+65 3.53366385286456e+74 9.22188722522741e+65 9.35644907891345e+70 1.76008379251489e+68 8.53522458209848e+69 6.75975779563164e+70 7.38191738873646e+77 4.25035201018539e+71 1.92212224394673e+73 8.90490445706302e+61 1.36870092206015e+80 1.03011466511324e+79 1.51899747124019e+75 3.76184611043412e+65 1.3591322677451e+74 5.04356377038287e+83 3.07321201377906e+85 1.8835437083929e+68 9.42895761161564e+74 9.26735288763532e+62 1.28027894389119e+69 4.8098712294619e+70 2.5644946423151e+83 2.02425069420443e+73 1.94054688969043e+114 1.17469396802717e+72 1.50885397950822e+76 4.69704721738359e+66
3.6901350445324e+49 2.05756118621256e+68 1.53310775254234e+48 3.50524956595773e+50 1.7911075682285e+54 3.17427720129294e+46 2.31977757029897e+41 1.1233786550644e+45 8.63944758224854e+51 4.29177965651751e+72 5.05559121166457e+50 4.66577959470299e+40 8.0378193363558e+52 1.13782712388765e+45 1.31655538773576e+55 6.21460263891993e+49 1.38910281058753e+47 3.54708011209644e+48 1.6744023174489e+48 3.29206798538417e+49 2.35865157231835e+41 1.57229779910033e+34 4.45607996088595e+44 3.60775867090097e+49 2.28337283113408e+49 7.62959728690851e+42 2.00622150105488e+47 2.09909078592205e+47 6.95913729395317e+48 9.47882988237933e+53 1.98069818085827e+45 4.73461415114489e+45 3.80381646010845e+39 1.87266775664956e+50 3.33035646337953e+60 2.18933252855503e+52 2.53800617947789e+46 6.69522118992314e+49 1.34009461378363e+47 5.30580178229174e+51 1.01500931706367e+52 1.26834059276378e+49 3.09076177701226e+41 4.73744580967131e+42 4.46593041852102e+46 4.57548174996433e+49 4.4683613600759e+52 1.11355200837594e+75 2.34647740576032e+42 1.26901322092873e+53 1.62364811127407e+45
2.53198565563229e+20 2.31570995122508e+43 1.30785448660726e+21 1.86095721193205e+20 1.30804373119683e+49 48658766895038 6152413027741 109046579285916928 4989485390958 8.59126436953004e+28 3.13247998502616e+20 610363999673261 6.11935498585097e+20 580333030548844 3.20732631779282e+22 64145614785304464 6558921792483853312 542612344316749 20032517718704148 7019156191418282 695430334980738 2190078279931 1320106350741091328 17051453576595240960 2.2378339598244e+23 18545942361086044 381594198234182080 20187493023426908160 337393021207959680 5.26905267763362e+22 5026394379223401472 86904446182578 457355126780173952 9.65219594749855e+21 5.61214894543655e+20 2.48753072826722e+29 906374290416591 1.55524891779541e+22 4667078105421229056 1.21158164500992e+23 1.25485222499184e+20 2.54688657994721e+20 569558221064162 124850782997567 2.54944145381599e+22 42503993467197760 4.08596236005836e+21 4.69487547208703e+27 59414608912406528 5.11001232372019e+24 4700767948009501
103 33808734 75 0 2.29584462035432e+40 0 0 0 0 364895 56 0 26 0 287 130 39 10 103 0 0 0 0 0 0 0 0 0 0 40 0 51 12 40 0 0 0 120 0 0 55 55 0 0 54 0 0 79 0 71 0
0 0 0 0 14360023395782 0 0 0 0 0 0 0 0 0 0 0 0 0 0 0 0 0 0 0 0 0 0 0 0 0 0 0 0 0 0 0 0 0 0 0 0 0 0 0 0 0 0 0 0 0 0
0 0 0 0 46 0 0 0 0 0 0 0 0 0 0 0 0 0 0 0 0 0 0 0 0 0 0 0 0 0 0 0 0 0 0 0 0 0 0 0 0 0 0 0 0 0 0 0 0 0 0
0 0 0 0 0 0 0 0 0 0 0 0 0 0 0 0 0 0 0 0 0 0 0 0 0 0 0 0 0 0 0 0 0 0 0 0 0 0 0 0 0 0 0 0 0 0 0 0 0 0 0
0 0 0 0 0 0 0 0 0 0 0 0 0 0 0 0 0 0 0 0 0 0 0 0 0 0 0 0 0 0 0 0 0 0 0 0 0 0 0 0 0 0 0 0 0 0 0 0 0 0 0
0 0 0 0 0 0 0 0 0 0 0 0 0 0 0 0 0 0 0 0 0 0 0 0 0 0 0 0 0 0 0 0 0 0 0 0 0 0 0 0 0 0 0 0 0 0 0 0 0 0 0
0 0 0 0 0 0 0 0 0 0 0 0 0 0 0 0 0 0 0 0 0 0 0 0 0 0 0 0 0 0 0 0 0 0 0 0 0 0 0 0 0 0 0 0 0 0 0 0 0 0 0
0 0 0 0 0 0 0 0 0 0 0 0 0 0 0 0 0 0 0 0 0 0 0 0 0 0 0 0 0 0 0 0 0 0 0 0 0 0 0 0 0 0 0 0 0 0 0 0 0 0 0
0 0 0 0 0 0 0 0 0 0 0 0 0 0 0 0 0 0 0 0 0 0 0 0 0 0 0 0 0 0 0 0 0 0 0 0 0 0 0 0 0 0 0 0 0 0 0 0 0 0 0
