2656.62924522052 36022.2660639139 87917.4141073822 21315.9128478151 47071.0265722292 73227.468096695 53168.8183924775 65689.7648171524 74941.4556969713 76249.8117712343 23610.3387982024 37500.2565910969 49279.3610601057 9335.32975623892 33011.6262118126 16294.2392534509 34903.3593606945 32812.9523684242 52602.7830703048 18306.3672447684 9510.22354977446 28167.3931186567 50502.7047179227 32203.2960481741 7424.40957738271 19514.2865859892 28998.3704204883 10309.9925349402 122921.129961681 87346.4453343743 62856.2060672124 93964.4192879188 65613.7986656454 61094.9296197068 8385.10667826003 8561.6000811798 87270.9366759212 6610.98335380492 54337.8117786665 76862.9347113167 58541.7082200131 56107.362993049 30550.3936492603 4874.5562737184 34266.1298288 87382.1429880922 66937.1766398304 38253.6973342871 68892.0785401244 8989.18298311057 14184.309133444
6.46239260244226 38.0273671252468 5782.93865807607 90.7101474056466 106.143727468975 2678.09756518684 197.291332300015 362.880941556419 448.299920625285 8902.83454376141 51.8859721469595 185.97024932506 149.772389302797 20.2026957546833 49.1655664857177 66.353561983657 93.3864066299046 56.4650496020746 240.540754167411 41.2995864988566 14.3821860408825 61.9103280025158 89.2545917957135 69.7061346422192 19.3608805842156 27.5657766027338 115.938666700567 38.1299471471051 16646.3450424725 7258.40422183802 212.305741006455 954.816964195235 336.804950680762 128.823419972315 24.0011936147331 32.6920314418868 20717.4316330006 19.3032340101284 158.193145548744 1223.63979177677 143.504993056571 164.411858785714 148.644718658567 15.5624767186337 105.241915114976 955.623851805379 16266.7241504493 93.5544613276273 681.469319030921 23.7452334605154 54.6327855593814
1.20428095801219 1.97832066096169 28.5265345532737 1.4103478215078 7.02777997885539 7.10826610407469 1.37886457164132 2.70941075473866 5.03191951242786 29.5016579037368 2.45963485090294 4.32937334696851 2.97087802179431 2.48535460740288 1.49950562573906 2.00728767651628 1.95025442205747 2.34905513448143 2.98917946947836 3.02565615395133 2.45879407718803 1.70806679883685 3.42951788196967 2.51431549068707 1.16130997852974 2.00850031923005 3.28649727701475 1.29174538369773 1105.27219808014 9.89900193714118 4.32516362166746 4.70354259489443 6.89798618257976 3.92762624119007 1.28399197519752 6.27810099476824 745.803764288817 2.33878045816709 5.85838528472982 7.04230963740395 2.68694209583168 6.04893324420482 2.96762595327561 1.97242066366846 1.65263210957357 5.55414410468143 76.0233835918082 1.72833334089432 2.43768108801146 1.33352229796083 2.37471018480619
1.17723285144984 1.36298051307006 1.08776757363034 1.17723380124869 5.8167068818459 1.0878675541835 0.543852542213699 0.998179907839358 2.45068161137829 0.0905771383673937 2.17540988592054 3.35930853309378 1.81727833848288 2.36114901158055 0.998176671719989 1.45250445544877 1.26676377987849 1.99635284560577 1.54202946263285 2.81547294406937 2.36114842300412 1.45250179104801 2.99461958412996 1.99635400991701 1.08770502638015 1.81729653171624 2.17541091602789 1.17723327538215 1.79674169061639 2.17545731591906 2.72592706942191 1.17724221413027 3.99271465730646 3.17358871056217 1.17723332261664 5.90194997428421 2.43067914003166 2.17540967408968 4.18127277158635 1.9964466251547 2.17541297861874 4.35788138289161 1.99640721792002 1.90682434519636 1.17723394072141 1.45514953139877 6.23514077246625 0.998179230026039 0.543857807476229 1.08770559100719 1.97188836032308
1.17723278843118 1.36297205577262 1.08770453801469 1.17723278843118 5.81664167943654 1.08770453801469 0.54385226900763 0.998176287598312 2.45067659378697 0.0895282504166062 2.17540907602915 3.35930347505484 1.8172749184497 2.36114834337059 0.998176287598312 1.45250030618911 1.26676103884756 1.9963525751964 1.54202855660549 2.81547236196138 2.36114834337059 1.45250030618899 2.99452886279425 1.99635257519628 1.08770453801469 1.81729607436341 2.17540907602915 1.17723278843118 1.63155680702198 2.17540907602915 2.72592295563129 1.17723278843118 3.99268399447851 3.17358536362713 1.17723278843118 5.90194754468723 2.36114834337059 2.17540907602915 4.18088364316282 1.99633141928257 2.17540907602927 4.35745860673921 1.99635257519628 1.9068243247799 1.17723278843118 1.45250030618899 6.23315662890275 0.998176287598199 0.543852269007516 1.08770453801469 1.9718878831751
0 0 0 0 0 0 0 0 0 0 0 0 0 0 0 0 0 0 0 0.45432401859091 0 0 0.0895282504166062 0 0 0 0 0 0 0 0 0 0 0 0 0 0 0 0 0 0 0 0 0 0 0 0 0 0 0 0
0 0 0 0 0 0 0 0 0 0 0 0 0 0 0 0 0 0 0 9.96628841676284e-08 0 0 3.52810499180123e-05 0 0 0 0 0 0 0 0 0 0 0 0 0 0 0 0 0 0 0 0 0 0 0 0 0 0 0 0
0 0 0 0 0 0 0 0 0 0 0 0 0 0 0 0 0 0 0 0 0 0 0 0 0 0 0 0 0 0 0 0 0 0 0 0 0 0 0 0 0 0 0 0 0 0 0 0 0 0 0
0 0 0 0 0 0 0 0 0 0 0 0 0 0 0 0 0 0 0 0 0 0 0 0 0 0 0 0 0 0 0 0 0 0 0 0 0 0 0 0 0 0 0 0 0 0 0 0 0 0 0
0 0 0 0 0 0 0 0 0 0 0 0 0 0 0 0 0 0 0 0 0 0 0 0 0 0 0 0 0 0 0 0 0 0 0 0 0 0 0 0 0 0 0 0 0 0 0 0 0 0 0
0 0 0 0 0 0 0 0 0 0 0 0 0 0 0 0 0 0 0 0 0 0 0 0 0 0 0 0 0 0 0 0 0 0 0 0 0 0 0 0 0 0 0 0 0 0 0 0 0 0 0
0 0 0 0 0 0 0 0 0 0 0 0 0 0 0 0 0 0 0 0 0 0 0 0 0 0 0 0 0 0 0 0 0 0 0 0 0 0 0 0 0 0 0 0 0 0 0 0 0 0 0
0 0 0 0 0 0 0 0 0 0 0 0 0 0 0 0 0 0 0 0 0 0 0 0 0 0 0 0 0 0 0 0 0 0 0 0 0 0 0 0 0 0 0 0 0 0 0 0 0 0 0
0 0 0 0 0 0 0 0 0 0 0 0 0 0 0 0 0 0 0 0 0 0 0 0 0 0 0 0 0 0 0 0 0 0 0 0 0 0 0 0 0 0 0 0 0 0 0 0 0 0 0
