239195.455403099 156064.966401938 228799.653045347 214030.278381964 169564.547272176 192218.778494952 390901.522007701 242945.856966197 253588.82679643 229651.946465198 259810.407337404 180593.550116849 265604.564433711 270952.538986311 173382.230422648 305687.985442821 255156.317647302 155673.666534088 237937.831575111 158370.335102817 222779.249728301 289984.126332995 238926.802149025 142628.227942878 156020.901802502 202933.832660335 294425.282460002 143363.668314641 232619.759783791 268984.603822905 277484.585120932 294964.711793744 349487.0705955 509179.986985339 281725.791409615 307782.207268822 297712.725747038 192040.73247311 290558.304861777 139413.204067226 288524.900749376 300402.528893714 171019.936143297 290977.796351901 303393.798195041 200615.517305786 164285.279666697 213235.634018119 201235.475681301 359177.929365036 212810.836303743
239195.455403099 112609.627626047 190098.188829352 181398.860827076 143103.439282358 190228.848814252 298892.479155196 178456.6835347 191666.844887432 229651.946465198 249847.933250759 158263.855920978 215801.16089155 249594.487042541 171840.687740485 290512.554754761 230837.177538146 132608.904223993 235809.919367036 140497.737540989 203773.482727532 265606.77502413 202938.693147306 135602.026875974 139566.682846457 195466.192690919 280493.433212135 143363.668314641 193673.992212423 268984.603822905 214542.324019504 256739.820577948 302669.03267867 463231.729286537 249742.63902276 248763.696753548 250726.362010706 192040.73247311 274805.623097962 130155.423877837 277548.688679924 247932.904978682 148909.21305257 271958.532867222 264253.857208328 200615.517305786 135205.12987262 185676.506422085 181281.790334549 317339.952002887 198297.966984373
211888.390666452 108094.617131053 169473.044683484 156742.725998779 133764.657623396 170215.519669098 298892.479155196 152216.141673852 147865.42290599 185086.470614044 249847.933250759 124624.443926366 204081.310982598 214313.498577149 161085.922175909 252401.129693861 190145.870016949 132608.904223993 178956.72281704 108905.645467553 157442.250805663 232489.20179223 156194.367062512 103865.082188869 128211.941052259 195466.192690919 231385.48641142 112180.309218581 124808.314550588 229287.788203499 166389.405771761 182938.904433307 261087.448966096 377674.778975617 194027.600865836 161892.064945527 232594.804785426 155835.759546094 243199.004460437 94209.7213904541 236193.32536862 216437.786563071 129715.462384794 247233.845693506 174490.575729072 165889.525619748 135205.12987262 160020.785751905 127729.799051493 235008.367729785 152834.256034707
149911.91408639 75282.5362166196 118581.400291626 69618.7090423542 80301.3552923151 84024.8897841609 152698.107814466 132417.104102994 68474.7691977807 127969.109340308 170047.176718875 97197.5671215579 140497.968656336 133246.881875668 87126.9998416037 154612.867448545 69781.5684388972 112518.200268323 120165.780589809 44016.6702851547 85949.1201492965 106937.304132877 86345.5073355813 68599.9284313497 72282.5003421974 142833.460514496 134059.968632457 67459.9343830654 66638.7140021697 137800.035655462 115313.33210166 146497.879830131 148394.908133677 239396.834703089 88189.752257774 96535.0628758517 109362.313944053 77381.2150323547 197040.206445693 40348.4359329433 81091.1379439799 98105.299118476 76401.9623321732 137266.480011634 104558.4897074 99081.7764097958 100817.524233356 90347.4866314093 64170.1629293095 144463.269116017 92173.8017364655
25807.7710853259 898.249112318068 4842.11748617702 414.705074547287 666.972585425382 4671.10268884251 4054.78130153285 8029.96172310847 3344.33906359399 6228.32216943506 11912.4565538716 702.686803727363 13898.7308525268 493.643767101993 168.568020240958 1632.63122487198 1147.47279352109 4692.67847219192 3651.99379355037 206.015867435214 1914.55142941164 242.804398810872 2559.48190467622 703.649197405541 251.632595714667 3322.10751927271 2259.23490993714 978.600837928761 541.631196901578 1506.37576755289 5162.38253644568 6705.55789000007 4145.92585628311 4824.66537248565 1791.77593466195 940.255560190782 1519.50250305928 443.436116911547 3042.63565752328 556.363965727972 1898.92649403541 1584.46682879658 49.0809340772823 6402.03609196504 3941.68302762966 20587.112220122 46160.4662798422 178.211989744991 1120.32674300362 2295.84391405282 8940.06218181447
0 0 0 0 0 0 0 0 0 0 0 0 0 0 0 0 0 0 0 0 0 0 0 0 0 0 0 0 0 0 0 0 0 0 0 0 0 0 0 0 0 0 0 0 0 0 0 0 0 0 0
0 0 0 0 0 0 0 0 0 0 0 0 0 0 0 0 0 0 0 0 0 0 0 0 0 0 0 0 0 0 0 0 0 0 0 0 0 0 0 0 0 0 0 0 0 0 0 0 0 0 0
0 0 0 0 0 0 0 0 0 0 0 0 0 0 0 0 0 0 0 0 0 0 0 0 0 0 0 0 0 0 0 0 0 0 0 0 0 0 0 0 0 0 0 0 0 0 0 0 0 0 0
0 0 0 0 0 0 0 0 0 0 0 0 0 0 0 0 0 0 0 0 0 0 0 0 0 0 0 0 0 0 0 0 0 0 0 0 0 0 0 0 0 0 0 0 0 0 0 0 0 0 0
0 0 0 0 0 0 0 0 0 0 0 0 0 0 0 0 0 0 0 0 0 0 0 0 0 0 0 0 0 0 0 0 0 0 0 0 0 0 0 0 0 0 0 0 0 0 0 0 0 0 0
0 0 0 0 0 0 0 0 0 0 0 0 0 0 0 0 0 0 0 0 0 0 0 0 0 0 0 0 0 0 0 0 0 0 0 0 0 0 0 0 0 0 0 0 0 0 0 0 0 0 0
0 0 0 0 0 0 0 0 0 0 0 0 0 0 0 0 0 0 0 0 0 0 0 0 0 0 0 0 0 0 0 0 0 0 0 0 0 0 0 0 0 0 0 0 0 0 0 0 0 0 0
0 0 0 0 0 0 0 0 0 0 0 0 0 0 0 0 0 0 0 0 0 0 0 0 0 0 0 0 0 0 0 0 0 0 0 0 0 0 0 0 0 0 0 0 0 0 0 0 0 0 0
0 0 0 0 0 0 0 0 0 0 0 0 0 0 0 0 0 0 0 0 0 0 0 0 0 0 0 0 0 0 0 0 0 0 0 0 0 0 0 0 0 0 0 0 0 0 0 0 0 0 0
