21826.2593257302 40849.8019920545 22001.3014241687 929.782181831433 6272.27054102244 20325.645649835 10211.1897530332 1719.4952814989 12705.1199325597 4579.50820638904 27248.6014945878 1847.81973343675 3211.44360896477 16034.9849280861 11820.462567684 4435.25303306399 21207.0615404415 5554.62231923064 60890.6685276542 22403.6480357329 8425.71611172038 2589.37756144842 12660.1206526878 45131.5267703821 51199.4662759391 20986.5764059677 14051.1443683316 6468.82059624791 20432.7796972732 6012.50968413235 10276.3099999293 22615.5749309944 20457.8737262066 20723.1174572899 3967.76938536782 2589.82601464144 33037.1769130178 9740.15952603087 3180.40986585431 8148.32541427276 7407.78271374652 2235.09745172008 3916.23192556081 9949.44553154915 10352.7897474156 25889.255768742 1763.13850846255 3083.91572108149 2804.18089373605 5624.89303537187 7815.35172887487
181.972598634526 1468.19292215129 107.322398226249 2.31952506739037 42.0476279033444 44.4762364213822 86.5541081552383 8.08552879524848 54.7427834899185 19.8860773538159 478.679714340294 9.97960414839599 18.5176893970502 202.423080340376 38.2347231657635 31.2107145380737 106.71624786157 47.4180616052082 1062.00042239426 124.883972100613 41.1509370447243 25.3314767008037 83.1732106667195 522.987871633156 1858.65451842103 151.492987233501 177.097613097037 32.1846805508338 52.5857705701532 20.5225192245292 64.9530499973625 99.8822604268831 96.2960679282693 180.352984470245 29.1195361082447 17.7527871744564 1372.22170779985 58.7472585930611 19.4677943035596 29.296260893263 27.019771752531 15.1121357049921 11.8648593749574 25.2149555997124 87.2568797071503 134.676790636476 10.8632853657728 12.3980369184017 18.3288202772737 19.3782415286942 26.4358795756704
4.68854432578064 6.02143141983868 1.37059533521722 0.307229676338579 0.330182607799998 1.13402681257287 2.36805329574122 0.6746456014655 0.729343530619644 0.294599788758319 2.89973451591175 0.5023473510538 0.262596015740883 1.46176377441532 0.529957978725292 0.745013661886105 1.10801440111254 0.538262097878146 3.90282662261666 0.691540897265213 0.767778818091529 0.230792977818055 1.54391210821507 2.62468739073438 11.9718784854385 1.60234257435559 2.44971024665426 2.71991789383992 0.71164303198475 0.75454776731965 0.890630544875876 1.29039331326078 1.08054504516576 0.782321360618994 2.27488511511865 0.668722883550231 5.72496741616726 0.376062115563968 2.19913966601803 0.271004978335327 0.837515124038646 0.119327799644452 0.274331327346772 0.805661424995151 1.77928553925801 1.65536409870799 0.0489926827585805 0.0604306746871544 0.813542081459559 0.650581069024497 0.176454995908557
2.18235120825318 0.454364748046373 0.0011890544169546 0.268584875329793 0.0895295733869261 0.63338890863406 0.908652045663985 0.543856186865696 0.0895319967161186 5.06961669088923e-07 0.454409163537207 0.454324310318043 6.91166974320367e-07 0.454337160870296 0.0895292191758017 0.454325922923545 4.31002683853876e-06 1.82048768238019e-06 0.543929665586688 7.81529092819255e-06 0.543852971191427 0.0895311758499702 0.543857284747219 0.633400204013924 0.998301064641169 0.454350387141858 3.13452935642999e-05 2.27160609828047 0.0895302021167481 0.543853612767748 1.87682189789484e-05 0.633383313380591 0.633382693713202 0.0895310630842232 1.90682686046375 0.543854226614485 0.000115889433118355 4.00534838718158e-06 1.81731607388838 0.0895286439388201 0.543856502266976 1.82316739483213e-07 4.01194404275884e-06 0.54385354897147 0.908686606525066 0.454334209082958 3.77997366740601e-07 1.25933524941502e-07 0.543854521881599 0.543853275270408 9.38167772801535e-07
2.18207068743084 0.454324019006663 0 0.268584752301308 0.0895282515380131 0.633380519833622 0.908648037302441 0.54385226908073 0.0895282517966507 0 0.454324018771672 0.454324018685838 0 0.45432401925359 0.0895282508145101 0.454324018713692 0 0 0.543852269552985 0 0.543852269767285 0.0895282517499254 0.543852269537638 0.633380519670254 0.99817628843482 0.454324019464707 0 2.27159893722467 0.0895282509723074 0.543852269129388 0 0.633380521349068 0.633380519594766 0.0895282513913571 1.90682432515314 0.543852269081412 0 0 1.81727491879087 0.089528250543367 0.543852269211243 0 0 0.543852269679405 0.908648037333251 0.45432401879043 0 0 0.543852270562638 0.543852269698505 0
0 0 0 0 0 0 0 0 0 0 0 0 0 0 0 0 0 0 0 0 0 0 0 0 0 0 0 0 0 0 0 0 0 0 0 0 0 0 0 0 0 0 0 0 0 0 0 0 0 0 0
0 0 0 0 0 0 0 0 0 0 0 0 0 0 0 0 0 0 0 0 0 0 0 0 0 0 0 0 0 0 0 0 0 0 0 0 0 0 0 0 0 0 0 0 0 0 0 0 0 0 0
0 0 0 0 0 0 0 0 0 0 0 0 0 0 0 0 0 0 0 0 0 0 0 0 0 0 0 0 0 0 0 0 0 0 0 0 0 0 0 0 0 0 0 0 0 0 0 0 0 0 0
0 0 0 0 0 0 0 0 0 0 0 0 0 0 0 0 0 0 0 0 0 0 0 0 0 0 0 0 0 0 0 0 0 0 0 0 0 0 0 0 0 0 0 0 0 0 0 0 0 0 0
0 0 0 0 0 0 0 0 0 0 0 0 0 0 0 0 0 0 0 0 0 0 0 0 0 0 0 0 0 0 0 0 0 0 0 0 0 0 0 0 0 0 0 0 0 0 0 0 0 0 0
0 0 0 0 0 0 0 0 0 0 0 0 0 0 0 0 0 0 0 0 0 0 0 0 0 0 0 0 0 0 0 0 0 0 0 0 0 0 0 0 0 0 0 0 0 0 0 0 0 0 0
0 0 0 0 0 0 0 0 0 0 0 0 0 0 0 0 0 0 0 0 0 0 0 0 0 0 0 0 0 0 0 0 0 0 0 0 0 0 0 0 0 0 0 0 0 0 0 0 0 0 0
0 0 0 0 0 0 0 0 0 0 0 0 0 0 0 0 0 0 0 0 0 0 0 0 0 0 0 0 0 0 0 0 0 0 0 0 0 0 0 0 0 0 0 0 0 0 0 0 0 0 0
0 0 0 0 0 0 0 0 0 0 0 0 0 0 0 0 0 0 0 0 0 0 0 0 0 0 0 0 0 0 0 0 0 0 0 0 0 0 0 0 0 0 0 0 0 0 0 0 0 0 0
