704.397029150884 223.504945204832 2388.64978048374 51.6628709764632 22.5612980172328 37.8454833892372 52.4801234218444 294.835688271436 25.8406603084602 15.8543268475904 32.0230340321122 349.175429516717 48.2232517443167 83.3095334828735 15.0436111785486 71.1018138777074 28.3724572928966 32.1062301943145 53.6358490941722 15.7868128569567 106.31723231031 30.0445722348426 135.912635818092 47.2369830106009 90.6322639463023 1147.93980080921 666.254980777983 136.613057678074 183.011275817957 41.4989693174284 2.98025184760604 183.218071948206 60.0127719298645 260.540368950383 470.511472195865 22.2064579958885 170.900597145599 121.429534161168 93.3085235820242 1103.13358892903 94.4401123668911 200.669296180185 114.472217401629 37.5768415740349 22.5067310151625 53.3988760511349 52.8308780504811 183.020205016388 26.45511554698 23.0503395287742 25.9836785739749
3.29864522500827 3.24006686037148 244.144141108591 0.425174257882418 0.417434104809104 0.405808506517928 2.04797371110203 2.91810358153964 0.241520274257368 0.271515080968129 0.25393365765774 6.53554211215408 0.532172283070622 1.63417758337084 0.67324932924555 2.78087313887147 0.931626076308362 0.496695779202582 0.521092723062452 0.342715974925113 0.957354976153965 0.50725329260456 3.11520182686843 0.532051566912287 1.03392300767644 3.91544032705508 15.3198536053097 0.555752643771257 0.249328180685325 0.390100162226872 0.0796268340486677 0.67835974268155 1.03802615945585 0.837032700528425 5.77310323812094 0.327334065406944 1.13083795290777 1.95777500847873 0.380020161154107 17.2978447019407 0.620364286434892 3.9391292668729 2.14130417418608 0.415460142963298 0.429594018621856 2.23868299822095 1.25401241858253 2.31959368219225 0.295433987919182 0.30077999794878 0.618859759838188
0.11948154987499 0.585029998514528 4.58178326238306 0.00612605928768062 0.00218559112261119 0.00414753408392698 0.018195287077674 0.0693318814905979 0.00458095676162884 0.000258185488291929 0.000437899794633267 0.0624078186705219 0.00344296562332147 0.0229592015867865 0.0279073331793143 0.0462031411549333 0.00162149319464788 0.0021298529793512 0.00172503294720627 0.0010855774914944 0.00503982655948221 0.00761244079149037 0.127077753121284 0.00705610998318207 0.134081060695962 0.224944267222099 0.318602507664536 0.00577028269617585 0.0082289446456798 0.00362645464542766 0.000129185236460216 0.02148661244496 0.00150652270599494 0.0080194126483093 0.234402169297823 0.000775851131493255 0.0215641639841806 0.0244329659158211 0.0016823751168431 0.210296696210207 0.00731895554793027 0.0279311843073629 0.0263954515496607 0.00336794451493461 0.003038065970145 0.0531093828396934 0.0175716943464295 0.0187105687949725 0.00135562048888005 0.00322383021602946 0.00566176670076857
2.13388966585626e-06 0.454324902408871 0.000410313849897648 1.88989815796958e-07 2.01914645003853e-08 2.99490920951939e-08 4.69853375761886e-07 2.54122289788938e-06 2.7428541216068e-08 0 1.6833496374602e-08 1.64364928423311e-06 6.11051973464782e-08 8.84220980879036e-08 1.94350718629721e-07 2.46290369432245e-07 1.2457689990697e-08 4.73361296826624e-08 0 0 9.19325202630716e-08 8.70209078129847e-08 4.30075147050957e-07 9.47685521168751e-08 2.88807234483102e-06 1.06478512407193e-06 3.45625107911474e-06 4.53284201284987e-08 9.93433104667929e-08 7.12826704329927e-08 0 5.23840526511776e-08 6.39008703728905e-08 1.31774640976801e-07 4.93146831104241e-06 0 5.42810198567167e-07 2.37758513321751e-07 2.26793872570852e-08 3.8341756862792e-06 8.77289494383149e-08 2.10723760574183e-06 1.31008494008711e-06 8.49541947900434e-08 1.57920112542342e-08 1.52901634464797e-07 7.56236886445549e-08 2.42535634242813e-07 1.6238459465967e-08 7.06439777786727e-08 3.13417331199162e-07
0 0.454324018590796 0 0 0 0 0 0 0 0 0 0 0 0 0 0 0 0 0 0 0 0 0 0 0 0 0 0 0 0 0 0 0 0 0 0 0 0 0 0 0 0 0 0 0 0 0 0 0 0 0
0 0 0 0 0 0 0 0 0 0 0 0 0 0 0 0 0 0 0 0 0 0 0 0 0 0 0 0 0 0 0 0 0 0 0 0 0 0 0 0 0 0 0 0 0 0 0 0 0 0 0
0 0 0 0 0 0 0 0 0 0 0 0 0 0 0 0 0 0 0 0 0 0 0 0 0 0 0 0 0 0 0 0 0 0 0 0 0 0 0 0 0 0 0 0 0 0 0 0 0 0 0
0 0 0 0 0 0 0 0 0 0 0 0 0 0 0 0 0 0 0 0 0 0 0 0 0 0 0 0 0 0 0 0 0 0 0 0 0 0 0 0 0 0 0 0 0 0 0 0 0 0 0
0 0 0 0 0 0 0 0 0 0 0 0 0 0 0 0 0 0 0 0 0 0 0 0 0 0 0 0 0 0 0 0 0 0 0 0 0 0 0 0 0 0 0 0 0 0 0 0 0 0 0
0 0 0 0 0 0 0 0 0 0 0 0 0 0 0 0 0 0 0 0 0 0 0 0 0 0 0 0 0 0 0 0 0 0 0 0 0 0 0 0 0 0 0 0 0 0 0 0 0 0 0
0 0 0 0 0 0 0 0 0 0 0 0 0 0 0 0 0 0 0 0 0 0 0 0 0 0 0 0 0 0 0 0 0 0 0 0 0 0 0 0 0 0 0 0 0 0 0 0 0 0 0
0 0 0 0 0 0 0 0 0 0 0 0 0 0 0 0 0 0 0 0 0 0 0 0 0 0 0 0 0 0 0 0 0 0 0 0 0 0 0 0 0 0 0 0 0 0 0 0 0 0 0
0 0 0 0 0 0 0 0 0 0 0 0 0 0 0 0 0 0 0 0 0 0 0 0 0 0 0 0 0 0 0 0 0 0 0 0 0 0 0 0 0 0 0 0 0 0 0 0 0 0 0
0 0 0 0 0 0 0 0 0 0 0 0 0 0 0 0 0 0 0 0 0 0 0 0 0 0 0 0 0 0 0 0 0 0 0 0 0 0 0 0 0 0 0 0 0 0 0 0 0 0 0
