554497 1116089 62746864 1962397 174864946 1010543.98046304 25249308 4014478 436141606 690835834 150307491 1513888 5971153.37960683 22676525.3110703 4567676 395686 12099593 12203287 60477297 2405433 529691421 1418288 2877727 2094774 256158709 232597 343176 10202812 194375684 2566962 51155 1014223 136906277 487329656 1576478 632739 27420449 39515 85122595 54531980 61046701 140764624 1488802 350289 186931 125905033.848941 45568831 6642174 491320 775567 157780751
10443 13372 34699 963031 93166 109820 144343 30758 73271 85680 194045 1199300.27625396 32559 173356 177 20874 106647 17485 395 4726 2347216 39976 170639 6051 689631 103971.202523476 10330 29395 71624 4478 1367 109004 10338.2749934776 73758 14225 12183 9612713.10078718 15650 43009 40847 347619.906928597 443755 47461 11467 186931 183154.073013453 99888 254425 701 8502 305933
24 7159 338 31622 8 33262.096250398 8016 62 102 9283 357 41722 32559 173356 149 2355 2365 4479 159 273 411 1099 161 611 568 38323 847 3301 1187 187 94 2168 136 1470 124 18 69434 713 67 3144 10673 1828 1118 53 72261 30 4595 29116 128 238 1956
0 73 0 31375 0 31382.6749042864 149 0 0 100 0 23332 3943 32512.8930998345 0 59 3 27 0 0 6 58 3 2 0 13 0 1 76 0 0 98 5 95 0 0 28166.8827143827 5 0 26 46 92 0 0 42601.8446055312 0 2 123 23 0 0
0 0 0 2 0 0 0 0 0 0 0 0 0 0 0 0 0 0 0 0 0 0 0 0 0 0 0 0 0 0 0 0 0 0 0 0 0 0 0 0 0 0 0 0 0 0 0 0 0 0 0
0 0 0 0 0 0 0 0 0 0 0 0 0 0 0 0 0 0 0 0 0 0 0 0 0 0 0 0 0 0 0 0 0 0 0 0 0 0 0 0 0 0 0 0 0 0 0 0 0 0 0
0 0 0 0 0 0 0 0 0 0 0 0 0 0 0 0 0 0 0 0 0 0 0 0 0 0 0 0 0 0 0 0 0 0 0 0 0 0 0 0 0 0 0 0 0 0 0 0 0 0 0
0 0 0 0 0 0 0 0 0 0 0 0 0 0 0 0 0 0 0 0 0 0 0 0 0 0 0 0 0 0 0 0 0 0 0 0 0 0 0 0 0 0 0 0 0 0 0 0 0 0 0
0 0 0 0 0 0 0 0 0 0 0 0 0 0 0 0 0 0 0 0 0 0 0 0 0 0 0 0 0 0 0 0 0 0 0 0 0 0 0 0 0 0 0 0 0 0 0 0 0 0 0
0 0 0 0 0 0 0 0 0 0 0 0 0 0 0 0 0 0 0 0 0 0 0 0 0 0 0 0 0 0 0 0 0 0 0 0 0 0 0 0 0 0 0 0 0 0 0 0 0 0 0
0 0 0 0 0 0 0 0 0 0 0 0 0 0 0 0 0 0 0 0 0 0 0 0 0 0 0 0 0 0 0 0 0 0 0 0 0 0 0 0 0 0 0 0 0 0 0 0 0 0 0
0 0 0 0 0 0 0 0 0 0 0 0 0 0 0 0 0 0 0 0 0 0 0 0 0 0 0 0 0 0 0 0 0 0 0 0 0 0 0 0 0 0 0 0 0 0 0 0 0 0 0
0 0 0 0 0 0 0 0 0 0 0 0 0 0 0 0 0 0 0 0 0 0 0 0 0 0 0 0 0 0 0 0 0 0 0 0 0 0 0 0 0 0 0 0 0 0 0 0 0 0 0
0 0 0 0 0 0 0 0 0 0 0 0 0 0 0 0 0 0 0 0 0 0 0 0 0 0 0 0 0 0 0 0 0 0 0 0 0 0 0 0 0 0 0 0 0 0 0 0 0 0 0
