3314.19180312685 9609.08630120102 2054.81527319063 1476.01475738261 4915.1068575517 3960.4031549226 613.605497003386 4305.28465148209 7643.09851288634 4427.31644542564 1583.66776894021 1123.71212408852 2798.00238212532 539.497352368829 3536.1687048682 9006.64278713621 2861.82528238499 1387.26649984558 758.997628614318 428.822018766485 1781.57860127181 2388.34619892634 729.045491803137 829.705857212174 5942.33745180241 674.829695877421 10693.6160727554 2454.71638349609 1141.83685413943 10320.5441229301 858.479157630884 6749.93478904317 7468.05513679291 2230.05374980734 2433.73041853616 9265.2807411561 1310.64836069868 1364.4866068985 509.45549701954 523.663720830588 1832.4418186367 1706.3472057146 607.777826387202 9376.31787317815 2184.81368563183 6322.05687872227 493.886514957083 147.910177580639 907.523152278439 1164.21600487245 1134.84738185406
26.8118400618245 152.937044936789 19.7465713921661 14.6144522823902 10.9555831377974 50.3315920702937 4.65357658891458 37.2198990908104 48.0689316273749 16.3072058375458 20.2378314816968 14.2387012372054 6.23080491502844 2.32160500296311 46.5807890134254 62.282970188764 46.8028920587572 7.57932800862397 8.34036635871746 1.60889883568768 8.1474831343437 13.674271408375 3.99958336188627 6.24806618121738 37.4018954534287 6.23775016332456 1004.03885739429 23.9295566344508 7.62008358111268 3684.70281456701 17.5668943079374 17.1136005461934 80.2595728893865 50.4386381655603 13.3545203840254 118.942804300052 7.62719466601129 12.9661889110625 6.39695671594427 5.31772380039899 14.7022304828065 18.0946328797329 5.77583600994524 59.2020006269948 28.6425675721296 111.25744381422 4.38888002643853 1.45171386990569 9.92333590599947 12.4527873964877 9.1893944120136
0.795645642507225 2.88250921123824 0.374562708701205 0.7889148102646 0.175740071596465 0.899418041581839 0.0330372262218361 0.475881369108833 0.521298119896187 0.397203646302728 1.38210186630317 0.0937546967064691 0.0941790537813176 0.0800683314919297 0.495165117521651 1.44733522782315 0.662517543542322 0.160346292315694 0.528681636901524 0.0209032655435522 0.134964258047148 0.200450350475762 0.142394330771367 0.566974844019683 1.08588937971649 0.0521809127845927 15.1347419798263 0.181957350439461 0.0656406672819685 129.817404784452 0.0976273024841703 0.329131648650559 0.988177460607517 0.52808055914204 0.32441293463944 1.51324638790993 0.667087113819321 0.202553782544896 0.0245980421008198 0.0412812084064171 0.612457636616 0.417901473692837 0.0630388553400962 1.00776442522522 0.337005073099931 1.12846150529674 0.0219957307884897 0.018965832210597 0.0456509180199873 0.090266904962732 0.159553699700837
2.44482515654454e-05 0.454572933693612 3.9489390246672e-06 0.454329748587611 1.20466916087025e-06 2.02513544991234e-05 9.06786681298399e-08 6.40913481220196e-06 1.83856298008322e-06 3.93717675706284e-06 0.454336121838537 4.34122284787009e-07 3.99595251110441e-07 3.63772755918035e-07 2.16406351682963e-06 1.20262238851865e-05 9.11852214358078e-06 8.30362182568933e-07 0.454324481151048 8.35145783639746e-08 3.74718410967034e-07 1.59457829340681e-06 0.0895285677119091 0.454325054418632 5.21562151334365e-06 7.0904729909671e-07 0.000179391038955146 6.04218826083525e-07 4.28054704570968e-07 0.00919383763789483 3.21772063216486e-07 1.56814530782867e-06 9.58998930400412e-06 1.4793820810155e-05 1.37616575557331e-06 3.80579657530689e-05 0.454326936206598 1.30122236896568e-06 1.22966639537481e-07 8.88916247276939e-08 2.44937496063358e-06 0.0895294539260476 5.93665959058853e-07 0.0895401449326982 1.89233765013341e-06 9.40227903356572e-06 1.81316863745451e-07 2.202328914791e-07 1.50156665768009e-07 3.39344933308894e-06 0.0895284693693839
0 0.454324018590796 0 0.454324018590796 0 0 0 0 0 0 0.454324018590796 0 0 0 0 0 0 0 0.45432401859091 0 0 0 0.0895282504164925 0.454324018590796 0 0 0 0 0 0 0 0 0 0 0 0 0.454324018590796 0 0 0 0 0.0895282504164925 0 0.0895282504164925 0 0 0 0 0 0 0.0895282504164925
0 0 0 0.00266957870076112 0 0 0 0 0 0 0 0 0 0 0 0 0 0 0 0 0 0 0 0 0 0 0 0 0 0 0 0 0 0 0 0 0 0 0 0 0 0 0 0 0 0 0 0 0 0 0
0 0 0 0 0 0 0 0 0 0 0 0 0 0 0 0 0 0 0 0 0 0 0 0 0 0 0 0 0 0 0 0 0 0 0 0 0 0 0 0 0 0 0 0 0 0 0 0 0 0 0
0 0 0 0 0 0 0 0 0 0 0 0 0 0 0 0 0 0 0 0 0 0 0 0 0 0 0 0 0 0 0 0 0 0 0 0 0 0 0 0 0 0 0 0 0 0 0 0 0 0 0
0 0 0 0 0 0 0 0 0 0 0 0 0 0 0 0 0 0 0 0 0 0 0 0 0 0 0 0 0 0 0 0 0 0 0 0 0 0 0 0 0 0 0 0 0 0 0 0 0 0 0
0 0 0 0 0 0 0 0 0 0 0 0 0 0 0 0 0 0 0 0 0 0 0 0 0 0 0 0 0 0 0 0 0 0 0 0 0 0 0 0 0 0 0 0 0 0 0 0 0 0 0
0 0 0 0 0 0 0 0 0 0 0 0 0 0 0 0 0 0 0 0 0 0 0 0 0 0 0 0 0 0 0 0 0 0 0 0 0 0 0 0 0 0 0 0 0 0 0 0 0 0 0
0 0 0 0 0 0 0 0 0 0 0 0 0 0 0 0 0 0 0 0 0 0 0 0 0 0 0 0 0 0 0 0 0 0 0 0 0 0 0 0 0 0 0 0 0 0 0 0 0 0 0
0 0 0 0 0 0 0 0 0 0 0 0 0 0 0 0 0 0 0 0 0 0 0 0 0 0 0 0 0 0 0 0 0 0 0 0 0 0 0 0 0 0 0 0 0 0 0 0 0 0 0
0 0 0 0 0 0 0 0 0 0 0 0 0 0 0 0 0 0 0 0 0 0 0 0 0 0 0 0 0 0 0 0 0 0 0 0 0 0 0 0 0 0 0 0 0 0 0 0 0 0 0
