404074.048934151 398199.419517213 298484.319988347 446727.675045831 616492.708015958 548038.113959087 449295.547905472 447330.434789032 377135.593638753 240201.477756382 469583.396138398 380627.212547682 377027.591103379 388375.310396065 473011.989521571 461798.47085332 398757.081612436 504461.444712035 520999.635336872 294508.887224366 360505.897032992 391192.894115336 440932.844630319 436349.014471276 399254.282927011 541748.349187365 345978.620742562 355486.963620961 395544.263621825 507711.818947692 395102.75199141 488636.073302537 429050.073359814 499319.771385596 538693.873446244 346537.55281299 318327.683214698 401887.472850363 319165.16204666 326887.717481306 555978.106397227 612109.58652549 522836.082622127 339280.496225783 348894.122901784 546771.047424091 289916.694611387 459432.840827361 465807.003210659 375640.596041556 496792.92373598
404074.048934151 335336.840651626 279445.207781176 393484.748589805 616492.708015958 546445.712242467 405063.142018672 417378.858649973 377135.593638753 240201.477756382 430534.150164051 340882.915256373 349296.135147874 352475.173056346 411376.893207819 460306.018269417 354676.580620298 450993.83854666 493529.114681208 286557.359583215 322533.139212906 358582.926216557 428028.723381875 436349.014471276 380660.987640359 437087.477239018 339233.245053994 355486.963620961 376970.842823795 453830.695706525 331189.073458889 453314.400422616 408193.487850334 417056.593164682 516447.794366485 310716.536017208 318327.683214698 358392.07149091 319165.16204666 326887.717481306 486246.439782573 600625.118832094 468278.22790086 339280.496225783 348894.122901784 503068.894365106 289916.694611387 380413.736274332 357799.811807919 361880.877056983 490448.410629393
404074.048934151 306762.044220299 235351.710018858 390781.279528802 614760.728268598 376532.862346656 380964.463878672 389754.95363851 377135.593638753 240201.477756382 400670.327358669 325361.126913761 349296.135147874 326980.082730103 376514.554285039 440869.955155177 349585.139370102 450993.83854666 434235.26665664 286557.359583215 300473.003739573 301534.327259523 428028.723381875 436349.014471276 380660.987640359 403678.002390031 322116.999860691 355486.963620961 345953.548786032 453830.695706525 331189.073458889 421574.960956965 359104.853126168 417056.593164682 484258.827435814 310716.536017208 318327.683214698 331579.936017122 299221.599947152 326887.717481306 480879.075860774 600625.118832094 420128.617856447 327810.6998757 348894.122901784 451723.193578562 276340.830002675 369759.297836277 339893.652476859 321957.031999039 461599.745711195
221844.561663602 298039.953254149 235351.710018858 330827.537598185 488503.623806909 331626.403478902 363776.726608228 348082.614605602 336191.481336093 239924.296344738 360576.928201882 212327.534429363 281591.536852996 264724.37335384 325474.156758384 334328.358839537 251536.137154774 345050.082995215 307529.423853772 279513.748901276 243425.593745162 301534.327259523 366885.667993323 377438.043572083 301689.319313048 367213.304609147 243085.937994434 355486.963620961 318074.072769031 384864.297653749 331189.073458889 315976.05365267 290542.322044027 417056.593164682 429430.147506939 310716.536017208 308084.658464097 288311.027766241 250243.139618633 326887.717481306 425083.293343859 486234.054694205 344600.73164495 327810.6998757 293361.056048755 415563.721407307 259167.716245246 355138.104967314 265323.097035681 296994.389524447 413968.509131386
221844.561663602 98474.5584792849 127025.005444115 117854.300540499 237911.744503748 143433.466316291 136889.980835527 142999.838020543 159793.93849442 140109.980738878 150428.285002022 212327.534429363 235859.296169957 135048.214700213 78476.1174067876 194235.451506808 154199.306162595 139947.221870204 92286.6382291098 93263.4242880901 173695.093705723 195376.679115137 80584.2505950993 195696.547040484 213207.848021703 111073.282415872 81524.401465361 168405.339640001 209702.944093003 140785.591880473 156686.601253988 225387.725945042 72417.408497764 202926.368987262 115622.990466762 97685.0072230156 95933.244421874 148285.022635396 76510.627526874 176678.188340471 171543.634585863 200492.370418948 130069.875397383 103103.054106894 168989.837683654 246941.218268437 98041.8560602123 240192.239520481 84623.7345910552 69601.5986944843 154544.463970657
268.125718272763 0.0330733064673154 0.568894171621366 0.4371913329731 15.9915999123881 6.48805296464485 0.00733808397762914 0.017527556788707 797.649251884936 0.0115895499230874 3.00477607912836 1989.91726028357 198.270437103346 1.62780017671832 2.65255776721443 102.396570918707 5.1717021669711 48.8799500382642 0.00679280196288801 0.156113664720181 0.231388148428493 8826.04950149803 0.00251085186215505 5.36822761021517 130.51767367192 0.200699903949896 0.000835630833478263 0.984181474392983 3461.65058766413 5.03398477651473 0.332738788029644 295.443956099697 0.492253302869926 0.666740540262936 0.255027439102776 0.0586019126097312 0.000435470330330645 1.09543139151316 0.00981982574177209 18283.5822956693 82.9484254887502 2.20707655460524 0.199324017923914 0.0472389444387886 2.0645833917975 66572.2698877446 0.0393269728134555 234.017933832415 0.0437088821132079 0.00545301904730877 0.00624047731326982
0 0 0 0 0 0 0 0 0 0 0 0 0 0 0 0 0 0 0 0 0 0 0 0 0 0 0 0 0 0 0 0 0 0 0 0 0 0 0 0 0 0 0 0 0 0 0 0 0 0 0
0 0 0 0 0 0 0 0 0 0 0 0 0 0 0 0 0 0 0 0 0 0 0 0 0 0 0 0 0 0 0 0 0 0 0 0 0 0 0 0 0 0 0 0 0 0 0 0 0 0 0
0 0 0 0 0 0 0 0 0 0 0 0 0 0 0 0 0 0 0 0 0 0 0 0 0 0 0 0 0 0 0 0 0 0 0 0 0 0 0 0 0 0 0 0 0 0 0 0 0 0 0
0 0 0 0 0 0 0 0 0 0 0 0 0 0 0 0 0 0 0 0 0 0 0 0 0 0 0 0 0 0 0 0 0 0 0 0 0 0 0 0 0 0 0 0 0 0 0 0 0 0 0
0 0 0 0 0 0 0 0 0 0 0 0 0 0 0 0 0 0 0 0 0 0 0 0 0 0 0 0 0 0 0 0 0 0 0 0 0 0 0 0 0 0 0 0 0 0 0 0 0 0 0
0 0 0 0 0 0 0 0 0 0 0 0 0 0 0 0 0 0 0 0 0 0 0 0 0 0 0 0 0 0 0 0 0 0 0 0 0 0 0 0 0 0 0 0 0 0 0 0 0 0 0
0 0 0 0 0 0 0 0 0 0 0 0 0 0 0 0 0 0 0 0 0 0 0 0 0 0 0 0 0 0 0 0 0 0 0 0 0 0 0 0 0 0 0 0 0 0 0 0 0 0 0
0 0 0 0 0 0 0 0 0 0 0 0 0 0 0 0 0 0 0 0 0 0 0 0 0 0 0 0 0 0 0 0 0 0 0 0 0 0 0 0 0 0 0 0 0 0 0 0 0 0 0
