1.66415729717648e+48 1.59514355797772e+58 1.1435768710519e+52 1.56183611294074e+53 3.02466785693241e+50 6.66766990098447e+51 1.19403518924123e+62 2.84769216741615e+58 4.86641024142671e+61 3.71643627967529e+57 3.95894033092058e+47 6.94765850060762e+57 3.76467350976231e+54 3.01601507022631e+55 8.77687203222271e+49 4.80855141371e+58 3.99125535991704e+47 7.59100419509665e+56 3.21946143000968e+53 4.04845248131692e+60 1.0016584592612e+55 5.30133993475517e+55 4.77686587610394e+58 1.66331318685139e+54 3.84176597385762e+53 1.03899630098459e+57 5.23567685609842e+56 4.00644653545154e+60 1.74502486140349e+51 8.69223017420964e+52 1.11070784131627e+58 2.90089447300894e+50 3.22137825879217e+48 6.97317870506774e+54 1.60347340189799e+55 1.3911142333355e+54 8.80625345623872e+57 1.60745706118934e+51 1.27856406794462e+50 1.36001418990487e+52 7.14590913280842e+43 4.65965117585753e+57 1.28772865426804e+54 2.88876662816725e+56 9.23964260282882e+52 1.11699401074667e+56 4.2907282442073e+55 1.3910445050371e+47 1.10478304807514e+56 2.31110253532499e+59 5.15229878006833e+57
9.88952740953511e+37 6.2308014288415e+46 5.02569368957901e+43 1.69066732687698e+41 3.88863598767788e+39 7.12302399024485e+39 7.97028315454531e+60 5.52175843499728e+45 9.33263471837163e+45 1.74682235185909e+44 2.7275134610114e+39 2.73393805462851e+54 2.37643925115073e+46 3.06760174972603e+41 2.96087635520368e+39 6.17010845092451e+44 8.46435885084557e+34 6.39722686368131e+45 9.74288303087823e+43 1.03260102850334e+50 1.25575577209375e+42 7.61097517187028e+43 3.8483217177191e+50 1.66331318685139e+54 1.35710794435227e+51 5.57394127448561e+48 3.78802158681106e+45 2.25919647975953e+44 3.01939023357022e+33 3.08893965553038e+43 4.95189637568864e+45 6.71411830809996e+40 8.26935247265774e+39 3.0938755935809e+43 1.87020861463134e+40 3.16822478063504e+42 5.47243788447206e+54 1.50210266076052e+42 4.96948775696425e+38 4.90987678017496e+45 6.75537110944111e+35 2.00469149689765e+44 2.6215254766629e+47 6.03471771291275e+49 2.90856353466234e+41 1.30231412543753e+43 4.45275035332931e+42 3.03981357489862e+35 3.35094011895648e+46 8.52572777430241e+44 9.19401530369282e+39
3.11037695811545e+27 1.10049840963623e+38 1.54460301260278e+36 1.35415350964929e+30 1.64093597307692e+30 2.38556731895896e+27 1.86745354077766e+50 2.81801819889157e+37 3.65328526866627e+42 7.33043503997298e+32 4.46615527845919e+28 1.88200191801263e+42 1.1171634677328e+40 6.1801520648207e+28 5.25475296939885e+26 2.74642629303388e+36 9.25361611215664e+24 2.46874937018029e+36 1.44448481778158e+31 8.69084023302515e+43 2.93967833287691e+31 5.0617058222858e+36 1.34987044701743e+37 3.78605706077402e+50 1.35710794435227e+51 2.78167579498289e+36 1.12459584278979e+31 8.00257928634911e+30 4.41913017108231e+25 4.08898117283421e+33 7.53130034599783e+34 3.46300082584699e+30 1.39516400076526e+30 1.75693620410836e+32 2.54112874864788e+25 5.43401472516321e+30 5.17732514268394e+43 1.47921004807102e+34 8.5903480769099e+28 9.03559399439282e+33 1.12926778582642e+27 9.24252483766483e+30 4.10446620632878e+33 8.38375258311368e+36 8.58197616790986e+28 8.66860974188109e+32 5.77344623966029e+28 1.58214366869354e+28 2.49403486906458e+35 2.68174396888363e+33 1.19225049159993e+29
4660568235151277 5.16666227831642e+22 3188046144824 9.03803038591773e+21 3384198363001527296 25175233487787776 1.05183910641166e+46 2.54091757530916e+22 3.65328526866627e+42 1219901146244184320 1138697388065539 1.382347836661e+23 2.43263022280124e+20 293341471695219264 6323681361493986304 4218503657365957632 11088710325083012 2.31967751923959e+24 94473289778642912 2.78679754235679e+29 94561475422397104128 1.82581464065296e+25 7.08228928121831e+24 3.58247835363725e+30 3.52566683514006e+36 20670344662668378112 36469765103642783744 2454209839339021824 3348818178845819 5.15494617571304e+22 1.99287006355093e+24 18965946708413313024 11016383603544711168 1.11394173482432e+23 200442579653673440 119053248560635360 1.32709477576627e+26 1.16170265216578e+25 5.23083456116312e+21 2958640334603726848 131364160859064736 3.22288718069717e+21 2.84623570905289e+21 2.27762385503051e+24 2831375230486861312 17158346425687784 48533928591753272 1106721739601045 8.711418690262e+22 4.57476099395528e+21 15474776112474344
364 171787 241354143.927799 8772 44672370 413 9.10474890181333e+29 4342 4.37578004599474e+28 25869589 74 10572676 8367848508 136 198600114 464 8684 597572.118534679 14114186 664320582090 122838863 19017 5966 219290709 87089 4343 1230 167157 18218 48693828 41189512627 33238913 17179 17244343560 4482929 1225 119225277 5579 182336 3274 1155 6580 18112 3240 206119 1663 748 142 36272909 30144 3395
0 0 199 0 0 0 4217491 0 1447 0 0 0 0 0 0 0 0 0 14114186 6 0 0 0 0 0 0 0 0 0 0 0 0 0 0 0 0 4634252.25200617 0 0 0 0 0 0 0 0 0 0 0 0 0 0
0 0 0 0 0 0 0 0 0 0 0 0 0 0 0 0 0 0 14114186 0 0 0 0 0 0 0 0 0 0 0 0 0 0 0 0 0 4634252.25200617 0 0 0 0 0 0 0 0 0 0 0 0 0 0
0 0 0 0 0 0 0 0 0 0 0 0 0 0 0 0 0 0 14114186 0 0 0 0 0 0 0 0 0 0 0 0 0 0 0 0 0 0 0 0 0 0 0 0 0 0 0 0 0 0 0 0
0 0 0 0 0 0 0 0 0 0 0 0 0 0 0 0 0 0 14114186 0 0 0 0 0 0 0 0 0 0 0 0 0 0 0 0 0 0 0 0 0 0 0 0 0 0 0 0 0 0 0 0
0 0 0 0 0 0 0 0 0 0 0 0 0 0 0 0 0 0 14114186 0 0 0 0 0 0 0 0 0 0 0 0 0 0 0 0 0 0 0 0 0 0 0 0 0 0 0 0 0 0 0 0
0 0 0 0 0 0 0 0 0 0 0 0 0 0 0 0 0 0 14114186 0 0 0 0 0 0 0 0 0 0 0 0 0 0 0 0 0 0 0 0 0 0 0 0 0 0 0 0 0 0 0 0
0 0 0 0 0 0 0 0 0 0 0 0 0 0 0 0 0 0 14114186 0 0 0 0 0 0 0 0 0 0 0 0 0 0 0 0 0 0 0 0 0 0 0 0 0 0 0 0 0 0 0 0
0 0 0 0 0 0 0 0 0 0 0 0 0 0 0 0 0 0 14114186 0 0 0 0 0 0 0 0 0 0 0 0 0 0 0 0 0 0 0 0 0 0 0 0 0 0 0 0 0 0 0 0
0 0 0 0 0 0 0 0 0 0 0 0 0 0 0 0 0 0 14114186 0 0 0 0 0 0 0 0 0 0 0 0 0 0 0 0 0 0 0 0 0 0 0 0 0 0 0 0 0 0 0 0
