"X1","X2","X3","X4","X5","X6","X7","X8","X9","X10","X11","X12","X13","X14"
2775.6532,2402.7888,2052.4176,1999.5988,1932.3984,1903.1746,1898.2629,1896.1363,1896.0581,1895.6288,1895.6247,1895.5836,1895.577,1895.5765
2788.7063,2488.8191,2083.4193,1994.7162,1939.901,1933.0681,1932.0584,1931.2235,1930.3418,1929.2441,1929.197,1929.1889,1929.0882,1929.0183
2687.917,2345.4769,2072.4309,1973.5862,1942.8631,1932.989,1931.0877,1930.4514,1925.081,1919.5076,1919.171,1919.1104,1919.0914,1918.8671
2689.4229,2522.9598,2294.652,2033.3362,1944.2802,1933.9477,1931.9498,1929.6259,1928.6436,1928.3572,1928.3064,1928.3039,1927.8092,1927.7773
2798.3849,2288.6805,2091.3716,2036.6902,1996.3642,1990.8055,1989.5947,1986.2432,1986.1118,1986.1091,1986.0978,1986.0967,1986.0964,1982.962
2724.4155,2241.108,2016.4817,1948.1397,1880.1332,1873.5459,1872.7063,1872.1626,1872.0661,1872.0556,1871.7796,1871.4441,1870.531,1870.3724
3104.5759,2746.6948,2477.3252,2372.1506,2327.5455,2300.2228,2298.7881,2298.0254,2297.8458,2297.8363,2297.8325,2297.1802,2297.1502,2297.1491
2207.9282,1624.7719,1516.8682,1477.5594,1463.3338,1455.0059,1452.6293,1452.5165,1451.8727,1451.8466,1451.8357,1451.7896,1451.7803,1451.6947
3146.9836,2778.1147,2491.5357,2421.4767,2385.1542,2368.0291,2365.0216,2364.3953,2364.3459,2364.0645,2363.53,2363.3353,2363.331,2363.3241
3053.6602,2605.7206,2428.1445,2345.6253,2297.5196,2284.8822,2281.0694,2280.5797,2280.2862,2279.5689,2279.5681,2279.4936,2279.4791,2279.4789
2688.0642,2450.8334,2013.8163,1866.2144,1814.9834,1789.8238,1784.41,1783.9572,1783.7607,1782.9341,1782.9233,1782.7727,1782.7609,1782.7599
2976.7125,2543.5464,2151.2255,2041.2452,2009.2358,2004.8868,2001.2759,2001.0074,2000.9897,2000.9705,2000.9606,2000.9583,1999.7511,1999.7339
3096.1969,2623.9274,2381.8927,2322.6808,2274.5576,2264.6897,2262.9208,2257.6431,2257.5358,2257.4446,2255.3151,2255.2789,2255.2261,2255.1793
2914.8659,2465.4246,2098.2514,1992.1226,1922.1639,1913.1554,1911.9455,1911.2862,1910.202,1909.7496,1909.7281,1909.7201,1909.7127,1909.6653
2841.7759,2503.4873,2226.2662,2164.8332,2132.5379,2114.0011,2110.5692,2109.8765,2109.8594,2109.8188,2109.767,2109.7654,2109.5118,2109.5063
2926.8435,2399.3696,2327.8594,2266.1818,2241.6217,2224.9365,2216.1648,2215.8429,2215.4658,2215.4442,2215.2909,2215.1332,2215.0552,2215.0502
2836.4913,2292.9772,2172.91,2133.6836,2102.3708,2083.3511,2081.9043,2080.9572,2080.8765,2080.3947,2080.3726,2080.2256,2080.2248,2077.8682
2943.5742,2431.3549,2282.5941,2171.8673,2137.459,2114.0227,2112.2619,2108.9274,2107.7362,2107.6715,2107.662,2107.3671,2107.1811,2106.9511
3316.9119,2798.3148,2587.7431,2480.4406,2432.6181,2427.0523,2426.6815,2426.3531,2423.1631,2423.1452,2423.109,2419.7011,2419.6959,2419.6948
2774.0338,2247.0442,2110.1603,2029.7319,1967.5439,1952.0304,1951.3401,1951.1972,1951.1249,1950.7738,1950.7596,1950.4976,1950.4939,1950.4938
2558.9323,2194.943,1941.962,1879.6774,1821.3162,1796.1902,1795.032,1794.2022,1794.1285,1793.4766,1793.4167,1793.2412,1793.2402,1791.1484
2899.1073,2371.1792,2155.0384,2075.3807,2042.4188,2032.3486,2029.7312,2028.7482,2028.5903,2028.4882,2028.4607,2028.4579,2028.4495,2028.4493
2558.2016,2238.5667,1862.8251,1721.5001,1666.2875,1646.2961,1634.5392,1634.2623,1633.9101,1633.4819,1633.4533,1633.1014,1632.4374,1632.4374
3341.1109,2997.2484,2511.0066,2390.3079,2363.0714,2342.552,2340.9384,2340.4017,2329.6348,2329.2471,2329.0597,2329.0567,2328.5284,2328.5277
3014.9887,2631.0605,2324.3018,2250.5616,2191.258,2172.0079,2168.0399,2158.2251,2157.3163,2156.9485,2156.8134,2156.8117,2156.8069,2156.7671
2647.8897,2238.4716,2006.3952,1927.0236,1874.101,1856.6759,1847.5553,1847.1434,1846.3055,1845.8277,1845.8081,1845.805,1845.7984,1845.787
3265.0488,2736.0232,2565.503,2490.1881,2443.1291,2437.3236,2432.4797,2432.4743,2432.3941,2432.1412,2432.1064,2432.0907,2432.0903,2432.0215
2876.2969,2467.7886,2156.1986,2068.8102,2020.8721,2003.7352,1999.7051,1998.7677,1998.5033,1991.6446,1991.6399,1991.6267,1991.6255,1988.3901
3376.6458,3054.945,2729.5222,2602.8481,2546.8023,2535.3597,2522.7095,2522.3238,2522.2514,2522.1132,2522.1077,2522.1046,2522.0774,2522.0761
2902.9558,2594.2026,2178.5993,2066.8507,2011.9826,1990.8639,1988.357,1986.3761,1985.9976,1985.081,1984.9116,1984.8973,1984.8947,1984.8856
2726.7888,2401.848,1970.3675,1812.1498,1753.8377,1745.0549,1743.1168,1742.4684,1742.4495,1739.9829,1739.8905,1739.8757,1739.8748,1739.8729
2979.432,2465.7748,2179.2466,2097.9322,2056.5532,2033.9132,2032.1756,2029.8948,2029.8337,2029.8268,2029.7874,2029.5371,2029.5088,2029.3798
2714.6722,2166.5004,2046.4911,2007.0236,1987.2775,1976.1508,1974.8621,1974.8277,1974.8087,1969.2694,1968.0304,1968.0228,1967.9569,1967.9563
3402.4984,3217.9621,2890.079,2796.6147,2709.4484,2686.9374,2686.0366,2683.3195,2683.206,2683.1064,2683.0626,2683.006,2682.6784,2682.6718
2809.2454,2464.6274,2068.9874,1991.2841,1944.4882,1932.6597,1930.7124,1929.3101,1927.5061,1927.3221,1927.2653,1927.2651,1927.2587,1927.2562
3186.4591,2740.3368,2581.1709,2516.3739,2478.585,2449.187,2436.5202,2432.3522,2431.7031,2431.6559,2427.1465,2426.4337,2426.3947,2426.3243
2939.7279,2720.4844,2350.6083,2261.3166,2232.5663,2230.4266,2211.5231,2208.3365,2208.3308,2208.191,2208.187,2208.1863,2208.1234,2208.1219
2974.7592,2448.8475,2160.5069,2095.4349,2053.1187,2030.7744,2030.4274,2024.8129,2024.7317,2024.55,2023.789,2023.7837,2023.6643,2023.6394
2860.4432,2546.2217,2163.4583,1948.88,1903.3623,1887.2619,1886.0334,1885.3896,1884.4091,1880.47,1880.4503,1880.168,1880.1652,1880.165
2710.1892,2298.8018,2015.2858,1934.0237,1900.6534,1890.3947,1884.9261,1884.5914,1881.8763,1881.8661,1881.8156,1881.7912,1870.9574,1870.9518
2627.0719,2419.1773,2016.9164,1854.1933,1825.6954,1820.1858,1819.5431,1817.6886,1817.6354,1817.5634,1817.5527,1817.4009,1817.2727,1817.1421
2532.8826,2001.2087,1812.5751,1745.5675,1711.7904,1701.5764,1701.2387,1700.8289,1700.8143,1700.7428,1700.732,1700.7248,1700.7228,1700.6991
2719.3733,2135.6483,2028.7178,1979.0119,1963.5092,1950.9179,1949.3298,1948.9702,1948.9555,1948.9388,1948.8966,1948.8964,1948.7145,1948.7039
2670.7408,2423.7013,2021.1543,1878.6695,1826.6895,1812.9233,1811.9795,1811.2358,1810.797,1810.7511,1810.6329,1810.6041,1810.5452,1810.5432
3153.606,2656.344,2567.1231,2517.9893,2491.8386,2480.4172,2476.4023,2475.8442,2475.6622,2475.5879,2475.2224,2475.1982,2475.1924,2475.1836
2426.1837,1976.0454,1759.7731,1686.5048,1654.5309,1642.6271,1641.9071,1641.4088,1639.0695,1639.0405,1639.0398,1639.0078,1639.0077,1638.0883
2938.2308,2635.2875,2212.8038,1981.0052,1920.4634,1908.047,1907.1814,1906.3195,1906.1721,1905.8869,1905.8854,1905.8804,1905.8465,1905.8464
2866.3843,2539.3892,2163.2408,2092.3778,2047.9552,2025.1101,2023.1373,2021.3085,2021.0552,2020.8808,2020.2138,2019.6415,2019.5977,2019.5963
2740.9934,2332.2407,2102.6772,2064.262,2047.0139,2029.0564,2019.8081,2018.3213,2018.2765,2018.1739,2018.1131,2018.1098,2018.1095,2017.9054
2461.9414,2097.9374,1733.2564,1633.547,1603.7359,1568.2178,1565.1526,1564.8242,1564.7771,1562.2475,1561.5402,1561.4944,1561.4664,1556.4308
2588.3164,2247.7268,1871.6664,1765.4306,1713.2637,1705.8941,1704.8138,1704.6351,1702.3763,1701.6254,1700.8747,1700.8554,1700.8502,1700.8462
