"X1","X2","X3","X4","X5","X6","X7","X8","X9","X10","X11","X12","X13","X14"
431.62968,287.31959,240.56157,240.56157,238.45099,220.085,220.085,220.085,184.02691,165.58109,131.2961,97.610848,86.323369,79.384113
383.5107,288.18704,238.75211,235.62387,210.80454,210.80454,176.03797,170.8772,135.03818,135.03818,129.7517,119.66372,71.248847,60.661026
367.38027,287.53982,255.64632,227.50405,217.12125,203.83254,173.50743,156.65623,156.65623,156.65623,140.14296,108.19827,57.651561,53.28843
434.11897,300.0903,258.16196,252.55493,235.33461,203.29815,202.18725,202.18725,189.16995,189.16995,178.29485,178.29485,177.54494,177.54494
406.15862,294.45557,269.28833,200.41217,200.41217,200.41217,200.41217,199.78634,195.00884,187.42106,185.24703,172.00416,134.21579,134.21579
360.8902,243.77769,243.77769,230.35051,209.85913,194.52151,194.52151,194.21554,187.12195,187.12195,169.4343,169.4343,158.08789,125.6532
453.05279,289.03871,288.53852,249.6157,230.13681,230.13681,210.2443,210.2443,181.87921,181.87921,181.87921,181.87921,181.87921,181.87921
432.11127,284.80662,241.13844,228.06855,210.95405,197.52428,187.53429,187.53429,157.47886,157.47886,157.47886,157.47886,152.60301,152.60301
316.47191,291.45108,269.49281,258.28549,234.25461,198.62874,198.62874,183.83665,183.83665,183.83665,183.83665,183.83665,183.83665,183.83665
395.28556,276.67782,276.67782,237.3342,230.80964,224.14717,219.01989,216.16672,207.05427,207.05427,206.99575,197.59322,192.66409,192.66409
399.41278,302.35891,288.11135,254.17244,236.10691,187.37666,187.37666,159.17745,127.58294,75.723518,62.415927,59.786487,59.571607,59.492026
405.73999,310.54542,266.31695,260.72706,225.19112,224.73576,221.12514,196.67696,196.67696,186.33108,186.33108,186.33108,181.48296,116.49754
438.40759,280.74517,233.20168,233.20168,233.20168,233.20168,211.71651,194.05294,190.3519,190.3519,190.3519,190.3519,178.53107,150.33201
421.84876,321.53845,288.22442,260.19155,239.55436,229.77741,221.66644,220.15503,191.89937,191.89937,191.89937,191.89937,191.89937,191.89937
416.3468,270.78927,269.72841,255.02208,234.41138,226.73236,208.64976,208.64976,200.33349,200.33349,198.4383,150.87164,137.13057,94.822091
388.40771,254.91806,254.91806,236.39754,216.96323,216.96323,216.96323,213.43037,213.43037,213.43037,187.54158,173.41794,173.41794,169.17039
458.91298,281.79642,266.26903,261.82476,208.81314,208.81314,181.60411,181.60411,169.7957,125.69511,70.727643,64.191392,62.697226,61.497994
411.04209,305.68473,255.75785,248.79378,238.23892,231.07248,220.12783,220.12783,170.37952,156.82401,146.93201,142.64084,121.3932,99.285785
357.01932,300.1456,235.15297,235.15297,235.15297,217.18178,217.18178,217.18178,217.18178,215.5733,215.5733,215.5733,212.12335,212.12335
463.11572,295.64662,270.86697,233.46211,233.46211,233.46211,215.2734,215.2734,197.99229,197.99229,197.99229,197.99229,193.84776,189.80031
448.12607,288.83813,256.70926,234.41008,230.64815,222.19437,197.33424,197.33424,197.33424,169.36224,165.35059,139.76893,118.68602,86.278938
430.46663,287.81961,260.13109,260.13109,213.05131,213.05131,213.05131,213.05131,208.22247,190.53833,160.38718,139.35517,99.839265,80.384442
377.40535,282.82603,259.56771,239.9951,230.36261,210.61282,208.79446,194.21442,174.28541,174.28541,171.74341,165.06184,117.26892,82.06401
441.39589,298.00823,264.48949,260.21765,232.1943,222.22055,211.56771,196.34738,196.34738,168.20115,168.20115,148.34637,148.12181,121.8201
386.17103,267.57256,233.44976,233.44976,232.17262,216.16707,216.16707,212.67372,199.388,199.388,182.9329,182.9329,182.9329,182.9329
416.42943,268.33452,235.72608,221.92374,221.92374,188.88768,188.88768,188.88768,188.88768,174.36927,174.36927,162.07871,148.66114,139.24885
419.20607,307.2551,279.66672,274.54682,229.34899,225.51071,220.67695,201.08379,200.05856,200.05856,199.55904,167.15904,150.46627,121.56466
372.07168,288.40365,245.50336,245.50336,222.55984,208.00254,208.00254,189.18476,189.18476,182.29881,182.29881,182.29881,182.29881,176.30775
354.52054,253.60084,240.32264,240.32264,210.1322,199.1221,199.1221,199.1221,171.36091,167.242,160.27013,160.27013,160.27013,160.27013
381.65983,273.77048,244.69424,241.26491,231.55625,216.21541,216.21541,171.30965,171.30965,171.30965,171.30965,171.30965,171.30965,171.30965
473.29939,330.49986,312.91434,270.30253,261.1903,218.05226,218.05226,218.05226,218.05226,218.05226,176.93162,176.93162,176.93162,171.08856
383.2448,283.39708,241.62,206.00993,206.00993,206.00993,193.71279,154.90602,154.90602,140.58729,138.4991,106.79021,79.676213,76.140483
416.60571,321.32122,297.08871,276.36871,249.11774,228.22914,227.50546,226.53776,226.53776,218.6974,218.6974,218.6974,218.6974,206.93261
438.84012,301.87396,247.59939,247.59939,247.59939,223.58758,223.58758,214.34487,214.34487,214.34487,214.34487,196.85995,187.59531,187.59531
474.43534,342.39113,307.745,307.745,266.6075,238.03522,234.77221,234.77221,205.22823,205.22823,205.22823,205.22823,205.22823,192.07976
428.44442,290.67254,266.98034,247.29659,236.79642,211.67849,211.67849,211.67849,211.67849,211.67849,199.18092,199.18092,199.18092,199.18092
428.25836,275.97948,273.7034,266.46624,223.84981,191.72508,166.83385,163.57129,144.59574,117.62455,74.991322,71.494316,71.071438,70.852911
405.28865,270.05106,245.1791,232.52168,204.78107,188.38843,188.38843,177.24194,177.24194,164.6137,164.6137,152.80949,150.75516,143.80948
400.54089,288.32427,267.18777,231.54235,212.2504,210.83163,186.68428,182.08126,182.08126,182.08126,182.08126,163.08665,136.05692,109.76911
448.61081,230.84325,230.84325,230.84325,230.84325,224.60287,222.66806,222.66806,210.0922,210.0922,210.0922,200.95883,187.09057,187.09057
459.87272,320.66043,254.01583,254.01583,241.97083,210.98205,210.34135,201.27848,186.92056,168.75983,143.00085,103.58055,90.837964,85.237619
448.77271,333.55857,285.32599,251.84748,251.84748,241.75151,232.01863,214.89617,205.83765,162.75892,140.18233,93.479544,85.758051,84.97911
398.99879,308.56482,293.97704,244.13821,219.30101,219.30101,219.30101,219.30101,214.49824,181.01296,181.01296,166.11624,166.11624,166.11624
397.95759,298.22464,259.30732,240.76957,235.35682,218.11116,217.46378,200.1613,200.1613,200.1613,200.1613,186.01912,186.01912,181.32335
472.19645,300.45575,287.60663,250.35968,229.48753,229.48753,200.46871,200.46871,200.46871,200.46871,200.46871,200.46871,171.95204,171.95204
418.03501,298.18821,275.29606,249.81644,230.22544,224.5589,224.00532,190.37724,190.37724,190.37724,190.37724,186.2485,167.83788,167.83788
447.93274,312.22066,284.94119,231.1696,213.4779,203.77242,203.77242,200.88309,176.7205,176.7205,153.04647,153.04647,113.58428,88.481423
415.41781,287.73949,271.8704,234.51613,222.5361,218.4196,210.12512,188.39965,188.39965,188.39965,159.14315,159.14315,141.22291,113.65803
511.57441,283.00863,283.00863,263.67626,237.30867,235.7797,228.47332,212.70759,185.85032,185.85032,185.85032,185.85032,185.85032,185.85032
473.72246,302.3273,277.05764,267.02809,210.11523,210.11523,196.10761,196.10761,191.99245,191.99245,185.80813,128.39789,123.22965,122.68242
341.44044,281.74739,258.04485,257.09852,232.20207,231.70514,212.05458,188.04125,188.04125,188.04125,188.04125,188.04125,188.04125,183.93054
