"X1","X2","X3","X4","X5","X6","X7","X8","X9","X10","X11","X12","X13","X14"
54.305402,34.589036,21.312353,10.146125,5.2700186,4.5455898,4.4949434,4.4929503,4.484119,4.4452649,4.4443682,4.4143388,4.4136881,4.4136779
50.940091,27.145991,19.722458,13.548395,5.427182,5.1486974,5.1422398,5.1161461,5.0790051,5.0746688,5.0746682,5.0746682,5.0746682,5.0746682
49.87046,26.541461,22.469343,11.269828,5.6390318,4.7105935,4.6904538,4.6744334,4.6744097,4.6744097,4.6744097,4.6744097,4.6744097,4.6744097
51.3714,32.398815,24.824995,13.2446,6.6197208,6.347889,6.3259749,6.2990896,6.2974354,6.297343,6.297343,6.297343,6.297343,6.297343
51.266095,25.15148,14.944972,9.8465633,3.7549772,3.2711467,3.2383521,3.2279333,3.2229675,3.2229675,3.2229674,3.2229674,3.2229674,3.2229674
44.514502,25.183083,17.295331,7.3413453,3.1500456,2.9277213,2.9259556,2.9245765,2.924519,2.9245189,2.9245189,2.9245189,2.9245189,2.9245189
53.126318,26.138881,16.513683,11.570238,5.3384169,4.5298672,4.5100023,4.488786,4.4878229,4.4878229,4.4878229,4.4878228,4.4878228,4.4878228
59.288808,29.229292,21.359098,15.820664,9.7873419,7.6053941,7.5947461,7.5926318,7.5904139,7.5896579,7.5896579,7.5896579,7.5896579,7.5896579
53.475806,32.193824,27.11735,16.897147,7.1390289,6.3142717,6.3032535,6.2990438,6.2981271,6.2952614,6.2936652,6.2933211,6.2932797,6.2932377
46.164203,29.796403,22.364308,19.303603,10.839208,9.6452516,9.6391952,9.6302432,9.6193374,9.583333,9.5551563,9.5551563,9.5551563,9.5551563
52.024749,23.596136,16.937222,10.441412,3.4004713,2.9734472,2.9451398,2.9425259,2.9413221,2.9413084,2.9413084,2.9413084,2.9413084,2.9413084
47.537926,25.909558,18.494606,10.970799,6.3093424,3.778701,3.754566,3.7330682,3.67592,3.6751795,3.6751795,3.6751795,3.6751795,3.6751795
52.733604,24.313286,20.558669,13.872396,6.9037826,5.6013307,5.5546821,5.5387565,5.5042125,5.4954759,5.4926161,5.492602,5.492602,5.492602
56.387846,33.912566,23.619645,11.992207,5.1820552,4.4776137,4.4546247,4.4453108,4.4433263,4.4433263,4.4433263,4.4433263,4.4433263,4.4433263
58.27156,30.281858,17.425667,7.8729743,2.6911388,1.9303625,1.9258169,1.9148907,1.9131698,1.9131697,1.9131697,1.9131697,1.9131697,1.9131697
48.84898,27.477714,16.239009,8.1354878,2.5717887,1.9987274,1.9931791,1.9912225,1.9912224,1.9912224,1.9912224,1.9912224,1.9912224,1.9912224
34.128283,18.935017,14.120843,8.4063732,3.8235127,3.2671413,3.2547743,3.2506383,3.2457003,3.2453652,3.2446225,3.2445352,3.2440114,3.2435522
53.032484,31.985388,24.109711,16.888936,9.2892953,7.4971637,7.4424047,7.4098841,7.4087737,7.3989134,7.3983697,7.3983697,7.3983697,7.3983697
51.161279,31.439448,20.002276,9.3028805,5.0450591,4.9855979,4.9627517,4.894598,4.8766887,4.8737833,4.8736059,4.8736059,4.8736059,4.8736058
41.674819,24.595127,17.169418,11.149704,4.1157655,3.7136015,3.6912397,3.6451253,3.6408338,3.6406889,3.6406889,3.6406889,3.6406889,3.6406889
54.371391,27.686927,21.106037,12.607761,5.1760098,4.6848029,4.6606106,4.6477044,4.6462676,4.6462607,4.6462607,4.6462607,4.6462607,4.6462607
56.973026,34.012855,27.457514,17.754495,7.5175085,6.3151053,6.2984742,6.293328,6.2925414,6.2925414,6.2925414,6.2925414,6.2925413,6.2925413
47.025785,20.139461,10.514537,6.2896296,2.5844799,2.1806173,2.1741617,2.173753,2.1734477,2.1734477,2.1734477,2.1734477,2.1734477,2.1734477
49.824007,21.589888,16.499463,9.2427809,5.1654436,4.9258782,4.9150848,4.9083483,4.9059841,4.9043964,4.9043963,4.9043962,4.9043962,4.9043962
52.683477,29.536713,19.045714,12.63168,4.5609754,4.1278512,4.1019436,4.1009951,4.0903772,4.0903364,4.0903364,4.0903364,4.0903364,4.0903364
49.175116,21.576321,12.805283,5.8214709,2.9649073,2.6649219,2.661703,2.6617016,2.6617016,2.6617016,2.6617016,2.6617016,2.6617016,2.6617016
61.564353,30.110906,19.360537,6.9375652,3.5082689,3.2577021,3.2366883,3.2315447,3.230009,3.2257931,3.225793,3.225793,3.225793,3.2257929
53.363007,24.890638,19.354677,12.341442,7.0457364,6.0792759,6.0486933,6.042211,6.0420394,6.0420394,6.0420394,6.0420394,6.0420394,6.0420394
50.164969,31.186639,20.685873,10.565965,5.5159123,4.3099152,4.2935576,4.2886708,4.2847746,4.2729434,4.271865,4.262641,4.262641,4.2626409
40.682443,24.612628,15.072955,7.3721612,3.3400777,2.9760356,2.9650655,2.9632034,2.9624905,2.9624849,2.9624849,2.9624848,2.9624848,2.9624848
41.778722,23.95527,16.922329,9.3238319,4.5756489,4.1050476,4.0901972,4.0897082,4.0897082,4.0897082,4.0897082,4.0897082,4.0897082,4.0897082
52.218017,27.446998,18.269613,6.8596805,4.0309966,3.8084313,3.788891,3.7834534,3.7734799,3.7690045,3.7690045,3.7690044,3.7690044,3.7690044
47.728611,25.402071,19.546626,11.793637,6.2659236,5.7659296,5.7474881,5.7458955,5.7454732,5.7452519,5.7452519,5.7452519,5.7452519,5.7452519
42.732503,24.60322,16.745521,9.871365,4.1388016,3.636334,3.6308116,3.6159531,3.6099519,3.6075376,3.6075375,3.6075375,3.6075375,3.6075375
58.021346,34.217702,22.701211,16.285233,11.010815,10.436501,10.369749,10.362742,10.359289,10.355221,10.355221,10.355221,10.355221,10.355221
49.926116,24.938168,15.950643,6.9227078,3.4343381,3.2299222,3.225648,3.2255301,3.2255301,3.2255301,3.2255301,3.2255301,3.2255301,3.2255301
44.103939,22.788539,11.496869,6.2633965,3.3971799,3.2431314,3.2247858,3.2245862,3.224142,3.224142,3.224142,3.224142,3.224142,3.224142
53.275963,27.080687,21.763345,15.535781,6.7293759,4.9645308,4.9558269,4.9496847,4.9486443,4.9486443,4.9486443,4.9486443,4.9486443,4.9486443
41.548683,26.422773,17.545762,8.4719501,5.20334,4.9354406,4.9228834,4.9160888,4.9045119,4.8993379,4.899153,4.8991464,4.8991464,4.8991464
48.663913,26.45974,20.606905,14.354813,4.9074507,4.1129332,4.1009331,4.0996968,4.0923298,4.0918859,4.0918634,4.0918634,4.0918634,4.0918634
38.704388,23.759228,17.565959,12.055918,6.5465563,6.2511771,6.2369504,6.2252726,6.2242031,6.2241725,6.2241725,6.2241725,6.2241725,6.2241725
43.402059,25.94438,18.357162,8.6278741,4.6221089,4.3819853,4.3582279,4.357132,4.3528897,4.3528896,4.3528896,4.3528896,4.3528896,4.3528896
36.93225,18.51092,11.732345,6.2205585,4.7697623,4.7166238,4.5782599,4.5707637,4.5703925,4.5703859,4.5703859,4.5703859,4.5703859,4.5703859
55.044651,29.611766,19.761262,11.410613,4.0074733,3.5747165,3.5558794,3.5464979,3.5435196,3.5435077,3.5435077,3.5435077,3.5435077,3.5435077
49.87793,29.109452,17.849979,12.091549,5.1302074,4.2317743,4.196716,4.1930454,4.192675,4.1925629,4.1924117,4.1924086,4.1924059,4.1923664
41.022253,20.980742,15.969974,7.2439532,4.3529095,4.2516299,4.2475195,4.2456221,4.2454469,4.2454468,4.2454468,4.2454468,4.2454468,4.2454468
56.828151,31.547578,20.447294,12.111089,5.1107049,4.0984017,4.0650939,4.0424056,4.0415031,4.0409172,4.0407654,4.0407457,4.040609,4.040609
46.160772,25.000499,17.41373,13.977737,12.070631,8.5623863,5.7767649,5.7394918,5.6967751,5.6941107,5.693579,5.693579,5.693579,5.693579
52.815143,30.457088,18.32406,10.183423,4.7859161,3.6262979,3.6226707,3.6021371,3.5971467,3.5922959,3.5921057,3.5921056,3.5921055,3.5921055
37.466738,19.145122,11.187666,6.2882354,3.3140317,2.8234514,2.8113887,2.801822,2.8009409,2.8007653,2.8007653,2.8007652,2.8007652,2.8007652
50.59018,24.677457,15.122371,6.8338729,3.7337317,3.5906479,3.5841023,3.5836053,3.5828346,3.5828346,3.5828346,3.5828346,3.5828346,3.5828346
