"X1","X2","X3","X4","X5","X6","X7","X8","X9","X10","X11","X12","X13","X14"
2529.1275,1674.8306,1674.8306,1613.5979,1613.5979,1613.5979,1601.4652,1102.1272,955.87685,955.87685,887.99201,703.47191,568.19416,568.19416
2241.9898,1907.6112,1907.6112,1417.7821,1272.8242,1103.2742,722.36224,587.3746,464.1379,389.05334,356.24771,339.2346,338.33284,336.67957
2377.4367,2011.4724,1701.091,1560.8235,1543.7754,1363.6269,1180.8433,1153.289,768.02183,757.49321,646.78987,552.89642,458.33563,408.03328
2567.6807,1232.4841,1232.4841,1232.4841,1054.4309,729.33197,399.26328,296.0844,271.08717,257.15299,252.72802,250.53101,249.16494,248.93044
2123.109,2123.109,1533.8151,1533.8151,1523.3141,1311.6789,1311.6789,1311.6789,1311.6789,1283.9045,1033.8384,958.61056,958.61056,958.61056
1936.3355,1759.5874,1559.7674,1559.7674,1226.0558,1039.8903,832.9445,432.56751,341.33958,318.49816,312.54841,311.01759,307.47723,305.68459
2668.3567,2060.0991,2060.0991,2060.0991,1570.4441,1500.1387,1397.9515,1397.9515,1397.9515,1362.5004,1362.5004,1327.5097,1316.6694,1316.6694
2157.0514,1903.9922,1883.3715,1311.6333,900.41258,387.80018,205.76253,81.659844,39.926609,36.441703,33.363164,26.775204,11.491013,8.9358288
2487.3462,2268.5375,2001.7338,1625.9287,1556.2199,1316.1109,940.69949,805.62629,805.62629,474.05014,361.1557,328.53689,312.54697,310.65596
1827.3341,1827.3341,1827.3341,1827.3341,1803.2813,1218.5586,1218.5586,1121.1935,1052.3758,763.45122,487.22735,398.07169,369.65222,354.36481
2716.9887,2306.688,2010.9256,2010.9256,1733.0886,1450.6325,1450.6325,1450.6325,1450.6325,1450.6325,1450.6325,1399.5104,1399.5104,1327.477
2113.069,1860.3532,1860.3532,1647.2168,1383.8252,1200.6849,967.99424,730.12481,355.90983,355.90983,176.13747,117.07562,83.684406,73.447404
2384.2617,2025.9131,1435.0678,1435.0678,1278.394,1278.394,849.62645,801.52746,389.12371,389.12371,389.12371,336.97382,322.14633,293.68955
2535.5828,2281.8395,2254.6904,2143.4203,1750.5713,1217.9589,1217.9589,1217.9589,1217.9589,1179.6211,1055.3065,836.37089,773.11172,645.18689
2197.4002,2168.4688,1829.1418,1741.5565,1741.5565,1471.8756,1202.1268,1202.1268,981.25811,913.56688,711.74556,681.44984,538.95551,474.3191
2201.5262,2201.5262,1786.5311,1702.4415,1197.5432,1197.5432,1176.3972,1105.5348,1054.3722,774.51104,746.74457,746.74457,746.74457,746.74457
2109.3546,2109.3546,2086.5806,1825.8287,1707.8179,1620.1207,1620.1207,1406.6562,1237.4597,1212.3428,1212.3428,1124.6044,769.12584,769.12584
2035.3523,1965.1297,1947.6145,1791.8112,1384.3172,870.23341,416.50532,303.41092,279.65475,270.59072,262.85887,258.82713,249.64871,248.04835
1857.4063,1857.4063,1857.4063,1410.782,1410.782,1053.7896,889.3044,622.10566,500.43228,411.9895,377.26789,351.88901,303.56117,269.59366
2523.2045,2372.9876,2191.0199,2109.0691,1719.8941,1547.8614,1459.2255,1300.8072,1100.81,1092.5754,1092.5754,1092.5754,1092.5754,971.22635
1896.3261,1896.3261,1896.3261,1601.2407,1331.103,975.42349,492.6423,432.4955,409.77525,404.1212,398.23959,391.34742,384.79547,383.14079
2824.0046,2445.8769,2276.3339,2108.1722,2083.5999,1679.3923,1679.3923,1679.3923,1679.3923,1548.073,1548.073,1548.073,1548.073,1548.073
2307.1357,2063.7906,1737.5478,1491.1325,1350.7319,1275.6873,1275.6873,930.68983,842.91736,842.91736,842.91736,830.78121,830.78121,830.78121
1942.7312,1892.81,1811.0946,1358.7098,1193.1673,703.65764,364.614,175.48283,114.71786,101.11924,83.529618,79.710225,78.336983,76.081868
2475.0757,1571.7943,1571.7943,1571.7943,1443.5452,1443.5452,1424.7183,1424.7183,1239.7354,1208.5293,1139.9958,1139.9958,1139.9958,1139.9958
2190.4704,2190.4704,1958.3235,1674.3107,1674.3107,1456.8532,1424.5912,1424.5912,1088.1617,1088.1617,1068.4069,990.23789,591.68756,550.08658
2414.2177,1837.5818,1837.5818,1603.8172,1175.7744,629.63192,410.52519,317.59931,255.02419,231.40878,222.63712,217.85605,214.44479,211.46445
1965.3092,1675.0941,1675.0941,1151.7118,1151.7118,886.43572,886.43572,330.77871,264.79504,243.354,233.88073,232.17441,231.63373,231.58745
2582.2258,2176.2426,2176.2426,2112.0424,1778.7637,1460.7554,1300.2912,1295.7416,1037.1078,818.12399,595.6809,526.58139,507.89556,454.34341
2387.5528,1656.9899,1656.9899,1433.477,1366.9534,1219.9905,1120.1677,1046.3336,653.7516,570.69971,532.66698,497.9973,462.74184,446.53069
2158.5496,1689.3313,1666.6593,1629.2916,1247.6059,1219.879,956.16999,614.05391,405.09325,273.34868,220.33761,193.19458,171.31351,161.78561
2605.3765,1456.9834,1456.9834,1456.9834,1456.9834,1456.9834,1404.6694,1404.6694,1194.2369,795.27452,750.58444,634.14723,591.26043,576.59456
2222.8535,1872.9473,1872.9473,1773.1239,1434.6762,1334.0897,918.3197,918.3197,493.57792,343.5906,313.79147,305.96681,301.61534,288.19667
2765.9531,1308.8199,1308.8199,1308.8199,1308.8199,1307.6453,1177.076,1177.076,728.71903,549.17998,436.23968,402.9582,389.93385,379.74618
2124.1307,1883.375,1883.375,1723.4284,1163.8426,722.15946,714.91491,609.42403,379.38786,259.04247,242.44683,236.19053,231.55633,227.04091
2336.1708,2046.7652,2020.321,1949.3036,1544.1335,1218.8423,890.78833,787.44646,741.82054,694.19098,675.05118,666.25276,659.43809,658.24882
2519.2326,2071.0756,1854.921,1747.4755,1747.4755,1632.9754,1632.9754,1542.7435,1542.7435,1440.1677,1321.5688,1321.5688,1321.5688,1147.0951
2178.6616,2042.5821,1932.6775,1556.0855,1257.7394,1230.9055,1230.9055,1230.9055,1216.4157,734.44743,683.41853,644.37075,644.37075,567.64745
2215.7714,2084.1477,1725.5065,1579.7173,1579.7173,977.57443,888.01879,868.80721,655.2221,403.08382,378.71733,372.67875,369.48727,367.92635
2213.3537,2159.4578,2106.8317,1674.1387,1534.2203,1487.1953,1299.3804,1145.647,1145.647,1118.012,820.37506,726.71197,634.84008,634.84008
2223.5299,1778.8328,1354.763,1354.763,1214.9444,1048.1513,1029.6069,711.60592,480.86957,457.70055,357.4728,316.17339,265.63583,237.14626
2090.0653,932.91145,932.91145,932.91145,932.91145,470.23572,194.81752,139.52181,116.73555,112.23254,108.23863,107.27045,105.90021,103.65075
2259.689,1674.625,1506.6874,1506.6874,1303.4352,885.937,515.63489,393.96065,367.83494,318.11499,308.40304,306.39055,296.38104,271.32996
2260.849,2001.4797,1761.1206,1565.4384,1034.2249,888.96684,750.25753,631.02064,371.91516,306.78159,269.60556,240.99378,221.21501,201.5008
2695.1312,2019.4329,2019.4329,2019.4329,1567.1721,1567.1721,1567.1721,1567.1721,1370.6727,1048.175,1048.175,1048.175,1048.175,679.03782
1975.8961,1741.3059,1741.3059,1464.5907,1306.0585,1249.6834,1217.3394,981.10254,981.10254,919.84141,363.64348,348.77015,322.99091,262.60029
2553.0356,1722.8989,1722.8989,1722.8989,1646.2208,1264.4501,1170.0317,946.9284,610.93212,591.99671,418.8914,374.23558,354.8815,342.25873
2046.5589,2046.5589,1775.6902,1453.7229,1261.5496,968.11537,627.82669,550.49438,342.04107,250.22597,231.8662,223.15919,215.58911,212.90826
2423.9537,2414.1169,2121.7721,1668.8152,1614.3746,1054.4655,836.33488,601.46143,538.98071,528.8372,517.05431,511.97348,509.17666,507.53487
1843.0339,1780.2942,1289.7862,1289.7862,988.76101,657.57811,249.78121,89.808516,70.609721,62.459768,56.750007,51.53764,50.600517,48.873787
1611.2629,1611.2629,1611.2629,1611.2629,1611.2629,1554.6555,1077.2029,980.106,830.61426,750.46723,723.40905,712.07788,707.34627,700.88077
