"X1","X2","X3","X4","X5","X6","X7","X8","X9","X10","X11","X12","X13","X14"
14701.115,14337.071,14337.071,14076.155,14076.155,13541.529,13133.88,13133.88,13133.88,13133.88,13133.88,13133.88,13133.88,13133.88
14776.038,14776.038,14776.038,14776.038,14776.038,13444.764,207.94983,119.79068,116.60452,110.44624,110.31651,110.23797,110.21935,101.5906
14902.713,14902.713,11428.184,867.97032,205.94292,126.64986,119.7885,116.56068,111.63528,111.39754,110.16074,107.66395,107.05822,106.93634
15724.158,15580.707,15344.859,14963.076,948.7814,157.41588,125.45762,124.12465,123.73322,123.70874,123.67115,123.66802,123.66286,123.6596
14527.546,14527.546,14527.546,14527.546,14123.097,13835.916,13290.873,13091.287,13091.287,13091.287,13091.287,13091.287,13091.287,13091.287
14376.361,14376.361,14376.361,5887.6846,199.20579,120.24008,111.00299,110.24834,110.12718,110.04051,109.90677,104.45279,104.45029,104.44829
15231.783,15231.783,14404.18,14404.18,13925.394,13925.394,12500.17,12500.17,12500.17,12500.17,12500.17,12500.17,12500.17,12500.17
15556.454,14400.395,14400.395,14400.395,13861.303,13264.492,13264.492,13264.492,13264.492,13253.212,13253.212,13253.212,13253.212,13253.212
15490.909,14923.622,14923.622,14615.607,13810.423,13650.645,13335.921,13335.921,13189.333,13189.333,13189.333,13189.333,12194.34,12194.34
14727.405,14727.405,14727.22,14727.22,13520.914,862.28566,144.70232,116.8924,110.99516,110.61645,110.43913,102.0633,101.12945,100.63928
14923.919,14923.919,14423.911,14423.911,13968.344,13734.598,13064.618,13064.618,13064.618,13064.618,13064.618,13064.618,12925.006,12340.723
15470.465,6969.5764,1753.7557,397.44556,173.68488,123.64067,119.92797,118.3518,118.05518,117.99138,117.97453,117.95694,117.94963,117.94447
14882.889,14882.889,14483.822,14483.822,14187.92,14017.799,14017.799,13179.872,13179.872,13179.872,13179.872,13107.739,13093.499,13093.499
13699.109,2330.6233,854.84573,343.74007,174.13858,117.69079,112.8482,111.19086,102.76444,102.2283,102.21048,102.20677,102.20619,102.2039
15408.893,15312.443,14549.515,13946.02,13946.02,12972.912,12972.912,12972.912,12972.912,12972.912,12972.912,12972.912,12972.912,12972.912
14601.091,14601.091,14372.018,14372.018,13572.126,13393.633,13393.633,13239.851,13099.529,13099.529,12751.248,12751.248,12751.248,12751.248
14973.611,14973.611,14973.611,14973.611,13978.497,13978.497,13978.497,13978.497,13335.265,13335.265,13335.265,13335.265,13335.265,13335.265
15648.378,14122.496,14122.496,14122.496,14122.496,13781.116,12904.62,12904.62,12904.62,12904.62,12038.941,12038.941,12038.941,12038.941
15100.126,11869.525,2057.7211,417.85641,180.95023,128.85129,124.56558,113.68647,106.58953,104.29282,102.71115,102.65194,102.63362,102.46818
15667.556,15667.556,15667.556,14903.379,14732.105,14364.852,14137.116,13818.574,13818.574,13421.204,13056.24,13056.24,13056.24,13056.24
15009.256,14755.267,13748.271,901.61756,205.50813,128.93297,107.79561,106.36243,105.24463,104.6339,104.6099,102.2952,102.01834,102.01367
14985.387,14429.217,14429.217,14429.217,13446.626,12351.32,12351.32,12351.32,12351.32,12351.32,12351.32,12351.32,12351.32,12351.32
14810.2,14222.583,13711.964,13711.964,13511.826,2877.6161,164.59943,121.97857,118.70064,114.42255,114.00446,112.4651,112.39987,112.21545
15027.364,15027.364,15027.364,14089.537,13804.876,13671.84,13246.862,13246.862,13184.696,13184.696,13184.696,13184.696,13132.965,13132.965
15220.63,14763.771,14763.771,14763.771,14760.12,14224.649,13567.241,13567.241,13567.241,13567.241,13567.241,13567.241,13158.417,13158.417
14723.754,14294.813,14294.813,14294.813,14276.329,13644.067,12682.925,12682.925,12682.925,12682.925,12682.925,12682.925,12682.925,12682.925
14594.269,14261.106,14261.106,14261.106,14190.769,13558.304,13452.571,13452.571,13452.571,13452.571,13452.571,2923.2024,128.28205,111.34938
15377.196,14182.736,14182.736,14182.736,13654.635,13481.764,13481.764,13481.764,12845.015,12845.015,12845.015,12845.015,12545.565,12545.565
15632.435,15606.358,15371.698,14390.873,228.45878,123.40303,112.72699,112.42349,112.4148,109.63592,106.38524,105.39846,105.39266,105.39181
15202.984,14752.879,14637.025,13658.806,13398.185,13398.185,13398.185,130.89827,106.97387,106.69938,106.43906,106.42463,106.41499,106.40695
14115.456,14115.456,14115.456,14115.456,13367.506,13367.506,13367.506,12862.649,12504.801,12504.801,12504.801,12504.801,12504.801,12504.801
14979.747,14660.906,14583.778,14105.359,343.32692,121.36784,107.16594,105.13144,105.01578,104.67925,104.66554,104.64645,104.64497,104.64227
15370.092,14842.886,14842.886,4504.6439,161.13979,112.80702,104.95224,104.26337,104.14249,104.11841,104.08844,104.08635,104.00674,103.9962
15545.299,14066.666,14066.666,14066.666,14066.666,13845.339,13845.339,13246.505,13240.307,13240.307,12071.528,12071.528,12071.528,12071.528
15336.736,15093.609,14130.318,14130.318,14130.318,151.24616,111.06179,109.63495,106.7097,106.21776,105.88167,105.87333,105.87009,105.86928
14367.749,14367.749,14367.749,14367.749,370.66542,126.89772,120.97004,102.28094,101.96452,101.7548,101.70004,101.46135,101.42799,101.42348
9120.1742,1587.1484,637.14786,260.26785,147.22535,105.36929,102.38613,101.69577,101.6363,101.36518,101.33529,101.3201,100.63304,100.56775
14077.159,14077.159,14077.159,14077.159,14077.159,13992.358,13992.358,13543.352,13543.352,13543.352,13543.352,13543.352,13385.568,13385.568
15611.428,14803.124,14803.124,14562.924,13878.342,13625.936,13241.687,13241.687,13241.687,12933.447,12693.31,12693.31,12207.303,12207.303
15249.882,15249.882,14931.365,14600.732,13651.837,13372.882,13372.882,13372.882,12873.651,12873.651,12873.651,12873.651,12824.753,12824.753
15699.671,15031.41,15031.41,14116.485,14116.485,13487.779,13487.779,13487.779,13487.779,13487.779,13487.779,13487.779,13487.779,13487.779
15357.906,15357.906,15211.214,6542.2163,169.80467,118.87181,107.22075,101.83524,101.34617,101.12855,100.57518,100.53591,100.33621,100.27163
15788.308,15114.531,15114.531,14625.959,459.06788,160.62618,130.65812,124.21839,124.08404,123.40059,102.2651,101.358,100.9281,100.86695
15024.532,13988.871,13988.871,12485.813,288.71238,121.63155,107.97355,104.99206,104.59011,104.46207,104.4368,104.42517,104.42409,104.41204
3662.6842,834.97084,420.6419,234.23112,143.21019,116.41887,115.15169,114.28336,114.22882,114.15312,114.11622,114.11381,114.11091,114.1107
15093.228,14721.243,14721.243,13676.452,13676.452,12909.428,12909.428,12909.428,12909.428,12909.428,12909.428,12909.428,12909.428,11923.635
14996.872,14996.872,14996.872,14463.506,14463.506,13129.351,13129.351,13129.351,13129.351,13129.351,13129.351,13117.017,13117.017,13117.017
15126.644,14365.076,14365.076,14235.171,14235.171,453.847,135.83486,117.07236,109.26387,104.06331,103.99675,103.8904,103.88452,103.86694
16055.535,15568.04,14489.916,14489.916,13918.434,13173.998,13173.998,13173.998,13173.998,13173.998,13173.998,13173.998,12600.098,12600.098
14167.095,14167.095,14167.095,856.36252,152.64494,116.86818,108.67125,108.18538,104.98572,104.92345,104.90652,104.85844,104.85741,104.85579
16062.439,15401.962,15221.665,13910.595,13910.595,13910.595,3502.1765,151.71874,116.31788,113.64928,108.59728,107.44999,107.30281,107.16046
