"X1","X2","X3","X4","X5","X6","X7","X8","X9","X10","X11","X12","X13","X14"
6483784600,1555802500,351661050,40138674,277535.9,305.22254,223.90639,223.63061,220.9434,218.88208,216.39866,214.43346,213.97828,208.28005
5913327400,1610895000,245767510,24021882,236572.59,34.083755,0.041746705,0.040857683,0.040660789,0.03999691,0.039750857,0.039417429,0.039417429,0.03903407
15424658000,2734606400,631157870,53953338,506770.82,6186.081,6157.4162,6062.7694,6020.7058,5889.3408,5889.3408,5889.3408,5756.7627,5756.7627
7912418100,1113497400,113542570,8518162.1,31244.449,0.22999958,0.0066050181,0.0065991173,0.006515087,0.0064671162,0.0063895743,0.0063414028,0.0062417066,0.0062417066
9040225200,2305376700,640762170,26804112,169330.45,6083.8028,6054.576,5980.2479,5952.1209,5891.3817,5851.5545,5679.9051,5679.9051,5679.9051
8295148300,1347938500,406362270,16662169,41148.95,9129.2902,9109.6446,8994.9067,8908.1776,8865.6569,8790.5116,8733.8677,8650.7599,8539.8566
7561784800,1344306800,266710430,17562041,120028.71,10866.796,10575.175,10552.314,10416.246,10369.97,10300.314,10129.674,10129.674,10108.412
7936199500,1281698700,259729530,8248754.4,7613.448,3424.3337,3423.0339,3401.5502,3363.5143,3280.0404,3266.5249,3264.897,3264.897,3221.1703
10619702000,1626709800,348785200,36528799,565473.83,6059.5806,6042.6882,5956.9785,5880.4998,5846.7605,5827.6034,5818.9717,5756.0249,5754.0946
16875120000,2856907700,799949440,86354583,494456.48,1716.5796,1694.3558,1686.2799,1651.6541,1651.6541,1631.2378,1628.2935,1624.7059,1614.5788
9859743900,1832908800,571104410,45471301,153201.03,9642.2467,9497.5369,9433.4006,9276.7172,9221.3413,9097.9953,9052.3456,9029.9915,9002.578
12144599000,2355811100,375838750,37586552,174414.88,1762.2906,1625.9512,1621.2917,1605.9403,1587.8839,1572.3571,1572.3571,1544.9362,1535.6038
11582577000,1826314900,425956480,28282792,70755.904,760.10733,759.05885,750.98613,740.86606,740.52732,731.72292,721.83391,719.07631,713.35542
10437190000,1697508100,453122080,27662316,156516.07,37.378423,15.721437,15.69049,15.61426,15.288978,15.197501,15.107264,15.075642,14.865572
8865416200,1305711800,239367070,36042525,65545.313,6290.0093,6285.1905,6229.3578,6148.97,6071.5344,5990.9987,5883.4569,5883.4569,5883.4569
7335600300,1526058500,353145410,31180070,107949.91,2489.5015,2484.9317,2465.7685,2432.1463,2419.9192,2389.9429,2357.7402,2340.0359,2317.9468
8457558400,875189220,191317960,6905023.7,31591.443,6144.1294,5966.2325,5962.7549,5932.1794,5836.6457,5823.8593,5767.8955,5692.5578,5642.7082
7391416300,1637979900,479964580,22601317,34097.83,5954.1433,5952.7238,5919.3859,5813.8792,5795.9728,5724.7572,5572.6376,5568.6886,5568.6886
7410972700,1229233800,270100080,15249160,49184.149,8062.1743,8050.0232,7950.0841,7854.189,7835.4449,7768.5923,7725.8816,7725.8816,7588.6431
7311245700,655347420,67128134,3025879.9,10096.889,2879.4459,2874.2531,2824.3585,2803.3599,2799.5521,2777.8894,2723.4739,2723.4739,2723.4739
8589216100,1183732800,281965170,13436597,56929.642,6658.6807,6640.9628,6638.1092,6522.2005,6489.2017,6431.3397,6394.8965,6266.2831,5989.7013
8888391600,1460271200,245098030,9966812.2,52583.294,2533.6738,2519.4263,2497.0607,2473.3479,2437.0095,2419.3615,2419.3615,2404.1977,2370.6525
9651180600,1090783800,220576220,7929526.1,57174.973,11413.42,11382.87,11325.77,11144.351,11055.412,11038.905,10951.367,10920.709,10846.329
12700192000,2318157800,542495330,27804677,134629.62,1272.9611,1269.9627,1257.5305,1237.3706,1236.8734,1230.0517,1194.7508,1194.7508,1183.0719
7664244500,889017090,204380690,18103456,210847.7,3106.7123,3104.4276,3074.08,3043.0586,3027.5186,3003.0424,2969.2671,2969.2671,2898.7997
9997911000,1965778900,466245940,97388468,656597.17,4724.0022,4321.4339,4315.302,4275.4225,4218.3033,4173.023,4107.9281,4105.2236,4105.2236
9859394400,1980250800,352171160,14760323,13805.381,265.53123,264.06229,261.65768,258.64192,256.78753,254.68229,251.87075,249.22569,248.63664
10081945000,1241713900,105901930,2348879.8,12702.814,2196.3189,2190.6665,2179.3944,2137.9825,2113.9708,2113.9708,2113.9708,2085.9518,2085.9518
11635199000,2291488000,522437650,43190028,103428.85,56.330983,52.2612,52.064991,51.45567,50.915748,50.793215,50.174181,49.828018,49.691774
8725160800,1661433700,518932880,41840815,141897.59,9.1049597,8.903541,8.8126453,8.7386267,8.6170287,8.5199336,8.4955724,8.3756802,8.3675202
10104549000,1117772800,234711630,9557327.4,18764.557,1403.8026,1402.4051,1386.4293,1371.8345,1355.1439,1350.4735,1326.5455,1259.249,1259.249
7028212400,1517214100,407382150,34095637,29153.187,4833.0731,4822.2982,4765.9285,4719.1162,4652.0049,4652.0049,4578.2232,4578.2232,4445.1232
9050966700,1696567800,503827160,44651189,144106.17,5.972843,4.9731548,4.9516018,4.9052112,4.8536894,4.8141891,4.7986853,4.7248822,4.7248822
9170560800,1886754500,317448160,24003465,67722.821,3928.32,3914.6105,3890.0009,3823.9076,3759.2127,3744.064,3744.064,3694.7187,3694.7187
16457056000,2697895200,605768440,21978511,60918.565,9664.1506,9656.7723,9545.3747,9441.7988,9383.9816,9280.2581,9147.9331,8994.3175,8972.1474
9479836400,1401218500,249163830,10965471,73830.278,2540.1563,2534.7963,2502.6804,2488.1255,2431.6744,2430.992,2430.992,2409.2273,2329.7787
7721075000,1170703500,256570250,20211026,53382.066,5628.8658,5608.9163,5516.6254,5463.8498,5419.557,5419.557,5385.8028,5381.9258,5345.3521
15580985000,3168543200,985092540,50426590,58040.91,126.41128,125.54076,125.42423,123.37921,122.67219,121.14605,120.75462,119.33422,117.52057
6226346200,938094190,93016499,3941448.8,22226.142,7521.6406,7517.9339,7440.1631,7356.0256,7323.4205,7199.8116,7199.0494,7170.1728,7101.8566
9128190300,1472755900,285453280,33171105,1574854.9,186.85729,138.1212,138.06642,136.789,135.51802,134.63047,132.33216,131.32006,130.05483
9320484400,1021805400,143809800,8827533.2,25125.774,515.55589,508.70932,505.34394,501.35968,494.43862,488.39603,473.53285,473.53285,473.53285
5457841100,1004393800,158244140,9942948.6,13836.568,8377.6987,8310.9057,8230.4602,8176.9066,8117.0551,8094.8701,7841.6821,7841.6821,7841.6821
12235626000,1560393700,292861390,16449175,73821.058,1963.1968,1960.3954,1930.9572,1918.1457,1905.7558,1872.0165,1872.0165,1872.0165,1872.0165
11930223000,1299506100,256730170,16138933,43817.166,17400.873,17317.777,17148.397,16883.167,16432.332,16370.008,16370.008,16370.008,16068.917
9890752800,1584989300,462639330,34416970,156309.49,611.39774,535.81574,533.08962,525.89423,523.33341,515.76519,514.33849,507.7966,507.7966
7806000300,1051873300,145271490,6690810.9,25503.904,40.454046,39.560872,39.397491,38.931601,38.553165,37.404835,37.404835,36.850169,36.850169
10284481000,2053702700,680728420,87818532,2000453.9,217.76856,39.403665,39.339663,38.905712,38.568731,37.127627,37.127627,37.127627,37.127627
4413659000,445372660,80086716,3747544.2,8637.7927,5001.5852,4970.0623,4927.4195,4894.2577,4845.9771,4786.4009,4765.9984,4764.9605,4764.9605
5561110500,1034920200,200576790,3535622.1,18735.084,2271.1381,2206.324,2205.8648,2203.4355,2176.3999,2142.3445,2100.6807,2074.5482,2067.3447
10211251000,2123573000,551304420,41872135,201962.04,12.28749,4.8448953,4.8418127,4.7751318,4.7278219,4.7012584,4.6090083,4.5732161,4.5660999
7765908200,645782150,124726810,6770661.9,12865.091,177.09508,176.83496,176.77504,174.85529,172.04572,170.59414,169.81432,166.58187,166.07189
