"X1","X2","X3","X4","X5","X6","X7","X8","X9","X10","X11","X12","X13","X14"
497.17333,399.95805,399.95805,345.09241,303.74143,299.77932,299.77932,299.77932,299.77932,299.77932,299.77932,299.29412,284.35956,284.35956
637.24339,558.54478,419.16975,419.16975,366.03739,298.02242,293.25162,286.37595,281.24978,281.24978,277.33949,277.33949,277.33949,277.33949
515.09665,512.49035,445.57089,365.37005,353.74319,294.80366,277.62328,277.62328,271.66879,271.66879,271.66879,271.66879,271.66879,271.66879
382.87868,336.23088,336.23088,336.23088,324.92007,317.46066,308.51564,289.16049,289.16049,289.16049,268.78537,268.78537,268.78537,268.78537
431.74212,431.74212,382.02214,382.02214,382.02214,317.11159,317.11159,303.77592,303.77592,303.77592,303.77592,303.77592,303.77592,303.77592
509.93506,345.99689,345.99689,324.32458,273.33002,273.33002,273.33002,273.33002,273.33002,273.33002,264.02126,264.02126,264.02126,256.73921
493.59437,359.45619,359.45619,300.0329,283.13984,273.94804,273.94804,271.39797,271.39797,257.99572,257.99572,257.99572,254.69627,254.69627
542.56411,328.48086,328.48086,328.48086,314.67212,307.09893,299.38635,299.38635,299.38635,277.48946,277.48946,277.48946,270.09179,270.09179
519.89298,413.50211,400.3378,340.44273,298.02449,269.89754,250.38722,248.65045,248.65045,248.65045,248.65045,248.65045,248.65045,248.65045
489.43346,373.39937,336.91705,328.52525,307.22633,288.20638,288.20638,266.00589,266.00589,266.00589,266.00589,266.00589,266.00589,263.01255
601.21443,601.21443,536.31784,492.72244,385.49344,370.48901,345.99915,317.96153,317.96153,317.96153,317.96153,312.65208,290.26276,290.26276
339.00823,339.00823,314.55908,314.55908,301.60431,269.94148,269.94148,269.94148,269.94148,269.94148,269.94148,265.2298,265.2298,265.2298
555.52265,463.87643,369.20492,369.20492,333.90606,302.36509,302.36509,284.2713,284.2713,284.2713,274.9352,272.08605,272.08605,272.08605
419.6923,387.95896,364.13532,344.93148,327.22219,305.23516,288.80498,275.59494,275.59494,275.59494,275.59494,275.59494,275.59494,275.59494
591.71653,560.91894,411.76628,402.37358,368.31619,362.71652,287.38597,287.38597,287.38597,287.38597,286.04348,286.04348,283.49212,283.49212
454.10558,411.79369,363.00252,316.70621,314.52068,275.92533,274.63662,274.63662,274.63662,274.63662,274.63662,255.96641,255.96641,255.96641
494.88008,393.81582,393.81582,366.08858,349.81649,312.60153,312.60153,312.60153,296.53423,296.53423,288.67384,288.67384,288.67384,282.64998
449.5026,376.11995,376.11995,370.17402,337.12948,337.12948,337.02984,327.63057,326.14179,313.42572,302.17865,302.17865,296.46595,296.46595
592.01322,337.51464,337.51464,337.51464,322.23574,300.57001,290.41728,281.11445,281.11445,281.11445,281.11445,281.11445,281.11445,281.11445
570.22349,455.33865,455.33865,379.58155,336.60774,310.03054,310.03054,310.03054,283.94806,272.20577,272.20577,272.20577,269.02864,269.02864
464.00555,464.00555,430.64754,381.84805,338.27115,320.48645,290.87983,290.87983,290.87983,290.87983,290.87983,290.87983,290.87983,279.55295
645.41831,571.72948,518.50409,404.0914,350.66138,294.08699,294.08699,294.08699,294.08699,294.08699,294.08699,268.51198,268.51198,268.51198
598.92118,414.41736,414.41736,388.6294,339.19433,334.84506,296.00164,288.08188,288.08188,288.08188,288.08188,287.39871,287.39871,263.73787
450.27012,384.92126,384.92126,363.67545,327.1422,302.26887,293.51528,293.51528,293.51528,288.09774,272.88988,272.88988,272.88988,272.88988
553.81626,541.23117,350.37649,350.37649,336.87119,310.75031,294.7345,294.7345,292.60494,292.60494,284.07499,284.07499,276.44528,276.44528
464.3483,432.98103,432.98103,384.45545,316.94684,303.57361,303.57361,303.57361,290.51149,290.51149,290.51149,290.51149,290.51149,287.72804
649.93466,544.81339,544.81339,499.81526,344.31927,323.90652,311.40411,307.37729,302.79153,302.79153,298.83143,290.66611,290.66611,290.66611
439.19232,439.19232,398.94444,311.54226,305.4278,293.02158,281.65745,281.65745,278.32188,265.5413,265.5413,265.5413,265.5413,265.5413
524.57297,505.63588,505.63588,394.51203,321.39546,300.32567,300.32567,300.32567,300.32567,300.32567,300.32567,297.59017,297.59017,291.38788
496.6804,421.10362,378.27012,317.43175,316.04997,298.4435,298.4435,298.4435,286.88163,286.88163,286.88163,286.88163,275.96901,275.96901
445.06492,353.6186,321.34008,321.34008,291.54209,291.54209,283.3553,283.3553,283.3553,275.39213,275.39213,269.65058,269.65058,263.51141
407.88427,380.45963,380.45963,351.46621,310.25028,277.96439,266.50796,266.50796,266.50796,266.50796,266.50796,266.50796,266.50796,266.50796
498.79109,477.20285,393.07784,369.64383,352.21221,330.98822,324.49352,324.49352,306.90743,297.98592,297.98592,297.98592,297.98592,297.98592
397.62849,393.74143,393.74143,323.28398,323.28398,300.6686,281.71225,281.71225,281.71225,281.71225,281.71225,281.71225,281.71225,281.71225
606.7352,440.50182,422.32247,304.13882,289.32874,277.13541,258.4805,256.68956,256.68956,256.68956,256.68956,256.68956,256.68956,245.68659
631.6562,585.24939,437.40059,409.58214,369.73132,337.60773,309.78588,309.78588,309.78588,309.78588,309.78588,290.70975,290.70975,290.70975
490.2247,372.09458,372.09458,372.09458,309.79145,285.20267,282.25127,275.3487,275.3487,272.17337,270.96358,270.96358,270.96358,270.96358
404.48124,404.48124,390.37333,321.59207,304.67537,289.88214,289.88214,274.65428,273.85693,273.85693,270.06418,270.06418,270.06418,270.06418
490.34588,449.8589,386.01178,386.01178,384.223,306.88871,297.06464,297.06464,297.06464,291.9683,291.9683,291.9683,291.9683,291.9683
552.6322,432.41654,341.50416,318.19154,300.7611,300.7611,297.99382,292.84486,292.84486,269.49039,269.49039,246.88326,246.88326,246.88326
491.54937,407.55095,407.55095,355.57221,355.57221,294.00647,293.93657,266.5092,264.05497,253.00401,253.00401,253.00401,253.00401,253.00401
533.58728,524.88055,524.88055,435.91345,316.91812,287.96261,287.96261,261.96711,261.96711,261.96711,261.96711,261.96711,261.96711,261.96711
437.81998,437.81998,396.37078,363.02769,341.46739,312.84127,300.02062,300.02062,294.50037,290.83508,268.37958,268.37958,268.37958,268.37958
625.88873,423.96117,423.96117,377.38306,365.53027,293.21042,293.21042,293.21042,287.98009,287.98009,287.46554,287.46554,285.33561,285.33561
479.90636,473.53081,419.14491,388.38446,315.48423,312.79554,310.25819,302.96556,302.96556,294.18136,294.18136,293.40608,293.40608,282.88462
677.28918,398.10277,398.10277,361.44473,361.44473,342.02213,321.95233,316.65141,316.65141,316.65141,316.65141,309.58638,296.98054,296.98054
499.53828,431.39118,431.39118,346.74859,346.74859,298.1112,286.74945,286.74945,286.74945,286.74945,278.80566,275.73961,273.86307,273.86307
372.94615,372.94615,369.43187,315.17341,297.75225,276.67238,276.67238,276.67238,276.67238,276.67238,276.67238,276.67238,276.48005,268.90237
523.74678,411.36977,411.36977,334.37671,334.37671,308.13839,308.13839,307.66716,307.66716,299.16159,290.39837,290.39837,290.39837,290.39837
468.38355,364.55834,311.52593,296.27314,296.27314,273.60652,268.38342,268.38342,268.38342,268.38342,268.38342,268.38342,268.38342,268.38342
425.68901,425.68901,402.53981,346.41677,325.20134,323.37201,306.54407,306.54407,304.3003,295.28235,295.28235,279.74431,279.74431,279.74431
