"X1","X2","X3","X4","X5","X6","X7","X8","X9","X10","X11","X12","X13","X14"
22191628,14220622,10967462,6888715.5,5984757.7,3200731.5,3200731.5,2848032.7,1892910.2,1892910.2,1892910.2,1892910.2,1892910.2,1892910.2
12599453,12599453,6785079.2,6734339.4,3799167.9,2361320.2,2361320.2,2156539.8,2156539.8,1832622.6,1485692.2,1082572.1,1082572.1,1082572.1
22441870,14657022,13963964,9482295.5,2661113.4,2431354,2336217.2,2336217.2,2336217.2,2336217.2,1990680.4,1771742.3,1486586.3,1486586.3
25016915,17991864,9786500.6,5687860.7,5639283.3,2764990.6,2764990.6,2764990.6,2764990.6,1649722.4,1649722.4,1649722.4,1649722.4,1649722.4
15440651,11951527,8869396,6961588.5,4705655.5,4705655.5,3135066.5,3135066.5,3135066.5,2420854.3,1952212.1,1519355.7,1512561.7,1336492.8
12604438,9385596.4,5290668.9,4304408.4,3767822.5,3215134.4,2566779.2,2566779.2,2531077.2,2531077.2,2531077.2,2531077.2,2531077.2,2531077.2
15385985,15385985,13319751,8284533.2,5497574.7,3368967.8,3368967.8,3368967.8,3368461.4,3020735.9,2461151.6,2310177.4,2012484.4,1582494.5
21890891,11721600,10369171,8961149.4,4414082.7,2550230.7,2105166,1527877.2,1527877.2,1527877.2,1527877.2,1527877.2,1527877.2,1314268.9
19583791,11627452,9970100,7995264.6,4016841.2,2686966.5,2686966.5,1832712.5,1832712.5,1768701,1739037.5,1739037.5,1739037.5,1731804.9
24054661,18161813,12051161,7991443.1,3117300.8,3117300.8,3117300.8,3107685.9,3107685.9,2696104.7,2486903.6,2486903.6,2486903.6,2238376.2
28646457,5440737.6,5440737.6,5440737.6,5417767.7,3198960.6,2266989.6,2211665.2,1942177.9,1852218.7,1748082.3,1748082.3,1748082.3,1748082.3
18625282,18625282,5995644.9,5995644.9,3482489.3,2116562.1,1973018.8,1955313.8,1955313.8,1848225.1,1779338.5,1779338.5,1610326.7,1610326.7
20087052,11312389,7936858.4,6432973.3,5187382,3927282.3,3927282.3,2679820.3,2307208.7,2153922.3,2153922.3,2153922.3,2153922.3,2153922.3
16886467,16855075,11942657,7730295.7,7730295.7,4452517.7,3305297.9,2856198.2,2856198.2,2856198.2,2850752,2850752,2806213.8,2806213.8
28417201,17660709,14459304,12625728,3823883.7,3720368.1,3007352.8,2598259.8,2595971.6,2215556.7,2082443.5,1702360.7,1702360.7,1702360.7
23047271,10021260,7200296.9,6017545.7,5182741.7,4637402.2,3012104.4,2990423.9,2626580.6,2626580.6,2626580.6,2425264.4,2425264.4,2425264.4
15042578,9487247.9,8220474.3,6138024.2,5470923.3,5157550.1,3343332.2,3005269.1,3005269.1,2733846.4,2733846.4,2733846.4,2733846.4,2733846.4
34567659,23520368,13370385,7378538.1,4582744.2,4582744.2,3950768.3,3769770.9,3769770.9,3769770.9,3637704.9,3637704.9,3637704.9,3245761.1
20967251,10486980,8272954,7469574.9,3862981.2,3583352.7,3583352.7,3583352.7,3583352.7,2738486.9,2738486.9,2738486.9,2738486.9,2738486.9
18881200,9763676.8,4654265.6,3324336.8,2069117.9,1303381.8,1303381.8,885380.13,885380.13,758042.63,670444.61,670444.61,670444.61,670444.61
27201779,19117941,5046884.1,5046884.1,4556355.3,3921510.5,3002048.9,2778271.3,2406129.3,2406129.3,2406129.3,2406129.3,2406129.3,2020113
14024142,10044367,8076087.4,6293667.1,3508219.4,2276477.7,1651725.6,1598667.3,1598667.3,1598667.3,1397087.9,1109818.1,1109818.1,1109818.1
24182849,14981831,13388131,10006035,6984666.3,6330636.7,4415361.5,2839458.6,1780161.8,1565498.5,1565498.5,1565498.5,1565498.5,1565498.5
5761821.9,3762273.8,2881141.7,1398512,1398512,805936.43,805936.43,763910.74,763910.74,702423.11,702423.11,702423.11,702423.11,702423.11
20093976,11367644,7700124,5782046.5,3030081.7,2450265.5,2364255.8,1857875.8,1564135,1564135,1444907.6,1341525,1320888.6,1320888.6
21098739,11204516,11204516,10445109,7275598.9,6174019.4,5873912.8,5185893.9,5185893.9,5185893.9,5185893.9,5185893.9,4937769.9,3009777.4
24441371,15456696,14303851,11791013,7223191.1,3354638.4,1455657.3,1455657.3,1319605.5,1319605.5,1265725.5,1262944,989299.99,953672.07
22433927,6897610.3,5622101.1,5508356.8,3460738.5,2948709.9,2551789.9,2551789.9,2551789.9,2446213.2,2446213.2,2446213.2,2446213.2,2095219.9
45427879,17189394,16927906,16927906,4465158.1,4449749.2,4311079.5,4311079.5,3846499.5,3754621.1,3754621.1,3575198.7,3575198.7,3575198.7
18458747,9689469,9538424.7,8558410.3,5284297.6,4983253.7,4569458.2,4569458.2,4569458.2,3990787.8,3625526.9,3157643.7,2645103.2,2645103.2
14231201,8943014.7,7185851.5,7185851.5,7185851.5,3687388.6,3102693.5,2497383.1,1712968.2,1502002.2,1350458.6,1350458.6,1314087.1,1296696.8
20165875,11916770,11235377,7459762.2,6780386.9,3310340.3,3246470.5,3246470.5,3246470.5,3246470.5,3246470.5,3078892.8,2202286.5,2202286.5
24316697,12657453,10472318,7886880,5343382,4179688.3,4179688.3,2746429.6,2746429.6,2746429.6,1549258.7,1549258.7,1549258.7,1549258.7
9505280.4,7355595,7355595,6118331.6,4578820.2,3368972.6,2830565.9,2010081.9,2010081.9,1893651.9,1578115.9,1578115.9,1578115.9,1578115.9
11764208,8016858.8,5519780.7,5263871.9,4016912.2,3682757.6,3123434.1,3123434.1,2636451.7,2636451.7,2636451.7,2636451.7,2636451.7,2636451.7
27836157,13207353,9392304.6,9015970.4,8591959.2,6291363,5297877,4030122.3,4030122.3,4030122.3,4030122.3,4030122.3,3166741.6,2525324.5
24149292,11440246,8275894.9,6208196.5,5446858.4,4484223.6,4017547.7,3910581.9,3392943.3,3392943.3,3392943.3,3392943.3,3392943.3,2503408.6
21493879,13101564,12817241,5862188.9,3650287.2,3650287.2,3650287.2,2550364.8,2550364.8,2550364.8,2385541.3,1843805.9,1843805.9,1614530.3
22543083,13973656,9814533.8,7280325.5,5654364,5152072.7,5152072.7,3359444.7,2846733.5,1756257.1,1605992.4,1165772.9,1165772.9,1165772.9
21553817,13090005,4151456,4151456,2848919.3,2848919.3,2371056.2,1579952,1579952,1579952,1271662.2,1147727,1147727,1119604
22188500,19315254,15619431,9192812.5,5300492.3,3970375.5,3970375.5,3363923.7,3110635.2,3110635.2,3110635.2,3110635.2,2636000,2636000
14975174,10561814,6812951.2,6773769.7,5425680.5,5425680.5,4034540.7,2367637.9,1953854.4,1190761.2,1071478,971258.19,971258.19,971258.19
33109128,20063075,16018823,7201777.8,5760420.9,1765503.7,1765503.7,1743957,1743957,1743957,1743957,1743957,1743957,1743957
27015752,15619524,10199138,7936176.7,4904197.8,3114907.6,2939020.9,2815493.1,2523485.9,2121296.2,2121296.2,2090831.6,1931342.3,1931342.3
21668488,16620192,15013377,10490554,5658207.9,2935801,2445703.1,2347403.7,1681940.8,1493402.1,1454726.1,1402218.1,1402218.1,1402218.1
23029395,16719124,14182624,11634211,10789556,3092521.9,3092521.9,3092521.9,3092521.9,3092521.9,2435708.7,2351239.1,2351239.1,2279372.9
22895463,18081344,12159528,6305756.5,5143862.8,5096368.5,3528487.9,3528487.9,3233274.3,3233274.3,3233274.3,3233274.3,3233274.3,3233274.3
21908497,7927819,4323966.9,2247262.4,2247262.4,1756809.9,1188200.2,1003469.9,1003469.9,986281.08,978158.41,978158.41,975759.55,921036.24
20873138,11788180,5877279.8,4337034.7,3915225.5,3915225.5,3915225.5,3651022.4,3651022.4,2726675.2,2726675.2,2726675.2,2726675.2,2348136.6
19178773,13665193,9486757.5,9486757.5,4422159.5,3363013,2723717.2,1591520.8,1547379.1,1547379.1,1547379.1,1547379.1,1547379.1,1547379.1
26532503,22350399,10383754,10383754,7765040.3,6595177.8,5005859,2832997.7,2832997.7,2832997.7,2832997.7,2832997.7,2832997.7,2832997.7
