"X1","X2","X3","X4","X5","X6","X7","X8","X9","X10","X11","X12","X13","X14"
59276831,331280.65,57907.732,27689.987,21744.255,17479.254,16317.772,16052.643,15870.938,15710.327,15689.242,15670.894,15527.539,15404.29
191765260,2286667.7,41861.123,18660.884,11740.183,8371.1643,8232.8404,8061.6609,8053.0679,8016.2997,8006.6583,8004.7634,7998.9258,7997.9915
186647390,1170007.4,87128.08,43192.346,36015.245,31021.448,28943.644,28757.703,28747.995,28703.794,28703.236,28557.149,28555.168,28530.831
162656780,1251180.8,40730.532,21472.668,13391.014,10654.719,10515.265,10457.369,10440.114,10414.831,10410.738,10382.967,10382.102,10381.759
91603562,616425.39,46752.04,17800.082,9736.9847,7373.3127,7034.942,6894.8896,6694.2404,6537.2396,6452.3422,6440.3631,6434.0893,6433.3489
108042120,469250.28,73694.038,38514.293,15165.708,11989.572,9531.5475,8732.5686,8550.7551,8415.7154,8388.4905,8375.1165,8351.6087,8350.5323
96205730,1177833,66205.305,38043.108,26404.601,24634.921,23485.719,22838.095,22747.191,22315.204,22110.122,21916.313,21756.973,21707.691
120507110,883674.55,51606.36,28517.824,10266.522,7604.7407,6965.2631,6778.1632,6753.3797,6679.7906,6637.2441,6627.1952,6588.6262,6588.237
223268540,1091809.3,37792.966,27950.21,22238.441,20496.174,20263.238,20217.548,20081.303,20056.656,20048.507,20033.789,20033.427,20032.425
57254028,357203.09,71170.708,48717.592,36108.954,31088.806,27898.061,27821.588,27766.014,27619.589,27275.852,27258.707,27250.987,27248.504
102199500,1532255.3,90937.772,36415.416,19941.788,15451.42,15031.132,14814.214,13368.559,13263.122,13192.358,13180.387,13179.516,13177.609
163540470,2510038.4,78316.282,32913.523,18693.071,14327.595,12847.638,12638.137,12178.99,12108.452,12099.742,12097.345,12084.427,12080.57
80872354,691736.8,52898.462,30513.329,19358.734,13635.036,12375.813,11853.656,11169.063,11023.275,11004.585,10501.531,10398.518,10380.81
234968570,2372266,152130.69,57090.137,18396.026,14802.843,13926.718,13839.028,13553.185,13531.243,13367.535,13358.984,13350.314,13348.909
228770750,1471687,36096.013,18100.068,12820.269,9626.9906,9392.1428,8909.3986,8725.8425,8701.8975,8683.3115,8669.8804,8569.214,8526.6576
82324241,429436.46,47268.475,33698.087,25443.252,17154.722,16245.709,13974.347,13516.487,13002.024,12876.252,12867.108,12847.137,12845.168
61207398,644611.44,50972.813,22606.909,17866.889,14150.578,13941.88,13763.556,13169.916,12683.813,12441.902,12400.88,12394.721,12394.154
119532820,2232475.2,76190.41,32105.138,15191.074,9933.8809,9075.0311,8275.073,8009.536,7930.9014,7902.449,7887.246,7885.9598,7885.3026
93392293,747782.06,47314.979,25153.144,17628.889,14205.183,12906.405,11257.727,11119.34,10895.14,9557.8014,9455.1528,9426.8884,9403.2002
94791200,432795.73,79477.482,50339.775,33548.718,30962.889,29777.827,29655.004,29076.996,29020.231,28936.866,23699.232,23161.47,23113.563
86646895,348404.34,54568.211,44394.533,19142.595,16602.326,16355.358,15840.977,15793.306,15761.703,15758.648,15751.155,15750.365,15737.356
67828588,289713.24,69161.929,48250.199,32335.351,24280.101,21536.396,21435.343,21402.909,21242.767,21228.698,21219.695,21218.426,20775.553
73639316,2129213.9,90921.777,42557.211,18102.326,15227.899,13198.797,12766.12,11348.551,11273.022,11248.908,11217.734,11216.623,11209.212
104915280,520501.57,75594.235,41991.53,35900.718,27507.312,27008.818,26876.925,25372.048,25264.024,25054.297,24609.175,24594.413,24590.309
103679390,1021499.1,55776.163,31160.538,21910.22,14027.694,13004.169,12566.961,12508.702,12450.356,12439.854,11057.552,11038.456,10972.597
68597974,360097.12,93919.169,48164.398,26166.923,21167.942,17396.753,17250.277,17141.264,16910.236,16401.01,16327.484,16282.976,16279.954
143746900,3039763.5,143415.77,42398.352,31249.137,22497.373,21356.467,18875.285,13017.102,11933.184,11205.864,11169.864,11167.824,11167.083
343051140,3348254.9,62134.328,20711.417,12025.231,10523.076,8598.1161,8386.3823,8269.0831,8211.6272,8191.1278,8151.693,8146.1506,8144.8764
62588159,229989.48,50439.691,30305.63,16204.339,13520.674,13335.07,13278.806,13250.435,13233.084,12725.179,12636.826,12627.852,12615.295
119379350,1682026.3,97799.808,34165.988,15125.303,8872.7733,7960.8063,7912.5562,7878.9071,7802.6393,7785.8087,7765.2436,7763.0593,7761.594
96346792,578599.24,46344.104,25323.284,18466.885,13863.807,12572.465,11908.226,11525.463,11493.617,11474.542,11116.981,11110.949,11068.092
95999789,1346445,35550.911,20792.213,17324.266,13414.263,12365.497,12037.291,11998.457,11900.05,11861.903,11859.052,11858.409,11857.787
53643154,1292419.2,94950.602,31198.819,18211.705,16424.185,16042.255,15975.033,15972.008,15933.612,15918.723,15913.635,15912.919,15562.176
92330959,758078.54,41751.276,27519.742,20194.217,15485.643,15300.966,12848.877,11297.428,11275.564,11248.583,11241.913,11225.005,11224.763
148604370,1929541.5,75918.061,40030.209,17237.183,12734.346,11534.359,11045.004,11018.879,10872.536,10867.317,10866.21,10836.744,10835.301
106838790,451175.45,37801.168,22583.952,15109.911,13392.349,11282.11,10907.797,10714.902,10699.316,10282.496,10255.513,10071.918,10011.326
154129390,2299120.7,93776.34,63672.247,33522.948,29338.302,28972.335,28116.318,27509.067,27502.906,27436.478,27390.131,27389.069,27388.451
67517181,154661.33,42900.635,29335.871,20265.38,16839.548,14141.35,14104.655,14093.08,14079.92,14073.374,14070.292,14062.276,14057.99
51391587,475537.8,50331.965,32350.238,25886.481,22093.875,20421.697,19929.377,19873.823,19503.738,19448.402,19335.643,19224.933,19185.225
39733227,212465.8,42202.149,21213.74,12638.986,11103.827,10502.496,10416.843,10368.867,10351.534,10176.606,10174.074,10160.129,10157.745
63117135,618695.91,67098.75,34736.066,11699.404,7190.7943,6967.4173,6898.7804,6854.9674,6831.4492,6780.9812,6774.3151,6634.3913,6596.0839
102732690,1421754.5,67205.072,37898.105,19496.507,13891.367,12612.433,11912.19,11401.681,11353.129,11339.859,11338.386,11321.619,11313.944
45769757,914282.05,85265.098,37829.701,21957.411,18433.375,17026.534,16961.521,16848.336,16832.336,16814.39,16810.714,16808.774,16806.354
220608270,2319654.7,58314.934,23035.435,15723.747,10980.69,9995.4348,9507.0758,9421.7717,9409.7617,9392.8584,9389.0648,9389.0136,9386.067
35584615,230285.35,72916.291,39838.472,24558.3,19304.367,18767.974,18700.929,18674.978,18670.642,18660.146,18656.104,18655.295,18473.184
121753280,1081740.8,83746.957,33285.711,16210.326,13131.003,12022.92,11923.784,11810.511,11792.768,11332.018,11258.611,11205.213,11204.328
86314456,582131.86,92037.025,54372.171,27167.313,22657.027,17895.873,16042.776,12083.53,11609.158,11488.778,11005.607,10965.657,10952.772
108028230,381273.42,67191.625,37953.438,18656.958,11367.853,10620.754,10547.346,10495.519,10442.625,10438.565,10437.508,10437.434,10435.816
65876136,684294.74,105054.85,83469.302,50628.129,42419.537,39484.575,37549.124,36694.701,36366.734,36280.714,36014.921,35926.776,35908.498
64639700,1310147.1,104113.33,34446.659,24060.625,20660.902,19184.116,19055.087,19052.575,19006.539,19003.18,18995.749,18986.915,18969.983
198981160,4605208.4,454000.67,27273.855,11675.049,8678.0207,8360.4729,7835.6677,7657.2188,7602.4481,7591.3206,7586.398,7582.1564,7580.5899
