"X1","X2","X3","X4","X5","X6","X7","X8","X9","X10","X11","X12","X13","X14"
701.03305,549.30118,477.70981,477.70981,395.81288,395.81288,262.71725,146.88944,139.25441,137.05152,135.13234,134.87046,133.98796,133.84957
675.53725,556.86318,556.86318,500.28373,499.77608,478.40714,428.17992,408.13128,340.81852,215.12006,197.67319,182.07042,176.622,176.06244
721.10271,623.43187,530.09221,521.70398,484.52836,348.81619,170.76767,166.44012,165.85763,165.24989,164.79797,164.7647,164.72428,164.68801
667.60493,584.03139,557.15635,510.30705,489.50343,431.48012,426.15808,411.71615,374.28549,330.7728,213.75228,191.73238,181.34114,178.67689
683.18376,505.47002,505.47002,505.47002,484.41026,454.90895,404.83037,403.846,402.57737,359.28669,239.36124,193.33118,191.5169,191.07615
702.37421,589.95387,565.74481,560.59529,509.92464,491.87129,454.74473,409.1602,292.40848,202.33931,188.57406,184.79765,182.91291,182.55108
678.23095,546.55126,472.52528,472.52528,466.41214,444.86098,418.26093,404.39905,379.48395,199.00705,136.91705,129.64324,126.77323,125.99488
683.25205,637.00364,593.46391,529.21871,487.25889,430.97893,381.05587,221.88132,208.57843,202.9733,202.20877,202.03513,201.99908,201.98779
691.26259,586.51795,561.17693,521.92839,512.89736,477.81995,474.71196,443.04158,443.04158,424.22047,393.25281,251.15244,190.72605,188.72218
630.75601,474.90978,474.90978,433.31016,420.19964,320.88377,158.31115,134.89338,130.27005,129.43143,124.08637,122.65323,122.25606,122.01404
712.01584,548.69172,487.20289,487.20289,487.20289,464.48239,433.58045,253.22652,217.19019,206.0084,203.7995,198.82347,198.55189,198.28233
679.67143,578.39594,562.76015,502.88131,498.65811,485.84915,329.88056,217.61614,209.09174,206.07569,203.62464,200.60595,199.14222,198.95565
706.49277,605.23263,598.9827,561.06739,522.8212,450.1894,281.86415,219.09654,212.65495,210.45467,210.30462,208.05455,207.53406,207.40992
697.85362,587.3337,537.92524,484.84595,424.37467,424.37467,378.39271,313.14024,165.13222,146.27324,138.77338,137.55547,137.45171,137.39338
726.38076,604.82237,576.65171,510.83457,475.70792,475.70792,445.14028,392.11123,377.51618,250.88193,216.46813,210.34898,204.47065,204.11859
643.96003,571.99952,535.33137,509.00452,449.29821,445.08647,388.8969,329.30611,203.40732,162.90983,159.6306,159.48178,159.13743,158.73524
723.22511,589.64467,542.96028,484.08823,484.08823,457.52,440.62932,408.45888,380.08037,302.31763,174.9565,168.78983,167.79335,163.33873
685.89928,573.15649,549.72398,532.35157,448.5618,434.13783,381.57357,235.1909,200.062,187.97099,183.44464,176.65651,174.23843,170.90585
764.33337,612.83996,551.37005,539.84001,497.77369,482.43178,469.58267,469.58267,402.12786,220.88925,181.22049,166.76466,164.55963,161.4635
654.46909,563.73838,563.73838,533.83302,482.60802,434.69061,407.96448,207.90996,182.40816,178.27986,176.99449,176.14499,175.86556,174.9501
645.34408,578.51116,541.62606,510.10888,462.71479,423.44092,422.28184,301.3727,183.48186,169.38377,164.546,161.44668,161.17317,160.26917
675.08774,568.07542,547.75777,479.48009,432.4286,386.96115,203.96259,190.99846,190.09074,188.61977,187.55049,187.36188,187.31931,187.30288
611.17381,540.20067,526.37754,515.23515,465.39983,465.39983,408.58236,367.51527,200.65795,178.55302,173.21361,171.56397,170.37514,170.24275
700.51098,661.18694,598.83531,584.27624,483.34544,472.32253,434.03609,412.24756,410.41714,375.22523,346.11572,246.72848,197.16032,180.12224
637.00513,555.14422,524.58607,494.3151,431.83537,413.35126,408.81134,394.7645,333.82945,243.93519,160.47138,145.92998,141.68959,141.20232
656.3407,535.28569,535.28569,503.64968,434.31164,313.86329,205.5247,193.37493,190.8748,190.14259,187.04863,185.4999,175.4661,175.39359
603.03395,529.33519,521.74654,490.7045,490.7045,403.50339,403.50339,403.50339,395.05734,357.38821,223.97259,165.7327,158.70283,154.37956
684.34901,535.85263,527.20772,503.57513,399.62608,383.39948,191.3578,169.53168,165.3784,159.3127,158.31818,154.33785,153.19519,152.74749
694.23667,538.82264,459.09985,459.09985,459.09985,457.69733,393.50037,382.32332,313.35224,240.12497,213.41862,196.22586,191.67282,190.52562
641.79646,533.85484,486.88487,465.16868,441.23262,408.39061,394.92838,394.92838,394.92838,392.64674,392.64674,392.64674,368.05377,368.05377
650.26486,504.85145,504.85145,484.8521,479.19443,452.00934,363.84847,363.84847,363.84847,322.95183,185.9351,139.14869,136.92139,134.89575
747.72079,629.47815,600.61617,512.90586,490.73651,428.73054,322.87219,191.86381,172.62828,167.65537,166.3723,166.19367,165.7132,165.67265
634.85198,527.07044,508.29384,470.70071,427.782,363.17768,186.06435,153.9892,150.99649,148.22348,147.71685,147.5969,147.53715,147.52442
731.71331,640.77468,570.50082,570.50082,521.49533,448.71386,260.11206,179.97379,179.27084,179.25154,179.16075,176.92898,176.62706,168.74899
723.8243,587.94867,565.33419,535.98133,485.98915,471.55722,453.10786,453.10786,453.10786,432.07346,427.58268,423.36996,402.4302,353.91827
589.56368,519.08169,519.08169,502.36348,469.75907,435.85839,388.22898,272.94912,137.90277,133.40532,132.43296,131.46766,130.99377,130.69612
713.82584,544.27211,544.27211,535.47811,453.8808,453.8808,365.16692,364.51579,211.09663,195.03327,193.13181,192.43552,187.88169,187.5155
736.07195,618.49204,586.45935,560.4395,491.38321,475.53054,467.09947,420.15779,382.22943,359.49993,218.68547,177.35598,171.72381,163.97662
671.34609,550.17295,498.35466,497.49986,448.03941,408.50609,340.70102,161.07033,153.90506,152.9679,151.88405,150.89266,150.84644,150.33129
651.31576,578.87494,541.75934,488.56224,452.37809,413.41084,322.30792,177.94606,173.62032,172.2186,171.31445,170.89019,165.94168,164.40747
637.35037,538.29062,505.45879,490.08336,450.16906,405.21809,325.40779,175.00075,162.44798,157.98507,156.26223,153.17447,152.58156,152.48103
648.8207,534.07054,530.87701,495.79122,474.18263,452.61831,268.67334,176.27191,166.64129,165.84484,164.98225,164.60562,164.3033,164.25875
644.44238,500.18839,436.20981,436.20981,436.20981,341.46277,168.51443,149.28826,146.036,142.80432,142.07582,141.98096,141.74936,141.54508
685.40532,580.05882,524.19051,516.01509,488.48396,460.46389,347.43537,192.25272,170.03824,168.18742,166.27404,159.03289,157.64398,156.41709
690.58245,597.14006,561.39927,516.03843,472.19571,472.19571,460.78684,437.98015,298.89413,222.96733,200.72244,198.28976,197.36263,195.61824
753.05796,618.20349,537.03619,535.92642,518.68314,452.16872,437.25673,428.53266,409.43145,349.22423,246.99003,203.62979,197.31169,195.90565
662.71823,545.1851,516.60683,476.15747,469.32508,433.84384,433.84384,427.35419,375.94635,375.94635,323.38613,207.45297,161.09979,157.53127
642.36877,600.27489,537.18651,517.60544,508.82782,444.79824,429.00059,256.2225,188.56435,182.85031,181.58212,180.49021,180.41015,180.35099
655.70266,564.5,550.76479,503.42209,460.29433,432.25437,425.02352,252.86548,154.08005,152.24335,151.81173,151.60051,151.58155,151.53761
688.58326,530.20263,498.6599,476.03287,431.75436,416.21819,416.21819,395.4274,388.66328,381.01191,303.91698,165.05371,144.73734,140.12049
692.77857,583.8102,565.20723,513.68468,485.20688,434.82544,420.73259,343.49807,192.20813,179.07436,175.93662,174.9475,174.25996,172.91457
