"X1","X2","X3","X4","X5","X6","X7","X8","X9","X10","X11","X12","X13","X14"
28038953,3445094.5,495942.18,96529.248,49849.481,11594.92,3892.2532,2971.501,2711.2805,2711.2805,2711.2805,2711.2805,2711.2805,2711.2805
35228236,2190141.1,662363.84,140582.61,11447.317,8192.2214,4306.6057,4306.6057,4028.7771,4028.7771,4028.7771,3913.976,3552.8571,3552.8571
57367133,943586.51,73145.508,37252.001,29490.873,5982.6131,5655.968,4239.2894,4156.9013,4156.9013,4156.9013,4156.9013,4156.9013,4156.9013
51618499,2880358,529109.62,375627.35,42871.851,24395.281,21358.112,16729.902,16729.902,8352.0146,8296.2352,7974.1245,7974.1245,7974.1245
16036562,2061098,475887.26,192404.4,12884.644,2396.7986,2363.1229,2149.8291,1613.0579,1520.4019,1441.6308,1227.4091,1213.6606,1210.7244
24052923,1997750.3,720369.9,84074.941,47911.352,44226.132,42947.465,42204.05,42204.05,42204.05,41877.535,41877.535,41877.535,40703.058
70432799,2181253.9,427409.79,99165.335,30750.546,27482.255,26467.201,25758.508,25758.508,25758.508,25758.508,24578.111,24578.111,24578.111
32703776,1952465.6,261371.61,24213.781,6761.3632,5484.1009,5315.2783,5044.4823,4698.4352,4698.4352,4698.4352,4698.4352,4698.4352,4617.2209
46744884,587335.4,114628.61,6679.291,4074.1744,4014.762,3953.1878,3953.1878,3952.7472,3943.7517,3870.5033,3870.5033,3865.0968,3865.0968
19343735,600723.11,275834.09,60824.591,20052.088,19194.097,19101.677,19101.677,19101.677,19101.677,19101.677,19101.677,19101.677,19101.677
38107601,1169844.2,85320.187,38526.021,10343.389,9485.3463,9118.4972,8749.1867,8749.1867,8671.0791,8671.0791,8671.0791,8302.9377,8302.9377
57609328,6558643.8,639771.28,178351.59,58597.573,30027.324,23082.605,21589.907,21589.907,21589.907,21589.907,21589.907,18760.575,18760.575
14508346,1371102,335531.51,21363.661,16961.523,10765.493,10765.493,10580.57,10580.57,10376.251,10004.917,10004.917,10004.917,9177.7482
9610109.8,159114.28,132542.57,12450.023,5587.932,2358.5907,1725.9404,1696.8982,1696.8982,1640.3764,1640.3764,1622.0793,1606.3005,1590.151
43397520,4883401.7,1230088.7,197133.67,36407.132,31684.014,31310.628,31310.628,31310.628,31310.628,31310.628,31310.628,31244.265,31244.265
48390258,6653967.5,2265008.7,352723.6,124922.47,18475.991,7643.1024,7643.1024,7643.1024,7643.1024,7643.1024,7643.1024,6876.9131,6347.4775
35773569,2946398.8,765015.28,258894.41,108311.8,10763.227,8974.2012,8344.0381,8078.5494,8078.5494,7406.4083,7212.9829,6630.6104,6630.6104
19996242,582529.57,214880.75,14758.662,3906.3253,2021.0676,2021.0676,1669.0388,1579.0491,1094.7466,947.03261,922.83736,922.83736,922.83736
31239663,2677915.8,471607.68,31392.003,20729.352,4652.0504,4652.0504,2192.9338,2075.3183,1941.5865,1941.5865,1941.5865,1759.764,1759.764
33485252,5176032.5,1658610.5,297844.13,21166.979,11986.782,6145.148,6101.4732,2293.3117,1328.7065,1328.7065,1328.7065,1328.7065,1328.7065
40646754,2472581.5,356636.24,64531.425,55459.061,54657.275,54614.292,54603.12,54602.625,54602.52,54602.486,54602.353,54602.341,54578.802
70085859,2270372.3,510048.83,98562.479,59638.289,36145.639,21480.986,17872.195,17872.195,17872.195,17872.195,16584.87,16584.87,16249.582
62433498,5966532.4,1499814.4,243782.32,145941.78,19990.334,8859.9435,8859.9435,8859.9435,8147.4039,8147.4039,6243.9863,6243.9863,6243.9863
26340953,2752434.6,1488272.3,179348.53,52370.731,18549.702,17313.958,16562.66,16267.613,15904.439,15681.065,15573.372,15551.841,15541.812
36594733,7388435.1,2416838.1,1252014.7,206316.82,125454.64,22293.787,22293.787,17036.535,16687.277,16687.277,9826.497,8710.1163,8710.1163
52467120,2353652.8,824310.3,197797.47,24056.757,12155.903,10242.798,9798.4988,8679.8458,7539.7735,7228.4905,6863.2488,6863.2488,6863.2488
30638055,1249178.1,199715.17,24501.304,22373.349,12028.166,11288.553,11288.553,10743.97,10622.854,10622.854,10502.16,10502.16,10081.202
21607129,1024532.5,138917.42,5273.0627,2767.5523,2387.6619,2381.0863,2361.778,2311.2695,2284.6188,2264.2152,2238.4178,2168.999,2168.999
29227676,1414076.7,216406.01,22893.164,4342.3986,2515.9333,2340.4214,2307.042,2307.042,2273.7051,2273.7051,2273.7051,2273.7051,2171.3045
26392865,3163502,333634.34,175578.68,52086.943,34184.709,34184.709,34184.709,34184.709,34184.709,34184.709,34184.709,34184.709,34184.709
62222378,3403141.3,251997.7,78506.563,5512.8839,4376.4402,2789.0364,2623.0421,1848.9817,1848.9817,1848.9817,1848.9817,1848.9817,1848.9817
57391205,2804073.4,214120.86,34855.731,21434.812,13899.698,12507.118,12435.338,12038.518,11820.155,11820.155,11820.155,11820.155,11820.155
13286489,1457298.4,938784.18,201087.77,95312.141,37442.71,14514.2,10332.587,6087.0987,3261.6884,3261.6884,3261.6884,3261.6884,3261.6884
70798184,4364117,1200412.9,260206.25,238418.81,128143.2,39310.246,39310.246,23218.108,21978.028,16770.949,16552.17,16552.17,11773.316
18804281,337240.06,337240.06,98975.907,38487.555,11304.046,10980.491,10887.095,10887.095,10887.095,10887.095,10457.832,10457.832,7764.6881
38472644,1941100.9,230745.66,38485.642,6283.2365,1087.499,964.44295,831.06819,831.06819,767.78061,767.78061,767.78061,659.48171,659.48171
9782379.5,945182.7,406797.47,157164.29,46279.146,32273.935,24778.871,24778.871,23826.394,21448.562,21448.562,21448.562,21448.562,21448.562
40363725,3677233.2,744026.08,233686.01,24250.625,9107.7088,9057.6447,9057.6447,6233.0211,6233.0211,6233.0211,6233.0211,6233.0211,6233.0211
51599408,5882370.5,2809639.3,803968.33,265877.19,26426.871,13178.442,12692.104,12692.104,12692.104,12692.104,12692.104,7771.3851,7771.3185
45951691,1501482,369491.78,72577.789,6884.6305,3356.6281,3356.413,3178.3353,3178.3353,3178.3353,3040.4944,2997.3549,2997.3549,2997.3549
18680930,1140985.2,70039.425,21210.545,5895.6229,4182.5574,4182.5574,4074.6823,4074.6823,4059.5905,4042.5305,4032.4989,4027.9191,4022.0669
33442867,5622990.8,1733837.9,323050.98,24673.686,18312.284,16600.132,16227.257,15896.517,15896.517,14544.358,14544.358,12971.521,12971.521
49410619,3471541,317825.81,66702.695,9598.7116,5790.6663,5488.0924,5292.8318,5292.8318,5292.8318,5292.8318,5095.8144,4121.1358,4121.1358
30167148,2045320.7,1170395.7,542597.5,129047.77,29274.517,26527.522,23486.612,23486.612,23486.612,21869.643,21042.166,20732.962,20732.962
43192230,8543196.6,2591537.9,350241.99,121750.65,44966.638,31926.026,17110.744,11957.088,8121.7039,8121.7039,8121.7039,8121.7039,8121.7039
60343846,3006980.9,783036.22,93335.704,59537.619,28431.26,25214.219,14216.986,7217.5348,7217.5348,7217.5348,6965.1296,6830.6189,6751.7629
11683748,814499.52,149738.73,76223.136,28642.017,19898.628,19898.628,18192.369,17965.258,17965.258,17965.258,17965.258,17715.564,17107.53
33397078,1472020.4,466208.05,200577.81,45083,10337.876,5360.3825,4032.6413,3454.1949,3042.0173,2648.8625,2237.1286,1790.8793,1790.8793
71318978,3219529.3,487974.33,114529.81,44297.736,27587.079,26310.893,26310.893,26310.893,26208.528,25553.461,25173.249,23702.443,23702.443
34971970,1441936.4,332567.24,29770.269,12543.453,9723.0753,7937.7435,7937.7435,7937.7435,7937.7435,7679.6743,7175.5377,7093.9963,7093.9963
12788577,993696.54,222153.56,39223.176,14161.459,9294.7901,8629.9231,8629.9231,8629.9231,8629.9231,8629.9231,8629.9231,8629.9231,8629.9231
