"X1","X2","X3","X4","X5","X6","X7","X8","X9","X10","X11","X12","X13","X14"
7851.9243,6572.4417,5413.5409,4233.116,3814.7745,3584.1136,3546.9847,3522.2443,3520.8661,3473.8328,3432.0179,3431.6415,3431.613,3431.6129
8036.5636,5675.6956,3940.6694,3574.9713,3279.7277,3130.0813,3126.0392,3125.3926,3120.4204,3112.3548,3109.9419,3106.6671,3106.2435,3105.9251
6444.0932,5186.875,4640.6369,3139.2702,3039.0627,2960.3592,2919.671,2912.4532,2910.569,2908.5349,2907.3648,2907.2585,2907.2295,2907.2267
7916.5759,7027.1182,5898.7908,4024.5003,3588.8841,3412.8761,3366.1516,3340.5823,3334.8285,3333.8733,3333.646,3322.218,3322.0898,3322.0404
7988.2342,6364.8419,4910.082,4280.817,4041.9795,3594.5182,3479.3977,3422.1808,3390.3573,3241.8954,3208.3788,3138.7423,3117.1595,3115.6708
9078.8426,7086.4117,5334.2835,4556.7438,4287.3713,4201.7065,4182.7365,4149.8753,4146.1708,4143.286,4143.1832,4143.1188,4143.1007,4140.8047
7657.2843,5771.7875,3859.2883,3273.1284,3121.1031,3111.8361,3111.0338,3110.7222,3110.6521,3110.6117,2877.6559,2755.5641,2747.7206,2740.9834
8139.6429,6945.6844,5711.3786,4386.8742,4298.605,3862.3656,3711.4088,3706.0237,3703.599,3700.6894,3691.7371,3690.0498,3688.8086,3688.7159
8730.2056,5711.4266,4505.0244,4048.7549,3652.603,3474.3548,3439.6079,3432.9796,3420.2019,3418.6712,3406.6137,3405.6342,3405.4172,3399.7955
8311.4038,6660.8823,5671.3774,4716.551,4282.9693,4199.0055,4162.3272,4104.8777,4091.3766,4085.1703,4079.5489,4079.1818,4077.0913,4076.8166
8133.1077,5994.9394,5529.7109,3885.4477,3713.2389,3350.6068,3166.3888,3155.5847,3118.4046,3110.6868,3109.7199,3109.0674,3107.4329,3107.3186
8908.4344,7159.2597,4806.5948,3463.255,3110.0848,2880.1962,2875.464,2874.0467,2873.5712,2785.2094,2784.8186,2784.8004,2784.7896,2784.7502
8146.56,7003.365,6507.8204,4905.1745,4450.5639,4430.9535,4428.6998,4423.0255,4385.2668,4333.3153,4305.1286,4296.1338,4290.2981,3887.5779
7844.1881,6491.2073,6428.4498,4737.9883,3937.5802,3909.9023,3905.3104,3713.3106,3482.3034,3429.8051,3414.8306,3414.5303,3409.5563,3406.1812
7879.5918,5626.4759,4367.5595,4258.6897,4252.065,3878.5307,3700.3197,3558.8152,3548.9086,3540.3984,3538.6167,3538.3944,3538.3723,3538.3447
9282.9193,8386.5284,7950.8678,6316.5372,4857.1228,4571.7833,4463.2557,4422.0578,4369.1932,4367.6275,4341.5143,4333.7873,4287.2198,4282.0769
8345.4935,7355.3759,7190.4922,6528.6356,4741.1725,4522.0577,4287.084,4135.7966,4081.2304,4075.2735,4065.9855,4065.5893,4065.4977,4065.0025
8821.5612,7731.3438,7293.4985,5400.6904,3697.7111,3530.2759,3491.2853,3470.6159,3465.3239,3460.7409,3397.9216,3382.9332,3375.1001,3366.7325
8630.2314,6740.2428,5658.3603,4690.2858,3624.1856,3596.2725,3376.7828,3360.0897,3340.2623,3329.3464,3322.7458,3319.3975,3317.0986,3315.7636
8460.7399,7097.9085,5310.7714,4218.93,3785.4959,3675.0356,3617.6514,3529.6367,3522.3624,3520.5359,3518.7324,3517.1549,3500.9413,3498.8199
8545.8758,6237.3991,4460.1713,3990.432,3832.5413,3610.0971,3606.0886,3605.7393,3605.2381,3604.4955,3603.1113,3602.2702,3601.9578,3601.863
8996.6166,7056.4086,5199.7044,4790.3604,4758.0003,4754.9393,4732.8119,4689.0226,4244.5609,4222.1657,4212.8958,4211.889,4210.4068,4210.3806
8117.1317,6459.8745,5289.2902,3577.3532,3382.1087,3187.6065,3112.8078,3110.5562,3110.1745,3110.0658,3108.273,3108.0767,3107.978,3107.9389
8547.4246,6871.4766,6117.6874,4056.5419,3743.161,3519.0148,3493.3897,3454.1103,3411.5436,3402.5593,3384.5555,3382.9752,3382.2901,3377.7753
7499.4353,6455.8802,5926.4752,3621.4914,3289.9895,3230.8758,3225.7559,3210.902,3203.4885,3202.9578,3196.6993,3195.6223,3167.8512,3151.7865
8212.3985,6898.1146,6246.3484,4330.573,3866.5052,3589.7059,3548.6606,3430.0366,3426.6922,3426.2912,3424.0374,3421.6227,3421.3781,3421.3663
8864.4439,7687.799,6715.1204,4752.5,4417.9741,4131.5693,4114.8179,4113.3568,4086.5623,4073.7607,4072.3438,4071.349,4052.3052,4052.1771
8425.7953,5955.8386,4074.0791,3294.7281,3183.4298,2999.8399,2995.0852,2982.6437,2979.775,2979.3088,2975.8112,2975.127,2975.079,2972.137
8275.0268,7414.1704,7414.1704,6482.0402,3639.8297,3295.0921,3283.9767,3265.9003,3208.9461,3170.3293,3168.8966,3156.6881,3154.9522,3154.9197
8843.5144,7634.6464,7443.3664,5757.9461,4637.0448,4238.2515,4148.8081,4068.5417,4044.0338,4042.7866,4042.4795,4042.4487,4042.413,4042.3924
8362.3151,7047.689,5796.3348,4276.8551,4092.7991,3851.7552,3726.994,3636.138,3629.1002,3628.5857,3628.5854,3628.5853,3628.2347,3627.9552
7942.3009,7286.3415,7286.3415,5760.8312,3655.0048,3288.8093,3076.0117,3057.2346,3015.5879,2951.9892,2936.3063,2933.8146,2930.7943,2925.772
8263.1262,6683.4931,5062.8911,4588.183,4487.1864,4053.184,3948.7262,3915.6267,3913.7994,3913.7044,3913.642,3913.587,3913.527,3913.0807
8554.484,6835.1613,4667.6262,3999.9613,3805.1652,3789.6958,3788.2306,3785.7853,3784.8853,3784.8166,3782.6352,3744.0687,3741.3659,3739.7321
9707.003,7128.6238,5478.368,4539.522,4164.7762,4131.2798,4052.4572,3992.9447,3992.7602,3992.5802,3992.392,3988.9957,3988.9503,3988.8827
8489.4984,7194.8224,5484.4353,4643.9695,4589.6812,4471.9221,4319.2134,4255.9756,4252.7858,4246.7174,4243.8856,4243.5096,4243.372,4243.2408
8100.8401,6754.9761,6573.3061,4658.307,3942.0171,3570.4361,3406.9656,3397.5156,3370.539,3354.2088,3277.9884,3252.3289,3251.3566,3249.4465
8811.2748,7711.8687,5904.4811,4049.4754,3912.9782,3693.4564,3664.6866,3663.0302,3654.3035,3654.0586,3652.9091,3651.0625,3649.8153,3649.7035
8280.8119,7304.8543,5841.7418,4472.9806,4272.6626,4024.3581,4018.7558,4016.3872,3998.5404,3993.1102,3991.5634,3991.38,3990.3725,3990.2289
9444.3942,8646.2018,7965.6271,6850.9848,4858.7963,4595.1969,4389.3337,4366.5285,4360.0753,4347.8875,4347.4272,4335.1616,4313.5716,4311.5891
8486.1783,5443.8943,4212.0523,4005.8828,3981.4388,3962.1659,3635.8854,3609.1616,3590.8451,3588.774,3571.7881,3558.1696,3528.5784,3528.0079
7567.7707,5742.7065,3736.8712,3076.2834,2951.1479,2764.6874,2754.8007,2752.1092,2705.8466,2704.7313,2696.3114,2695.7932,2695.2883,2693.8099
8380.566,5082.9509,2964.2521,2694.5464,2569.6386,2536.2205,2532.8028,2529.7014,2528.2147,2527.7764,2525.6709,2524.854,2524.7146,2524.1295
8081.5064,6928.0178,5846.4208,4173.8332,3872.3834,3723.1008,3721.5172,3718.2471,3717.6173,3716.9547,3715.6858,3646.5185,3646.0366,3645.611
8721.6257,6126.7057,5574.0631,4004.3871,3881.9614,3876.4891,3748.5156,3565.3408,3476.4192,3404.0668,3397.9183,3397.7253,3397.1192,3397.0808
7412.4866,5262.0742,3954.1875,3022.5777,2728.3771,2686.973,2684.7645,2684.498,2684.2022,2682.4737,2682.4515,2682.2682,2682.2642,2682.1206
8136.2533,6338.5279,5014.3362,3559.5014,3029.2935,2641.1162,2572.3288,2557.5036,2552.2065,2549.4015,2541.4776,2541.2537,2520.9323,2520.9152
8196.086,7094.3293,6808.6352,4848.6233,3631.2474,3589.3556,3492.362,3489.6997,3488.1099,3484.9662,3483.2477,3479.4869,3477.53,3476.2579
8144.0738,7022.3348,6428.2254,4686.0639,3641.5084,3628.4163,3624.1045,3623.0344,3404.3925,3269.6551,3256.7801,3253.9919,3202.7663,3196.942
7756.0892,5793.3315,4228.6969,3734.931,3529.2236,3447.0468,3407.4463,3391.2381,3388.626,3384.1978,3377.0283,3376.0649,3374.9698,3374.7305
8435.2009,6506.6923,6381.4281,3650.2782,2816.744,2490.516,2449.3578,2443.8714,2439.1779,2437.4496,2437.1666,2436.2635,2436.2587,2436.2236
