"X1","X2","X3","X4","X5","X6","X7","X8","X9","X10","X11","X12","X13","X14"
710.88756,612.70254,605.82821,567.26838,534.638,448.09484,384.26932,383.07422,383.0738,383.0738,383.0738,383.0738,383.0738,383.0738
593.72996,590.7507,588.27062,565.48889,510.22268,384.06653,369.26279,368.12719,367.60915,367.54447,367.54355,367.54348,367.54348,367.54348
583.99358,564.43149,564.43149,517.68786,515.15464,457.26792,390.47112,388.1195,387.76815,387.58613,387.491,387.15184,387.14778,387.14778
632.95074,590.38735,570.02874,528.56343,492.05939,428.02734,392.79656,392.56721,392.56673,392.56672,392.56672,392.56672,392.56672,392.56672
639.96974,613.76606,602.72122,563.18192,535.88698,399.90075,382.01233,381.65146,381.16865,381.08175,381.07304,380.99993,380.67395,380.53114
677.19429,641.69505,598.41165,598.41165,556.95983,505.68198,421.39581,420.0706,419.98176,419.96436,419.96175,419.81241,419.79559,419.78556
712.52349,633.89585,600.78578,569.47742,533.13999,419.31017,413.11492,412.09554,412.05725,411.57432,411.49723,411.48788,411.48717,411.48705
635.31135,598.35711,564.37179,564.37179,531.79937,512.80838,415.41167,384.75576,384.43253,384.38468,384.3291,384.27414,384.16737,384.16344
706.38989,611.40734,583.40338,569.64557,528.08401,399.87144,384.44859,383.47677,383.32725,383.25067,383.21683,383.19262,382.73835,382.16276
696.78334,631.37829,580.35921,563.6156,558.26406,486.63408,415.61562,413.69172,412.56487,411.89477,411.82036,411.7281,411.65869,411.64315
579.64593,579.64593,579.64593,566.73454,521.23882,389.83405,385.84551,385.72678,385.72626,385.72626,385.72626,385.72626,385.72626,385.72626
663.10592,594.73399,576.57332,557.64664,532.27069,447.21287,391.15193,390.11313,390.00052,389.98941,389.94173,389.92906,389.92157,389.91979
683.32836,592.80112,567.39292,533.42379,487.88579,383.66114,382.17755,381.68687,381.58385,381.56657,381.56294,381.56204,381.55221,381.55103
679.79996,606.64981,600.26963,574.50093,517.30109,504.04752,396.12854,389.96989,389.6637,389.48161,389.4298,389.41128,389.02689,387.90539
649.86049,592.47979,592.47979,575.78149,531.49655,475.26679,392.64993,388.84572,387.998,387.5373,387.4879,387.44212,387.42648,387.42563
658.54412,596.9297,578.23816,561.81536,507.23781,401.54733,397.5211,397.44866,397.37043,397.35656,397.34479,397.34339,397.34321,397.34109
720.52702,661.83751,626.24493,597.68098,556.58848,413.67257,400.01766,399.34551,398.94754,398.93784,398.93775,398.93772,398.93772,398.93772
690.34625,636.74383,629.03679,587.15664,574.88949,437.97932,426.04381,425.30305,424.47563,424.17102,424.11477,423.89877,423.71912,422.79172
744.43059,602.951,602.951,579.57626,526.35889,456.01786,395.87799,393.6392,393.36992,392.75795,390.55416,390.52044,390.52036,390.52036
722.16214,651.71373,617.38084,589.11983,527.46765,416.56753,407.5786,406.57227,406.15617,406.15568,406.15568,406.15568,406.15568,406.15568
676.22004,601.65748,583.4866,569.94415,534.36668,418.82425,416.57345,415.383,415.37615,415.37606,415.37606,415.37606,415.37606,415.37606
652.94182,603.70091,582.91175,559.49695,513.9811,370.2733,368.653,368.59919,368.59426,368.59233,368.52469,368.42103,368.40055,368.39197
676.24221,598.94406,587.06842,570.68283,442.18186,418.43995,417.33614,417.2733,417.1551,416.4798,416.22413,416.20977,416.19185,416.17366
712.23093,660.97469,576.77341,569.4268,470.99584,423.56096,422.92772,422.92602,422.926,422.92599,422.92599,422.92599,422.92599,422.92599
651.81644,616.88999,593.97618,585.94944,548.31473,488.12629,414.1788,412.56897,412.28595,412.13127,412.05532,412.03463,412.02492,412.02158
685.65042,627.75663,603.6449,574.42724,514.55183,407.48865,405.26563,405.1094,405.05451,405.01747,405.01262,404.88778,404.87546,404.86657
620.54745,582.27111,567.99524,538.17602,417.98928,384.64089,384.27053,384.25064,384.247,384.14671,384.06968,384.06798,384.06791,384.0679
622.56141,609.67865,598.71629,584.11322,554.92757,553.1255,500.23844,432.00583,399.64707,398.03697,396.59941,396.57981,396.57691,396.55556
695.39971,623.14529,590.44639,582.62633,535.07435,495.32624,446.52446,400.11057,388.9309,387.71364,387.12998,387.12228,387.12191,387.12191
672.81149,602.13705,565.46295,565.46295,538.33446,485.00778,402.02417,394.47135,393.90266,393.82328,393.78155,393.44758,393.4245,393.42377
622.23909,588.56194,576.29696,546.35164,546.35164,473.68167,403.14081,400.66453,400.44596,400.41388,400.4122,400.39647,400.35507,400.0485
715.27916,599.50454,599.50454,567.88625,542.44028,391.27448,382.56527,382.39573,382.30408,382.11578,382.10332,382.08939,382.08109,382.07898
626.80226,574.7752,554.01294,545.54091,482.10268,401.11675,393.33527,392.13862,392.09454,392.09163,392.09083,392.0905,392.09032,392.09024
633.27726,592.18886,553.15483,545.01729,545.01729,509.68322,474.03373,428.73667,378.46691,374.78306,374.61516,374.50766,374.4597,373.97242
686.49909,606.85106,572.93965,572.93965,525.20813,409.69338,409.15112,407.46949,407.46529,407.46526,407.46526,407.46526,407.46526,407.46526
735.39365,651.45437,639.07637,607.99719,535.45632,426.16345,424.17362,423.81938,423.0676,422.98112,422.98093,422.98093,422.98093,422.98093
635.68644,595.82097,555.0496,555.0496,542.28474,504.58698,455.97571,405.3229,398.73798,397.59698,397.46194,397.43635,396.76806,396.69167
584.12445,566.8797,559.02909,531.68923,512.65405,410.14077,371.34124,370.29244,370.05577,369.98013,369.97693,369.97276,369.97195,369.97188
628.97058,587.11987,556.97943,556.97943,512.88645,388.50678,385.29825,385.26534,385.24876,385.23618,385.22606,384.57228,384.5629,384.56285
620.22542,590.23721,539.6938,513.65008,486.51737,378.19316,376.8729,376.63778,376.54948,376.51239,376.50908,376.02852,375.82217,375.819
633.14673,575.24153,575.24153,528.83711,435.19344,384.81657,383.6761,383.55142,383.26839,383.25149,383.25109,383.251,383.25098,383.25096
745.82193,641.76444,630.01774,606.11863,569.3196,423.88119,419.24686,417.76678,417.70925,417.6984,417.69793,417.69777,417.69766,417.69759
681.11923,647.11751,616.85235,597.63878,562.79542,424.07561,411.91361,411.5849,411.52302,411.52288,411.52287,411.52287,411.52286,411.52286
673.39615,589.50779,585.99733,549.39283,497.2883,384.91474,381.68613,381.68301,381.68298,381.68298,381.68298,381.68298,381.68298,381.68298
705.04751,670.51059,614.26731,558.94685,526.29173,406.647,399.37482,399.12314,399.09869,398.76572,398.54646,398.47429,398.47203,398.47134
642.5027,582.66041,531.99099,525.80807,507.16696,457.47748,385.71465,379.61909,379.25191,379.14577,379.04939,378.99024,378.97043,378.96596
682.71804,567.8947,567.8947,567.8947,544.12074,470.97088,410.96414,401.48305,396.97308,396.48161,396.45331,396.38062,396.30688,396.30391
645.99467,602.90786,587.55902,556.39677,503.33291,397.96589,394.56116,394.42951,394.41822,394.4158,394.41461,394.41238,394.38411,394.38218
705.90014,648.95804,630.93871,609.923,533.52341,438.00254,437.07339,436.87588,436.37259,434.29479,433.83908,433.81102,433.80081,433.80031
690.54769,597.82791,597.82791,576.18805,518.67283,420.35525,412.4638,412.25061,411.04959,410.96932,410.88871,410.8779,410.63063,410.50499
656.44407,612.48834,603.29329,570.99083,505.29952,419.05645,417.57146,417.32704,415.80783,415.78811,415.78687,415.78677,415.78677,415.78677
