"X1","X2","X3","X4","X5","X6","X7","X8","X9","X10","X11","X12","X13","X14"
649.52744,563.85439,531.67384,514.34723,512.64028,512.37789,512.36454,512.36421,512.36314,512.36314,512.36068,512.35843,512.35807,512.35767
641.29844,551.67878,530.26344,517.15856,515.95523,515.93939,515.93909,515.93902,515.93901,515.93899,515.93898,515.93898,515.93898,515.93898
628.08924,568.37432,538.13945,519.8923,515.66145,514.31103,514.30182,514.30178,514.3017,514.3017,514.3017,514.3017,514.3017,514.3017
820.04507,681.7867,649.46595,605.65153,585.45155,582.45117,582.38741,582.38368,582.3789,582.37728,582.37672,582.37528,582.3611,582.36107
767.63838,628.86229,565.18887,532.06178,526.28153,526.24978,526.24744,526.24692,526.24674,526.24664,526.24656,526.24652,526.2465,526.24649
589.8748,555.68866,544.50767,537.20698,536.39312,536.3637,536.35902,536.3576,536.35606,536.35588,536.35536,536.35536,536.35513,536.35513
640.58602,550.01601,537.35026,518.35316,511.34242,511.26695,511.26553,511.26528,511.26518,511.26517,511.26515,511.26514,511.26513,511.26513
691.88189,575.13848,553.31608,545.98185,544.97632,544.96403,544.96375,544.96367,544.96364,544.96363,544.96362,544.96362,544.96362,544.96362
645.25445,562.88453,548.37042,532.21152,527.15762,526.83468,526.82155,526.81963,526.81947,526.81943,526.81939,526.81937,526.81935,526.81934
760.48158,609.26833,564.0544,541.50405,537.40731,537.31964,537.29469,537.29138,537.28599,537.28034,537.27745,537.27271,537.27001,537.26899
645.7477,577.49958,564.83567,554.85279,553.08594,551.96762,551.96131,551.95959,551.9587,551.9581,551.95761,551.95729,551.95715,551.95686
650.53767,589.30578,571.44355,561.33804,558.85025,558.7875,558.78729,558.78727,558.78725,558.78724,558.78723,558.78723,558.78723,558.78723
708.22601,588.56567,542.8069,507.85817,495.34905,495.26277,495.26249,495.26249,495.26249,495.26249,495.26249,495.26249,495.26249,495.26249
754.36552,629.73455,540.41445,516.90481,511.55641,510.52657,510.49244,510.47865,510.47675,510.47545,510.47356,510.46601,510.4644,510.46423
643.28292,586.52996,547.13878,530.19191,527.8809,526.39297,526.38864,526.38824,526.38798,526.38783,526.38781,526.38779,526.38778,526.38778
700.27723,571.10494,554.6482,528.59835,524.91159,524.7104,524.70903,524.70868,524.70854,524.7085,524.70844,524.70843,524.70842,524.7084
690.55505,564.75313,544.37786,537.17828,535.94868,535.89402,535.88954,535.8887,535.88827,535.88822,535.88809,535.88803,535.88794,535.8879
666.78824,576.83224,552.45059,537.85529,535.79744,535.1458,535.13342,535.12646,535.12443,535.12331,535.12331,535.12303,535.12287,535.12278
653.39846,582.60922,558.15543,541.96613,540.05928,540.04188,540.03979,540.03901,540.03879,540.03869,540.03856,540.0384,539.67755,539.64994
665.46154,572.98034,548.99178,521.70444,515.88773,515.8497,515.84969,515.84969,515.84969,515.84969,515.84969,515.84969,515.84969,515.84969
645.97981,595.16553,568.58339,548.51417,538.93601,538.73183,538.7296,538.72907,538.72868,538.72854,538.72848,538.72843,538.72833,538.72833
763.94929,643.75451,573.56866,544.8092,529.63187,528.43915,528.38793,528.34506,528.34212,528.34197,528.34179,528.34171,528.34159,528.3415
660.71374,584.37952,554.60123,533.86553,530.84283,530.78165,530.77941,530.77892,530.77871,530.77854,530.77846,530.77841,530.77839,530.77838
690.15399,596.84418,559.00092,541.27224,536.61977,536.52566,536.52255,536.5224,536.52231,536.52227,536.52226,536.52226,536.52225,536.52225
651.65661,559.05722,541.19595,527.39444,524.87278,524.78151,524.77389,524.77137,524.77047,524.76959,524.76959,524.7695,524.76913,524.76913
667.35258,594.67998,569.07482,549.86214,545.99253,545.75076,545.75026,545.74917,545.74916,545.74916,545.74916,545.74916,545.74916,545.74916
719.30261,626.77447,607.6965,591.23515,589.25348,589.23436,589.2336,589.23355,589.23353,589.23353,589.23352,589.23351,589.23351,589.23351
597.87211,551.04659,535.20061,512.45914,510.6852,510.6814,510.68138,510.68138,510.68138,510.68138,510.68138,510.68138,510.68138,510.68138
727.13492,587.22267,565.99211,550.44361,547.35359,547.34494,547.34494,547.34494,547.34494,547.34494,547.34494,547.34494,547.34494,547.34494
698.05073,623.45238,598.40132,574.5965,567.19037,567.07699,567.06338,567.05782,567.05477,567.05298,567.05267,567.05096,567.05057,567.04964
706.64224,617.2241,598.93239,557.80164,551.64431,550.911,550.8592,550.83909,550.8331,550.83176,550.83145,550.83112,550.83098,550.8306
769.94082,591.70841,560.2606,543.72,538.11099,538.03888,538.03424,538.03275,538.03239,538.03164,538.03149,538.03142,538.03142,538.03142
656.75103,574.02878,541.43251,516.78473,504.10585,502.58371,502.51232,502.51117,502.51072,502.51038,502.50986,502.50966,502.50966,502.50952
653.52245,585.79776,555.51088,530.36514,526.73888,526.47858,526.47694,526.4764,526.47629,526.47626,526.47621,526.47619,526.47618,526.47616
618.0621,558.37963,539.2155,522.87475,518.57131,517.08144,517.06694,517.06502,517.06465,517.06448,517.06424,517.06407,517.06407,517.06407
591.14479,546.01449,528.6472,513.75889,509.67906,509.65697,509.65557,509.65537,509.65529,509.65521,509.65521,509.6552,509.65519,509.65518
621.1398,551.37992,534.87912,515.40795,512.44021,512.33202,512.33048,512.33002,512.32959,512.3295,512.3295,512.32939,512.32932,512.32928
757.59737,558.05669,543.12359,528.83978,527.00018,524.09202,524.03973,524.03314,524.02758,524.02498,524.02442,524.02321,524.02321,524.02321
661.98838,563.42446,545.2895,540.0931,539.44622,537.2793,537.12076,537.08421,537.03809,537.01079,537.00732,537.00304,537.00158,537.00042
712.67496,609.70425,566.18673,532.07295,501.84703,501.06603,501.06468,501.06461,501.06459,501.06458,501.06458,501.06457,501.06457,501.06457
709.35339,610.90826,591.72182,577.25788,574.46788,574.13311,574.13083,574.1303,574.13022,574.13021,574.13016,574.13011,574.13007,574.13004
653.49255,573.74263,549.23463,531.34946,527.32009,526.93046,526.92465,526.92282,526.92053,526.91765,526.91765,526.91758,526.91554,526.91554
708.94087,612.21699,541.13202,507.53903,499.18675,498.33666,498.2231,498.20654,498.2065,498.2065,498.2065,498.2065,498.2065,498.2065
662.81214,592.46245,564.39526,545.95869,540.25618,540.18686,540.18535,540.18512,540.18505,540.18501,540.18499,540.18497,540.18494,540.18494
780.66993,642.51536,607.45915,579.88071,572.58749,571.61532,571.6031,571.60193,571.60133,571.5978,571.59726,571.59711,571.59701,571.597
675.53627,580.17912,552.289,528.69625,526.80491,526.80222,526.80222,526.80222,526.80222,526.80222,526.80222,526.80222,526.80222,526.80222
654.66269,571.72521,555.47252,548.31205,538.65696,536.74149,536.70013,536.69833,536.69818,536.69805,536.69794,536.69786,536.69779,536.69776
602.7822,553.77209,547.53876,527.72944,522.67494,522.60296,522.59638,522.59574,522.59546,522.59538,522.59533,522.59521,522.59519,522.59518
661.8169,599.84538,565.40151,546.67253,531.96283,531.71337,531.71337,531.71337,531.71337,531.71337,531.71337,531.71337,531.71337,531.71337
656.4738,564.76615,553.67751,538.55774,529.29753,529.17341,529.1647,529.10427,529.09863,529.09807,529.09723,529.09715,529.09712,529.09708
630.77562,569.78414,553.72952,544.66541,542.61717,541.75106,541.6361,541.62622,541.61486,541.59615,541.5867,541.5831,541.58209,541.57681
