"X1","X2","X3","X4","X5","X6","X7","X8","X9","X10","X11","X12","X13","X14"
95841819,20079975,7709369.2,1817330.4,441656.17,73560.023,42230.091,35116.182,23880.941,20192.233,19395.955,17597.956,16077.114,16076.114
264766550,47251813,16373737,5055352.6,1254939.6,746285.32,478485.09,365496.36,183792.9,139684.41,133707.7,128620.11,128618.93,128618.23
157262480,38031522,14031836,1868713.3,494645.21,68474.614,47983.121,41510.337,38853.397,28457.842,26847.124,26846.996,26806.375,26805.734
222460690,33626176,10261810,2332220.2,490323.82,203670.1,125847.48,95301.237,83156.894,60403.047,50830.38,48911.001,46517.223,46250.45
96261821,26678206,7293130.1,1304575.8,474743.35,172492.62,65848.884,59104.194,56547.596,49652.928,43562.91,41462.563,41364.656,41344.545
165957350,30250385,11998184,3199540.8,882864.8,278376.94,187909.04,166625.42,159678.35,151548.3,145314.85,132779.79,114754.55,95659.528
99338262,10094724,3796790.7,912849.24,234505.32,101600.82,72337.616,60203.75,41226.377,27628.052,26473.028,26428.781,26290.838,24118.753
252649740,24872783,13670752,6989296,1838332.3,634443.36,339533.98,216075.7,151698.21,139145.41,135308.46,133071.52,99640.978,71254.16
168955030,25195663,11275125,5024753.9,1422731.7,463055.22,166483.57,125178.81,110656.11,103784.14,98904.355,96125.291,94400.764,94400.52
430604020,58662308,10719880,4853533.1,1598103.1,621978.32,259636.61,155738.78,116771.36,85345.779,77078.503,66546.731,66522.239,63224.305
129609050,22678371,13208365,6638566.4,2376602.6,380200.08,103076.8,70279.718,59912.408,59623.232,58867.818,58811.057,58487.808,58478.529
269587610,30847737,7014185.2,2152021.7,333557.59,152970.38,91990.386,74106.154,61607.338,47400.584,24170.15,21741.021,21731.718,21621.494
337736270,52423170,15416001,5404087.4,354555.17,105211.32,82157.663,62718.196,49663.961,30764.829,30341.015,29418.662,29376.583,28942.743
172479150,20083965,9359867.6,2038368.5,413371.46,109915.71,56799.174,45073.215,43302.848,36320.033,25634.543,25632.481,25632.125,24769.446
72203518,23832584,8367506.6,3227582.1,708413.34,316737.72,135650.42,72221.362,69214.946,63486.79,63485.728,63485.351,63483.003,51513.397
186504460,41643987,13100511,4795070.5,1987348.6,1066080.1,225676.64,118637.7,86243.468,42557.545,32661.757,31284.317,30227.289,29743.054
68623429,8974177.6,3552557.4,1178998.8,259894.06,107077.59,59320.646,47638.059,40508.612,35509.604,30248.036,28684.675,28677.855,28672.442
153655600,26736428,11854768,3899774.8,425575.84,106755.5,94552.899,80675.583,76245.61,63491.936,59374.604,53026.902,52293.766,52293.764
245521090,54398500,15238396,7418873.4,2343201.7,789221.83,613160.27,468929.18,383467.8,372394.24,370645.5,370534.79,361287.99,361283.63
150958260,17758356,10949828,5264540.6,1414872.3,451704.57,334354.09,201753.47,187947.79,176174.23,173140.48,154211.58,154042.27,153728.14
98802529,9338534.4,4499238.5,1745495.3,545628.15,153667.87,53969.152,30496.316,20435.264,18925.771,16167.13,15184.071,14960.782,14058.035
134814330,20819279,6684700.7,2824032.9,798002.31,216056.37,127033.54,71670.839,49850.087,48066.123,46179.617,45711.354,45099.088,45094.923
137715330,35528842,15706850,2163460.4,461477.85,132093.66,74019.333,57937.875,46904.936,39709.224,35990.84,33023.969,33016.806,33010.482
164433180,34128945,8002458,1647472.2,421632.87,141589.5,104693.56,76807.824,70750.864,70716.419,69962.993,64017.585,52628.553,50447.846
178659840,21232587,8523529.2,2827830.1,815281.39,64055.056,48900.398,28445.521,24436.565,24262.876,21465.861,21464.254,21453.379,21445.938
158783480,34764457,6878096.6,2419435,942209.16,239870.25,119741.36,65287.843,50756.482,50076.36,50016.936,49939.035,49901.827,49325.926
78413116,13707605,4751052.3,1490094.3,648236.96,137509.48,79089.567,48760.111,38088.835,32300.512,26127.313,24675.625,24432.58,24428.285
115765400,24386715,6186026.8,1864971.9,375859.99,104126.42,75860.253,68661.684,53772.733,50961.205,47021.02,45879.458,40151.016,38877.914
88176971,5989158.5,1863131,495720.53,140575.7,64613.77,37462.019,32551.187,27468.439,26065.865,22540.452,22176.344,21572.124,19402.958
172883860,36095656,12132080,1501996.5,442209.04,125206.05,104491.74,89606.361,72185.396,71901.492,65962.736,59507.843,59376.587,57222.608
205354790,26794209,8318185,1911873.1,482267.4,232091.11,163642.55,141663.83,90633.887,73063.677,65387.443,62925.161,62922.182,62922.168
220216150,44763601,20675733,6863065.1,2158551.1,734839.24,342548.16,265499.07,250599.85,224803.7,203405.72,202474.41,176663.62,176008.95
116399210,12847907,8344223.7,2935532.9,554293.6,157790.49,104723.6,76251.049,58714.716,49912.057,48147.35,41640.093,38792.392,38789.239
170345360,26053490,5606350.1,566014.27,142512.06,97192.574,83416.212,68562.545,65516.858,60982.626,59899.283,59757.803,58819.905,58808.775
304506430,50313468,20405538,9235298.5,2946025.7,1040463.6,563038.78,358257.75,302041.94,300953.52,279347.21,265223.82,261874.93,239149.8
158303030,40668241,18524779,3470648.7,871543.96,228564.51,136078.34,110462.74,95961.74,74963.924,68795.539,68146.771,68110.668,66142.339
204764260,34684896,14773152,7147742.4,2602134.8,477182.08,322643.86,242460.08,234411.83,220909.37,199987.76,176109.49,140001.52,126844.74
121313150,24805724,10619346,3409001.2,955927.99,149331.06,83915.607,60944.371,37259.709,35447.172,34815.574,33111.711,32234.895,32096.334
184345850,28675077,7870486.9,2277783.6,222881.4,72001.353,52127.24,34895.881,31708.853,30718.2,29479,26450.008,26439.08,26175.284
441625890,63483305,7876019.8,1669329.5,619290.65,271764.41,214544.19,178343.79,145734.03,104213.35,103506.26,103094.05,95465.313,93475.522
471071890,41556449,8279760.6,1802207.3,680444.78,268744,221388.08,205557.71,194258.04,194200.82,176117.55,172669.66,172489.26,170662.01
53618790,10582862,5960502.7,1625576.3,512619.6,77939.221,27066.408,25253.267,22521.429,21311.773,19101.366,19100.618,19033.68,18782.863
194916030,37187252,11118851,2333631.4,607652.54,246460.78,140996.08,80684.416,49375.759,42694.434,40243.023,39085.148,36766.03,36228.588
82608695,11143053,4746094.5,1975195.5,481633.9,103262.6,58518.473,43229.972,35880.713,33893.003,27445.108,26111.887,25070.54,25037.024
44318937,7769029.8,3080879.1,1430535.3,415992.75,234420.48,183644.71,87434.749,65961.645,49010.63,48230.207,45280.799,42235.098,40394.086
138010150,29149475,8624650.7,3268772.1,1306370.3,270063.47,158797.89,114386.99,67064.762,60251.258,58853.755,58294.929,53882.588,53868.412
221813720,15716871,2207383.4,236905.71,89367.401,30518.921,23178.554,20486.782,13791.78,11046.515,10240.994,10052.3,9055.5654,9054.7744
108226070,33562169,11855203,1586685.9,273331.37,102361.23,72518.364,61380.563,39089.979,35173.083,32921.857,29105.168,29035.199,28986.361
125885680,19829018,5851945.5,2729267.8,584817.04,156702.78,70442.57,61029.412,39900.19,34476.51,33465.703,32325.23,32278.272,32022.498
131439040,13865983,6067458.8,570531.13,109655.49,29097.359,26401.333,23078.329,22915.752,22432.102,19650.669,19648.281,19645.139,19615.341
76949943,18232245,6568210.8,2244109.8,556545.55,159500.84,102978.65,66083.892,50903.705,48868.873,45831.515,34397.377,28299.538,24218.949
