"X1","X2","X3","X4","X5","X6","X7","X8","X9","X10","X11","X12","X13","X14"
367.51377,367.51377,130.99165,102.17859,28.926412,9.0366278,6.0458568,4.7076316,3.9452246,3.7148387,3.3628961,3.3628961,3.2935841,3.1308957
287.73747,287.73747,164.12905,53.781481,25.165948,6.190495,4.969596,4.7652542,4.7162735,4.6877384,4.6748504,4.6221237,4.5663136,4.4706415
374.2874,281.93615,152.91751,85.55157,14.746047,8.7561046,4.7051629,4.2300833,4.1593562,4.1179076,4.0714897,4.0546295,4.0433101,4.0249594
920.27593,401.61061,161.99948,96.796506,13.59,8.6221696,8.4048606,8.0620956,7.6611773,7.4661847,7.4114708,7.3570859,7.3302956,7.3201654
573.2099,197.57575,111.82008,63.595343,14.177421,8.0278097,4.6698864,4.2417189,3.882324,3.6715219,3.6038527,3.5717524,3.5475278,3.5409834
253.05138,138.90665,94.124657,49.095187,15.800178,7.7902865,6.1057013,5.607196,5.5443926,5.1657796,5.1591247,4.9565793,4.8266019,4.7711656
328.27398,134.25707,58.320652,50.330178,12.650033,3.8508888,3.3874358,3.2790213,3.2530895,3.2382701,3.2169929,3.2027457,3.1924304,3.1806327
501.92477,300.74641,152.77794,70.327608,28.024455,7.8542902,6.0260886,5.8677532,5.8261238,5.8169052,5.806786,5.8006255,5.7916863,5.7883723
1071.7798,73.150675,73.150675,35.014297,7.4477617,7.4477617,4.2989366,2.9566559,2.4991364,2.3281335,2.2955845,2.2791153,2.2613669,2.2466655
230.21809,226.58605,226.58605,63.129943,16.604694,6.1299443,4.8392387,3.4501041,3.1285592,3.0307326,3.0106951,2.9797054,2.9743769,2.9587509
159.75169,159.75169,111.76342,47.181809,15.475046,5.6058981,4.9804007,4.9159398,4.897263,4.8827175,4.8788567,4.8724352,4.8710802,4.8693061
763.36548,163.14441,96.327492,41.707711,15.644099,3.6703287,3.2879426,3.1471655,3.1083807,3.084543,3.0758314,3.0678621,3.048976,3.0400804
726.26921,188.57642,116.11052,57.791458,11.762643,5.5249616,5.2295592,5.1525296,5.1225369,5.0766048,5.0603141,5.0499994,5.0371706,5.0237144
1370.3507,262.66717,122.72502,62.238593,24.768413,8.2871311,7.0873127,5.7264776,3.7165456,3.6518612,3.6518612,3.4255839,3.3193576,3.3193576
426.76336,208.5013,71.788846,47.007035,13.698118,6.4173399,6.1917298,6.1366299,6.1156889,6.1086202,6.1030008,6.095477,6.0942386,6.0923946
684.00439,121.32282,121.32282,47.107237,12.424391,2.6017037,1.9895306,1.9405684,1.924144,1.9227426,1.8966935,1.8839407,1.8678723,1.8659665
1475.9328,166.25772,84.460132,83.773031,16.23807,4.5260017,0.71940263,0.39518319,0.36955812,0.36133277,0.35879016,0.35686588,0.35574902,0.35524145
912.49587,128.60451,128.60451,85.958647,22.184083,7.9449595,6.082933,5.8436071,5.7192161,5.2980744,5.0135919,4.9307567,4.9014328,4.8680542
441.23507,113.32326,113.32326,49.519455,16.270134,8.0583319,7.3760307,5.8019224,5.6917891,5.6562272,5.5615131,5.5336757,5.5243725,5.361842
672.08871,125.66102,104.34921,64.184037,21.206469,6.1310313,4.905531,4.905531,4.905531,4.7687588,4.7150825,4.5611719,4.357416,4.2950608
427.64957,234.19568,90.984154,39.059421,15.37818,6.2562105,4.8454686,4.0756918,3.6000478,3.5574116,3.5269873,3.508811,3.4964949,3.4904839
1162.3493,487.82751,232.06793,114.76826,36.550908,14.383656,6.5931147,5.188591,5.0622985,5.0315603,4.0609062,4.0609062,4.0609062,4.0156912
342.7641,248.28749,164.91277,70.827415,34.381501,11.04462,7.6723795,7.1741893,4.6226655,4.6226655,4.4509096,4.4509096,4.2878154,4.216808
360.22657,323.30731,220.63864,77.974821,15.80625,9.4539305,7.3883442,5.5287494,5.0806682,5.0016415,4.9553187,4.9260738,4.9184108,4.786672
857.44965,228.59455,141.21138,55.370512,19.758014,9.722451,6.2518181,5.4625173,5.3241356,5.2701315,5.2111317,5.1816659,5.1675615,5.1605905
1991.4002,321.11465,120.85132,82.445084,18.200801,8.3278455,7.8982927,7.8510791,7.7988829,7.7620821,7.7431302,7.7134566,7.6935186,7.6899206
571.45677,335.13953,199.69191,76.521383,12.778922,5.5558335,4.8631463,4.7101766,4.6975964,4.6965449,4.6965031,4.6964946,4.696493,4.6964918
447.87453,357.85251,182.69089,59.171365,17.898626,8.4410646,7.0254703,6.8841426,4.6645983,4.6645983,4.6645983,4.6645983,4.6645983,4.5290455
132.83758,132.83758,130.44263,65.205296,28.023256,10.56538,5.0548574,5.0548574,4.8852809,4.830861,4.8060831,4.7923458,4.2213634,3.9537379
673.59448,211.84923,182.88774,49.609087,16.010015,7.0555613,4.4113033,4.4113033,3.8798088,3.6205333,3.5683479,3.4998812,3.4617353,3.443982
163.5189,163.5189,64.598409,45.29357,16.34258,6.4668071,6.1829404,6.0860369,5.9655646,5.8905384,5.8142326,5.7667333,5.7042335,5.6631493
612.23858,211.96643,146.62649,49.580827,17.058817,6.5193044,4.8330486,4.0632701,3.3404265,2.7127054,2.7127054,2.6238976,2.5991804,2.1498015
437.74273,143.4506,108.66758,49.589136,21.162158,6.4338116,3.7856576,2.1898902,2.1746678,2.0979649,1.9750815,1.9392836,1.9298351,1.9050998
409.32996,206.52949,103.52868,43.735813,17.713927,6.141985,5.7070338,5.6956311,5.6951893,5.6949805,5.694904,5.6948463,5.6948266,5.6948165
639.7738,363.94126,218.98643,100.16578,15.772524,9.5723594,6.5270002,5.96493,5.7650703,5.7562006,5.7318278,5.7199681,5.7147504,5.7139581
141.13707,141.13707,141.13707,88.669937,24.275299,3.9164111,3.602276,3.5647077,3.5449972,3.5428393,3.5229039,3.520933,3.5205934,3.4810766
652.07856,153.27709,52.814163,52.814163,17.367196,7.9275143,5.2262989,4.1679383,3.8496679,3.8496679,3.5804884,3.5439557,3.5269374,3.284985
201.35002,201.35002,147.84906,67.585765,16.148035,5.2211735,4.5421562,4.2212895,3.5214671,3.0211427,2.5121508,2.5121508,2.5121508,2.5121508
572.48829,200.88697,115.26652,46.017566,13.765822,6.7074057,4.5860933,3.103836,2.6322484,2.5454522,2.5255466,2.5073689,2.4988117,2.4899054
830.9378,230.92329,203.33132,78.548579,20.281176,8.6220195,6.1531888,5.6876942,5.5317579,5.4859973,5.4667745,5.4604651,5.4443705,5.3266618
305.53453,161.27249,89.901573,51.544475,16.441177,6.0144784,5.0254082,4.7733372,4.7026364,4.6952619,4.6686533,4.6510499,4.6302628,4.6158968
807.58033,208.43738,97.749335,50.997213,22.001669,10.151407,8.0399156,7.4729141,5.9408188,4.8832245,4.7496987,4.6987833,4.682918,4.5881644
692.54345,182.30939,75.463199,41.127132,12.945917,6.9229734,5.0746589,4.7625385,4.5790885,4.5229864,4.4896729,4.4771498,4.4712522,4.4596665
738.49414,461.94174,119.22552,46.230319,19.135821,6.1969996,4.4512236,3.4176148,3.1795393,3.0874491,3.045051,3.0131191,2.9909502,2.9678603
894.87884,304.39931,124.10384,78.422099,18.820311,10.946068,2.852354,2.0323756,1.3064184,1.2676517,1.2583733,1.2570525,1.2567485,1.256543
422.53623,280.81724,147.39809,73.048024,15.568101,8.1611822,6.3205368,5.8445581,5.5525673,5.3724006,5.1893533,5.1464115,5.1236667,5.1142303
666.99762,289.47216,197.95036,80.71886,19.573348,6.4139613,6.1313825,6.1313825,6.1313825,6.1313825,6.1268676,6.1268676,5.2688102,5.1249484
933.76293,409.84103,90.359829,54.832901,13.412717,6.3275416,5.3648846,4.8570936,4.7995607,4.3108495,4.0643582,4.0643582,3.9582822,3.9582822
414.67093,277.05882,134.17285,56.151608,13.117219,7.3155103,5.1968222,4.9960489,4.9585738,4.9228666,4.8982489,4.8796066,4.8640961,4.8290431
192.24345,138.60915,138.60915,59.304576,24.247959,9.5916167,9.4658222,7.616805,6.7421877,6.3452278,6.1321951,6.0020947,5.7620166,5.7531613
230.40597,230.40597,118.22136,39.733875,14.980805,7.201267,4.3687642,3.8111825,3.1825864,2.9116702,2.9116702,2.7248007,2.5596912,2.5596912
