"X1","X2","X3","X4","X5","X6","X7","X8","X9","X10","X11","X12","X13","X14"
12116216,10368016,4528778.2,729853.9,729853.9,519239.28,519239.28,303733.06,303733.06,303733.06,155630.54,155630.54,155630.54,155630.54
13249377,5220287.7,3311149.5,3274459.3,1887405.1,1013364.9,897214.2,690151.55,690151.55,690151.55,690151.55,690151.55,690151.55,690151.55
11334719,3724438.2,3168599.3,1512341.1,1429315,648274.77,627662.69,569925.6,492712.14,430020.7,232929.53,232929.53,232929.53,232929.53
6751947.5,5364514,5364514,5364514,1408707.8,862105.53,862105.53,609476.89,609476.89,597780.6,343239.6,343239.6,343239.6,343239.6
2499324.1,2499324.1,809667.57,809667.57,423594.94,423594.94,423594.94,410105.48,410105.48,353810.55,353810.55,353810.55,353810.55,353810.55
15261758,10209361,10209361,1855072.3,918851.01,918851.01,700218.1,700218.1,700218.1,700218.1,700218.1,567793.68,473686.34,473686.34
7204318.7,4538830.7,2824012.9,2368722.7,2183937.1,1073047.6,1073047.6,342936.7,342936.7,342936.7,342936.7,342936.7,342936.7,312801.86
6373249.6,3055339.8,2233714.3,2233714.3,1277069.9,494338.14,494338.14,494338.14,494338.14,494338.14,392628.31,392628.31,392628.31,392628.31
26145980,1774133.6,1774133.6,1761695.7,1227081.5,1197596.1,586951.87,586951.87,483349.89,478132.69,478132.69,354571.78,354571.78,354571.78
4434416.9,4434416.9,3718764.8,3718764.8,1895384.8,1575659.1,1558923.7,1175794.5,1175794.5,854091.32,854091.32,854091.32,854091.32,854091.32
21140946,4794013.5,4794013.5,4794013.5,2484072.6,1709513.3,638500.77,638500.77,281778.81,281778.81,281778.81,281778.81,281778.81,281778.81
3866723.4,3433914.2,2215825.9,1248908.6,651280.12,260568.21,260568.21,189963.51,189963.51,189963.51,168002.07,168002.07,168002.07,168002.07
12695790,3876442.5,3876442.5,3876442.5,1741215.8,1741215.8,865447.8,865447.8,865447.8,865447.8,865447.8,865447.8,865447.8,865447.8
14455542,5734835.8,5734835.8,2331949.6,1708619.6,502635.08,502635.08,502635.08,502635.08,395570.99,395570.99,395570.99,383947.36,383947.36
32742560,16413549,8781722.9,4649672,2013976.9,1072048.6,931453.77,419185.67,419185.67,419185.67,230145.48,183798.31,183798.31,183798.31
22629538,8014292.3,6331709.5,3410307,1808132,1016921.8,1016921.8,1016921.8,1016921.8,593127.11,593127.11,593127.11,593127.11,593127.11
8801703.7,7576470.4,4060631.5,3656125.5,457836.72,346723.45,346723.45,346723.45,339470.12,339470.12,339470.12,339470.12,333597.11,262974.93
33857533,12271184,9746349.7,9746349.7,1755586.5,931916.4,931916.4,762540.73,369328.76,369328.76,369328.76,350960.64,350960.64,350960.64
16234692,4971093,2919794.2,2190187.5,1789605.1,1789605.1,1789605.1,613489.16,613489.16,613489.16,441072.59,282905.37,282905.37,269387.14
4157947.2,4157947.2,2606076.8,2606076.8,2606076.8,725914.56,725914.56,630589.29,630589.29,315457.81,315457.81,315457.81,315457.81,315457.81
2560974.9,2560974.9,1808825.6,1736342.2,1176596,778226.44,778226.44,604430.4,467873.57,467873.57,467873.57,339595.65,339595.65,339595.65
13336893,8440064.6,3638073.9,1758095.1,1758095.1,1251974.6,655397.49,655397.49,655397.49,474666.22,474666.22,354995,354995,354995
12814438,6063003.5,3982287.2,1642668.2,1291886.6,1176033,1173357.1,876925.01,484556.25,484556.25,484556.25,436607.51,436607.51,436607.51
11352927,11352927,5835234.9,2309466.6,1534878.7,1514407.1,1010691.8,759430.22,528772.15,528772.15,528772.15,528772.15,528772.15,528772.15
12872523,5647929.4,5647929.4,2367165.6,2278675.1,1478482.3,397853.52,397853.52,397853.52,397853.52,397853.52,397853.52,397853.52,397853.52
14564333,8558118.1,6956903.4,3912606.6,1704730.4,1704730.4,741006.95,741006.95,741006.95,520946.83,520946.83,520946.83,520946.83,520946.83
15385400,3298685.9,3298685.9,2011493.4,2011493.4,1129670.4,288173.74,251716.47,205423.28,204172.99,204172.99,204172.99,204172.99,204172.99
5360335.9,5360335.9,3946911.6,3946911.6,816253.42,619610.14,619610.14,437585.32,437585.32,208667.56,208667.56,208667.56,208667.56,208667.56
32787789,17119101,4923892.6,4923892.6,1827146.3,854461.19,717016.47,717016.47,552950.82,552950.82,552950.82,552950.82,552950.82,552950.82
7538881.6,1378558.8,1378558.8,1378558.8,1280574.9,1280574.9,1139187.3,710717.38,641047.67,601257.09,490931.68,490931.68,198317.18,198317.18
7928888.6,7928888.6,7928888.6,2300342.3,1868313,743775.09,543113.44,543113.44,543113.44,543113.44,223926.93,177979.84,177979.84,177979.84
12112318,9045139.4,5179513.9,5179513.9,2164444,932726.68,599295.65,599295.65,375960.69,375960.69,375960.69,375960.69,375960.69,375960.69
4172697.6,3640980,3587784.6,1609662.8,1609662.8,765343.83,765343.83,765343.83,765343.83,667518.28,667518.28,667518.28,667518.28,479441.8
6247995.4,849116.04,849116.04,849116.04,756676.02,564130.38,564130.38,564130.38,564130.38,564130.38,564130.38,546078.61,546078.61,546078.61
11598061,7304451.3,3726804,3726804,1918303.4,1139107.3,1139107.3,1139107.3,1139107.3,512791.79,325483.82,325483.82,325483.82,325483.82
24256827,15443683,9402720.8,3044930.9,2443179,1425218.6,1117624.2,960924.17,482007.36,482007.36,482007.36,482007.36,400222.8,400222.8
12947090,4430589.5,4430589.5,3901490.1,1964442.5,836078.12,702938.63,356466.54,266974.46,188099.51,188099.51,188099.51,188099.51,188099.51
16259725,6466573.2,3119789.8,3119789.8,1200996.6,1174152.4,759448.8,701635.51,701635.51,556632.82,556632.82,533313.32,533313.32,426285.46
5892174.3,5892174.3,4077287.2,3501182.3,1362325.8,1362325.8,982248.69,595042.18,333062.24,333062.24,304169.73,304169.73,304169.73,304169.73
29490498,14160487,12215193,4963827.2,2307062.9,964477.78,906963.4,694508.84,694508.84,623850.87,358710.28,358710.28,358710.28,323984.95
15465734,8782331.4,1496415.3,1496415.3,1043499.3,964237.11,799366.28,799366.28,554271.14,331272,331272,331272,331272,331272
4450990.6,1851260.2,1749292.6,1749292.6,1718317.9,710228.46,710228.46,509368.2,509368.2,325612.46,325612.46,325612.46,325612.46,325612.46
16213343,10135923,3678380.5,2896229.9,1694805.5,1326257.5,442449.88,442449.88,374438.73,299225.77,299225.77,299225.77,299225.77,299225.77
14797656,14797656,2605651.3,1924329.3,790521.98,330338.86,330338.86,330338.86,330338.86,330338.86,330338.86,306168.86,306168.86,306168.86
12446765,2387417.4,2387417.4,678581.45,602968.68,440710.58,318935.71,318935.71,139951.67,139951.67,89588.507,89588.507,89588.507,89588.507
12811995,5232493.1,2700639.3,1279338.3,1279338.3,754426.27,726219.22,726219.22,726219.22,369394.99,369394.99,369394.99,369394.99,369394.99
8488908.4,8488908.4,7528454.7,2440234.4,1494843.2,834122.6,447132.8,447132.8,396984.08,396984.08,392238.64,392238.64,99672.573,99672.573
11196494,6329210.9,5076932.5,3469543.1,1461868.8,835653.37,835653.37,835653.37,714407.65,714407.65,714407.65,714407.65,714407.65,674219.9
27168991,9470137.8,9470137.8,4253660.5,2402536.5,658863.8,658863.8,658863.8,563094.7,319983.14,319983.14,319983.14,319983.14,319983.14
15865277,5956538.2,2699392,2630000.9,1786119.6,1445582.2,1445582.2,801253.99,265880.98,265880.98,265880.98,265880.98,265880.98,265880.98
23571113,2286264.5,2286264.5,2286264.5,1594803.5,707152.86,602116.17,602116.17,602116.17,521450.1,488225.84,488225.84,488225.84,488225.84
