"X1","X2","X3","X4","X5","X6","X7","X8","X9","X10","X11","X12","X13","X14"
57.127511,57.127511,57.127511,50.377576,36.625475,23.675453,23.675453,23.675453,23.675453,14.634969,11.420896,7.9677697,4.9282807,4.1602306
74.87825,64.762506,50.508667,40.92978,40.752733,29.874837,29.874837,23.062156,23.062156,19.015677,19.015677,17.759221,17.759221,17.194514
73.071658,59.660551,48.539868,35.706133,35.706133,28.077353,28.077353,28.077353,26.028313,23.216448,19.916311,19.685955,19.685955,19.685955
76.853742,45.790084,39.912557,39.912557,33.94937,22.99465,18.165987,18.165987,18.165987,18.165987,18.165987,18.165987,13.247235,13.247235
86.508002,75.075203,59.958094,50.865356,39.768064,38.368679,28.37556,24.395961,17.871478,17.871478,17.871478,17.871478,17.871478,17.871478
78.074171,77.375775,54.452682,32.239902,32.239902,24.748335,24.748335,14.546535,13.701971,8.6959457,7.4528778,7.2719784,7.1116457,7.0123434
67.437243,19.004184,19.004184,19.004184,19.004184,19.004184,19.004184,19.004184,16.151725,11.896723,11.896723,11.896723,11.896723,6.976952
69.650646,49.521972,38.487031,37.559129,37.524253,18.02671,18.02671,18.02671,18.02671,17.009703,13.37745,12.542501,7.9913599,7.5421239
60.075748,56.500688,56.500688,46.236478,35.335937,27.142554,27.142554,26.821787,16.373297,16.373297,13.19428,10.742055,10.742055,10.742055
79.869393,56.305867,54.0529,50.644888,40.24562,31.221488,28.949431,23.591728,11.633349,11.633349,9.1225323,8.3013005,7.5524494,7.3905144
73.92672,56.474952,54.106234,54.106234,34.586898,25.1654,25.1654,23.780303,23.780303,23.780303,20.345695,20.345695,14.138968,8.2140059
50.231998,50.231998,50.231998,45.752664,38.032952,28.34767,22.734481,18.399753,18.399753,18.399753,18.399753,18.399753,13.141306,13.141306
95.28808,69.974316,51.558901,38.799935,38.631248,31.378873,13.907113,10.874832,10.874832,10.874832,10.874832,9.9191633,6.5772087,4.1878764
70.562819,61.584669,50.032136,48.864415,37.419739,25.681861,25.681861,25.681861,22.011313,22.011313,21.050051,20.705708,20.705708,20.705708
64.500191,57.693342,36.195508,34.846226,34.846226,34.846226,23.025502,23.025502,23.025502,23.025502,23.025502,23.025502,9.9628088,8.5773303
50.084357,50.084357,49.464072,47.199042,39.595776,20.656302,20.656302,19.905912,11.050417,11.050417,11.050417,11.050417,11.050417,11.050417
73.180979,56.088813,56.088813,42.751237,30.827639,23.455695,21.343014,20.586178,20.586178,13.080701,10.872499,10.872499,9.5251981,5.3969045
78.927321,67.936323,41.310016,41.310016,41.310016,26.753824,24.489383,23.500804,23.500804,23.500804,22.714668,22.714668,16.845957,16.845957
86.182302,61.394019,52.114477,45.371292,20.074116,20.074116,20.074116,20.074116,20.074116,5.1219075,5.1219075,3.3367539,2.1765697,2.0338778
57.716714,57.716714,57.716714,48.881181,30.233188,16.120441,16.120441,16.120441,14.427009,8.3756329,8.1561841,7.6634047,5.8565915,3.4078557
70.552034,69.971253,53.234295,39.131227,29.945756,29.945756,23.692232,23.692232,15.697626,15.697626,13.699308,11.002503,10.26776,10.26776
63.761229,56.81418,44.341209,44.341209,44.336019,25.136918,20.802487,20.802487,13.962117,13.338996,9.1920602,7.2096973,5.3401517,4.8627244
83.045082,72.108384,28.318759,28.318759,28.318759,28.318759,24.459753,20.647853,20.647853,20.647853,18.335967,18.335967,17.194548,17.194548
85.390004,51.613556,33.959427,33.959427,33.959427,23.317142,15.229125,15.229125,11.521226,11.521226,9.4850612,9.4850612,9.2040485,5.8748517
77.145641,39.934386,39.934386,39.934386,34.252106,21.699274,15.506463,9.8490044,6.366266,6.366266,4.2275082,3.1439851,2.5670426,2.1136699
69.022294,60.130825,51.484371,48.737045,33.882771,27.677515,19.745674,12.564453,7.7435529,6.4572835,6.4572835,4.0128445,3.4866184,2.4440097
71.693391,45.000504,36.371097,36.371097,29.933651,29.933651,14.629141,13.82927,11.414712,9.2680427,5.0388211,4.2116612,3.329195,3.1143781
79.057846,65.078611,59.254745,44.916378,35.907444,29.836477,21.466128,13.994472,13.994472,13.333005,12.479204,11.344879,8.5407661,6.133351
91.568322,56.435957,31.417421,31.417421,30.523858,27.798189,27.798189,25.409811,18.075923,14.773286,14.773286,14.773286,12.493682,12.493682
76.758981,51.106954,51.106954,46.819748,32.495518,25.018478,20.326371,12.306572,9.7102675,6.5708314,5.5853473,5.2983661,5.0706914,5.0262822
88.483994,53.003381,43.86073,43.86073,35.357778,21.771633,18.692869,10.262899,8.2686819,5.8913829,5.5335143,5.299943,5.0572901,5.0140362
86.442523,71.402477,36.12647,36.12647,27.767213,25.126589,21.435588,11.766864,11.766864,6.1423064,6.1423064,4.1997517,3.8242227,3.1926036
81.556826,70.323504,46.9065,45.004239,36.390367,32.851905,22.5118,22.5118,22.5118,22.5118,15.785347,15.658335,7.8302079,7.3175737
86.98095,47.140341,47.140341,42.76558,33.040914,29.838622,25.158775,19.196052,5.9746421,4.1252344,3.3276796,2.0891362,2.0126649,1.9977731
57.744747,55.063765,51.633056,41.797713,35.304305,28.978978,28.978978,14.291943,14.291943,14.291943,12.558933,12.558933,10.315764,9.7595111
69.430122,65.932112,58.946914,42.597092,35.895002,31.249793,29.889825,29.889825,24.431609,16.045894,16.045894,16.045894,16.045894,15.749873
78.699054,64.423691,61.161103,51.902315,32.489054,15.501249,15.501249,14.439315,14.439315,14.439315,6.8469131,5.9915602,5.7787209,5.1282257
56.408835,46.446303,46.446303,45.792092,27.965859,27.965859,27.526657,24.888366,24.888366,24.888366,24.888366,24.330317,20.806938,20.806938
76.434636,58.348068,48.098952,48.098952,40.096654,29.078545,29.078545,21.41603,10.745598,5.5557389,3.9259537,3.0262818,2.3917788,2.3413615
64.007297,49.564617,49.564617,31.236937,29.692774,20.01052,20.01052,20.01052,10.109782,10.109782,9.909821,6.1265308,3.9805552,2.7943228
50.317672,44.82102,44.82102,33.154916,20.914945,20.914945,17.861314,14.646014,14.646014,12.27333,12.27333,10.122147,8.2387761,6.7452355
76.910842,57.19345,57.19345,54.109433,36.720088,31.196496,27.4877,27.357324,20.505001,17.730941,17.730941,16.374746,16.374746,14.894067
85.791375,57.528011,52.675408,40.295354,33.91994,28.286839,22.43628,22.43628,16.831309,16.831309,16.831309,10.453976,10.453976,10.453976
97.307809,60.980025,40.376545,40.376545,38.540486,23.059835,23.059835,23.059835,12.686926,9.5742128,8.2240973,6.4211614,6.0933267,4.7836465
91.887258,48.617634,36.607574,36.607574,36.607574,27.695315,27.695315,22.743198,22.743198,22.743198,22.743198,22.743198,22.743198,19.726576
83.593868,66.836996,54.964523,34.325345,26.126513,25.322331,14.947726,13.502242,13.502242,11.926205,10.449583,10.005167,9.9647292,9.9520714
77.898458,67.639925,54.567326,45.122752,37.824111,24.220971,24.220971,19.542182,17.874246,17.874246,17.874246,17.874246,7.2032717,7.2032717
76.049737,59.842357,57.94162,38.343459,37.836581,36.700489,26.66308,23.999148,20.621063,18.550781,11.802362,11.802362,11.802362,10.767647
76.793077,56.239746,46.871654,41.085846,39.287286,29.716438,24.57607,18.164971,16.411938,13.837477,9.316865,6.6922141,6.2449616,3.0292825
101.31827,55.879832,40.401339,40.401339,40.401339,18.598234,16.337571,10.641957,10.641957,8.8156168,5.1692177,3.3457951,3.1637261,3.0285069
79.079457,62.02641,59.164749,49.528999,45.963248,25.838542,15.609008,15.609008,14.209468,12.402274,11.076232,9.6250681,7.3061336,6.8583537
