"X1","X2","X3","X4","X5","X6","X7","X8","X9","X10","X11","X12","X13","X14"
23823409,142751.31,41391.524,8204.017,5879.2175,5732.9423,5731.0694,5731.0013,5730.9806,5730.5979,5730.0116,5700.4014,5577.6951,5528.3409
22550029,66036.203,16238.57,5034.8305,3056.2274,2885.8909,2824.8119,2822.9933,2822.3636,2815.533,2815.3506,2814.7642,2814.5464,2814.5288
45317062,116236.44,30555.224,3880.5785,1713.9338,1604.1374,1585.5128,1583.2754,1583.2629,1583.2508,1583.231,1583.231,1583.2194,1583.2136
17439711,153331.72,54472.894,7549.8264,1062.7249,805.92928,801.73427,678.57794,675.99329,591.9562,556.88219,551.72634,549.76907,524.866
15203428,110471.9,18731.78,6045.0062,1542.3671,1042.049,1005.8254,947.08468,916.29362,911.75884,909.40483,908.31308,908.16699,907.58065
12859522,54123.863,14331.892,2236.1954,804.65264,465.06056,384.45956,327.19726,320.42706,313.06842,313.06498,313.0616,313.0616,313.0616
9160573.8,74086.235,26208.413,17115.743,16129.954,16071.317,16063.852,16048.946,16048.94,16048.923,16047.027,16032.722,16019.957,16013.842
14616940,72648.248,23651.353,1793.1506,855.56294,625.86463,592.47623,586.75711,583.86476,583.86366,583.86278,583.86263,583.86263,583.86263
17182514,113882.87,26818.475,5883.1004,2106.1271,1784.2586,1677.8248,1571.3846,1564.653,1563.8923,1562.2995,1562.2468,1562.196,1553.2251
13694279,107814.33,54566.025,21500.044,12063.337,11049.727,10965.112,10946.715,10912.06,10909.59,10909.588,10909.587,10909.584,10909.583
21406096,106771.12,33077.58,5972.9273,1049.6867,499.11127,406.40731,390.3862,377.15889,328.32105,323.81137,323.80577,323.80472,323.8038
17120713,355943.91,70860.999,32797.743,27523.245,25605.222,23424.315,22954.733,22153.922,21812.296,21750.654,21668.942,21509.66,21509.66
10698786,124768.14,22300.336,9862.4875,7672.05,7133.6118,6926.8296,6912.1795,6880.2106,6844.1578,6828.5085,6822.1501,6816.2148,6810.7882
10077321,133669.33,32169.467,12093.489,8101.77,7789.0528,7783.2581,7778.0579,7778.0575,7778.0575,7778.0553,7778.0425,7778.0425,7778.025
16293258,93186.379,15571.037,5295.7417,3085.8607,2791.017,2756.5151,2726.3478,2720.4064,2718.0288,2714.4999,2713.9257,2711.2594,2711.1524
7419518.5,53343.11,18173.86,7993.5,6602.4001,6495.5411,6492.8828,6492.5997,6492.3277,6492.2594,6492.2363,6492.2044,6492.1909,6492.1856
18962612,37532.528,5969.4925,1290.36,352.25599,228.3831,219.7144,219.04405,218.82733,218.60648,218.08413,217.73486,217.72247,217.70317
11811869,118590.45,44766.118,14307.06,11521.158,11326.383,11234.805,11212.037,11201.618,11199.002,11198.574,11198.311,11192.446,11192.245
9585812.6,46876.588,19913.124,11376.962,9742.0102,9522.8061,9465.1472,9449.5259,9445.8884,9445.8869,9445.8856,9445.8856,9445.8834,9445.8834
31562913,162638.33,70604.268,11370.593,8359.9601,8036.0754,8010.0401,7965.5566,7960.4503,7959.7161,7959.6332,7959.6164,7959.0849,7959.0801
14793434,46979.332,22868.048,14364.462,12790.689,12664.136,12593.883,12538.968,12528.819,12509.618,12505.492,12505.482,12505.47,12505.465
27371773,154083.05,51075.527,27498.781,17262.483,16819.403,16736.013,16706.352,16688.256,16676.497,16676.497,16671.048,16671.048,16671.048
22628328,199849.53,67260.974,36371.552,16552.368,15744.983,15504.703,15420.858,15308.69,15196.32,15196.32,15186.047,15186.047,15186.047
15906176,262175.51,27500.127,18022.32,16367.58,15871.911,15825.445,15813.772,15804.766,15803.853,15801.69,15800.408,15800.007,15799.884
29769639,124232.17,34779.666,4585.4171,1360.1085,806.39883,760.23076,725.33386,722.87754,721.92035,713.63291,712.79247,712.55161,698.52026
6089175.4,165702.81,8502.6945,1896.5201,782.80334,706.85344,690.3162,656.23761,650.66215,639.67604,622.86231,617.40906,611.79253,609.15777
17443694,50985.316,17860.26,5120.6336,4107.6419,3650.1243,3641.0159,3625.993,3592.5362,3592.5225,3592.5121,3592.5121,3592.5121,3592.5047
9223645.3,162318.67,26152.966,4994.7206,3096.5889,2893.1017,2763.5086,2745.3392,2738.4792,2735.1386,2734.9127,2734.7158,2726.8081,2726.3615
6974166.6,41071.921,21882.578,12803.349,11582.432,11352.8,11317.591,11301.965,11252.521,11243.07,11241.245,11240.377,11239.927,11239.074
40226793,1029951.4,263853.8,42355.353,28012.927,25290.268,25261.065,25116.381,24670.379,24253.619,23703.632,23372.988,23316.131,23316.131
22918740,131081.98,50846.833,8548.9018,5217.093,4927.2055,4904.4117,4894.4895,4893.6678,4832.1281,4828.468,4816.0989,4815.3919,4810.7827
25721183,61479.514,24710.062,7660.5542,1971.9235,1458.7262,1371.0348,1356.4552,1310.6954,1308.9862,1308.9578,1308.8856,1308.8409,1308.8354
40291652,186372.7,20152.578,11525.461,10324.848,10286.723,10204.41,10093.063,10038.74,9973.2127,9959.0273,9954.5462,9949.7651,9948.9636
16748794,107190.14,27316.376,7193.7572,4970.493,4800.561,4798.4162,4772.2048,4771.8353,4771.663,4771.4205,4771.3184,4771.2006,4771.1753
12918523,295283.96,35205.637,13887.737,2648.7847,1069.34,975.66384,955.36005,919.07495,902.00449,898.25196,897.94663,896.16809,895.36208
4919943.4,65619.043,26085.121,9247.4916,6556.5101,5196.6594,5164.4448,5155.8272,5145.6201,5140.7771,5139.9564,5138.3421,5138.1721,5138.1522
21686430,82069.728,29650.748,9296.6629,3698.3605,3340.931,3340.3834,3339.2096,3265.3152,3165.5769,3141.4611,3112.7291,3111.5745,3111.5668
14264242,80664.576,28664.428,8418.5406,4266.5446,4110.8025,4101.8437,4098.79,4092.2541,4067.9608,4057.8145,4056.7553,4056.7546,4056.7546
25680649,124760.9,40842.051,10637.31,5966.034,5792.4063,5757.9303,5743.7413,5696.9483,5687.3861,5686.7024,5686.1044,5671.5791,5621.3817
12609015,55804.66,14340.834,2984.4926,2138.2545,1935.123,1862.4538,1858.8619,1856.9294,1855.2308,1854.0619,1847.3797,1847.3479,1847.3459
14696192,71595.772,14376.189,7994.6526,6754.3467,6564.1878,6459.7548,6436.1056,6433.5731,6433.2058,6432.7355,6432.696,6430.7598,6430.7497
20679938,93168.259,49490.03,11807.383,6374.2831,5906.1018,5875.1334,5853.2422,5851.492,5850.4851,5847.7078,5843.4983,5842.7513,5842.5405
22284972,248336.18,101126.99,25277.025,14117.044,13314.925,13239.71,13210.698,13208.394,13206.687,13206.497,13133.093,13129.935,13129.935
14923734,215797.36,21304.68,6651.578,2135.3423,1913.1372,1889.4388,1881.713,1881.3225,1872.2083,1837.5731,1837.4007,1834.8774,1779.8953
23299697,254525.19,49995.635,13723.307,6384.5078,6115.5672,6068.1099,5989.9209,5627.0587,5426.3212,5399.9526,5347.5224,5339.9854,5338.815
12009088,45574.53,21149.007,16131.262,14473.381,14054.011,14004.639,13994.078,13967.202,13930.01,13912.82,13911.856,13906.401,13905.328
41938417,149136.37,17632.815,10919.284,6136.5788,5895.5869,5875.1949,5743.2151,5720.8835,5704.8192,5698.1563,5698.1563,5698.1563,5696.6395
18074712,614618.22,95221.956,20228.169,15327.868,14182.562,13650.958,13398.46,12308.374,11794.394,11717.499,11684.535,11646.537,11646.537
30374819,60327.133,28598.419,18992.501,18214.558,17543.215,17481.79,17466.489,17462.114,17461.301,17460.483,17460.46,17460.422,17460.033
24421336,85141.187,28888.613,7331.2303,5293.3332,5248.3713,5231.1808,5231.1575,5231.1205,5231.0855,5231.0646,5231.0434,5231.0434,5231.0318
10104392,90540.055,16547.579,11237.513,6231.4266,5905.1621,5773.0982,5673.1836,5589.3422,5566.8789,5537.3304,5531.6097,5527.873,5524.5009
