"X1","X2","X3","X4","X5","X6","X7","X8","X9","X10","X11","X12","X13","X14"
521.75856,453.60635,453.60635,415.18239,384.08825,117.49327,93.280737,86.99966,85.902405,83.606162,83.185037,83.138184,83.121718,83.117194
481.9099,467.6598,406.18436,395.68069,395.68069,333.87411,144.45067,100.88295,91.624863,90.82722,85.884655,83.651994,83.585198,83.578484
485.20489,464.72042,435.53124,414.43489,381.50234,281.56508,98.691743,79.122273,77.11337,76.66343,76.357429,76.079109,75.881504,75.845726
493.06647,418.1467,416.47184,416.47184,387.96462,326.81828,116.39438,87.210729,85.632758,83.752589,82.450338,81.468991,81.441523,81.226339
530.34601,440.02463,440.02463,427.42607,379.8567,335.11508,129.20667,114.63623,112.42423,111.2983,110.81343,110.4511,109.68069,109.66257
540.5197,457.00722,457.00722,443.64732,388.30992,346.31478,193.63329,114.26832,111.56458,110.79023,109.68484,109.26246,106.80168,106.58778
526.01731,458.04478,452.93727,406.12717,378.79261,330.34375,102.77718,76.736708,75.647891,75.624187,75.622864,75.622711,75.621567,75.621454
509.91047,460.39596,429.82012,411.7082,348.82839,170.21912,103.30883,99.630833,99.569237,99.509392,99.503843,99.503344,99.503304,99.503247
552.5221,509.14189,397.85128,397.85128,372.58486,145.64012,133.2013,132.62495,130.58503,130.36938,130.34114,130.34011,130.33965,130.33944
539.26527,470.67512,463.19874,443.47417,391.04001,272.13818,104.28194,91.598858,90.542406,88.242962,87.317223,87.226269,87.218653,85.767726
520.22643,467.93984,442.55365,401.21003,361.91408,127.81265,90.197831,89.124012,88.884044,87.136224,86.931537,86.864449,86.838043,86.807712
503.39063,483.28273,470.51125,432.58335,424.92676,364.22818,118.42124,113.42147,109.50004,109.32011,109.22181,109.20797,109.16209,108.96384
493.20909,419.1014,419.1014,414.26938,366.64717,144.42044,116.53474,102.36751,101.16256,100.67369,100.25716,99.488927,99.444594,99.384172
528.84613,464.98012,446.88608,416.32734,405.73962,377.39712,294.28771,90.24855,86.513046,84.820277,84.633025,84.591006,84.572832,84.572794
524.40668,496.95611,454.48614,435.94964,383.42857,111.30592,92.810435,87.315034,87.027375,86.882184,86.567767,86.5639,86.563787,86.563736
497.69254,489.87696,464.03284,390.28865,359.56298,292.55595,93.286171,88.785893,88.600531,88.499657,88.473249,86.616525,86.562268,86.561388
497.26003,472.67574,459.7184,437.15612,406.0567,319.1286,160.66418,100.60609,92.157059,86.189787,82.696128,82.654559,82.642521,82.582265
519.33359,457.21093,457.21093,425.01728,341.18653,122.7681,113.53546,104.13487,102.50127,102.4819,102.48096,102.48092,102.48067,102.4806
510.15798,470.63494,437.71277,407.7145,355.05778,149.81907,103.02511,97.46894,96.597792,96.505468,95.554452,95.491653,95.42161,95.406124
457.54352,457.54352,445.55044,416.68831,403.28668,283.63656,101.16583,83.886922,82.632048,80.76197,80.025723,79.926145,77.930798,77.640037
542.13019,485.20729,420.48647,420.48647,381.18212,170.9979,102.29241,99.472891,99.278425,98.960937,98.640916,97.60334,97.236168,96.69036
464.55788,437.8219,401.24922,391.09251,339.8104,336.80563,336.80563,76.004616,69.643963,69.036952,68.252169,68.093253,68.053362,67.965788
500.90835,485.1375,455.82068,420.9043,419.0244,356.87536,156.87897,92.979962,87.662583,85.741859,84.667023,84.198977,84.16616,84.121477
513.98452,463.17539,441.1066,412.16674,352.81684,292.66178,110.98888,90.160388,87.349722,84.923643,84.678052,84.654377,84.632795,84.57217
509.97097,490.8438,465.30192,456.57733,428.7217,334.94104,194.84386,134.97229,133.76334,132.88378,132.0898,126.88612,125.87703,125.05007
490.25043,482.69675,477.92589,434.70007,379.25078,374.93042,302.99764,117.37925,105.00054,104.20172,103.83426,102.48847,101.29651,101.19314
491.16681,439.77087,439.77087,432.82818,294.31524,114.22363,113.5105,113.41269,112.78556,112.70329,112.38666,112.2818,112.26997,112.23742
484.37021,444.90254,425.07938,393.81337,344.22123,149.19416,91.689889,87.37252,84.986173,84.427064,84.120608,80.839184,80.427894,80.296149
459.3542,459.3542,458.72332,438.24828,397.12318,355.64763,305.28456,133.68318,88.297466,85.067052,83.67776,83.598013,78.537858,77.634865
527.34253,477.58375,450.34345,447.90117,440.76027,153.79076,122.19371,117.88446,116.19004,113.53065,113.45368,113.42558,113.42511,113.4251
513.92499,452.41449,452.41449,441.76435,394.29216,200.13037,115.53216,107.77572,105.27266,104.71372,104.68271,103.24121,101.52296,101.49814
536.66457,503.04945,493.94244,458.9195,429.42894,380.90787,261.62275,109.19339,108.45182,108.45058,108.45045,108.45036,108.45036,108.45036
501.20096,440.4895,408.17118,408.17118,399.14297,349.73198,284.12249,116.89112,89.858794,85.745436,84.580903,84.071989,84.023048,83.985358
520.71642,461.6211,412.88203,412.88203,374.44829,118.0676,105.31738,100.52258,100.5089,100.49118,100.49113,100.49112,100.49107,100.49107
517.97585,477.38993,461.29368,421.92824,406.3961,299.88084,128.19006,116.29858,113.85912,111.80128,111.42329,111.18647,110.66181,110.3879
496.72357,457.78579,423.59724,423.59724,401.64023,248.7125,77.82759,74.158819,73.98878,73.898125,72.226364,70.771461,70.025476,69.43851
529.69157,467.44385,430.41113,421.06124,402.81055,283.3119,107.79222,99.757069,99.537427,99.529545,99.4974,99.496516,99.496492,99.496479
424.65427,424.65427,424.65427,373.57338,363.69699,128.04657,118.54925,116.94571,115.57855,115.42399,115.41706,115.4164,115.4163,115.41629
456.73576,445.0639,425.3997,384.87359,384.87359,288.35601,108.53098,103.7069,102.64284,102.52209,102.48145,101.99562,101.88053,101.85499
508.50464,474.3685,474.3685,417.31953,365.08713,130.8854,127.92892,127.74851,127.4081,127.31888,127.31178,127.31016,127.30413,127.29328
500.39729,446.7041,421.45306,410.01825,349.1382,90.182602,66.407479,65.764358,65.645667,63.504664,63.360143,63.329699,63.323989,63.318847
474.23636,462.29969,445.5621,379.80178,177.67812,86.932822,86.566669,86.561528,86.561414,86.561405,86.561402,86.561377,86.561377,86.561368
520.81378,472.14224,442.23883,413.9949,393.56714,375.02971,305.59576,118.89088,83.684908,80.507362,79.652772,79.221062,79.158419,77.591785
506.96975,444.12795,424.90018,412.50596,385.1267,341.45078,276.50556,238.695,108.37595,84.109091,78.749272,76.0268,75.916507,75.532626
540.87747,481.0253,460.03784,414.33487,397.90734,330.67806,307.92491,117.51951,90.205659,86.787025,86.624537,86.461735,86.403157,86.399025
506.85993,469.21839,416.46994,387.51515,349.88737,138.38575,110.18615,106.69702,105.51531,105.39722,105.22632,97.354943,95.596372,95.542602
543.30452,486.95695,454.54862,434.36807,414.99258,384.4771,358.04504,146.25773,120.3914,111.44855,108.10359,106.35254,106.22576,106.17432
475.54362,475.54362,425.22041,383.32069,383.32069,147.10568,120.18377,115.58363,114.40598,112.64995,112.62332,112.60096,112.55224,112.55046
489.48554,489.48554,439.22911,416.72673,399.53411,317.73319,167.77266,102.4062,98.185937,97.52392,95.142218,94.617947,94.605133,94.597316
503.38506,471.19098,422.83498,420.83647,396.22533,333.66868,94.064833,89.877513,88.088659,87.631864,86.855343,86.766642,86.507252,86.468113
477.55804,439.44925,401.90282,389.11166,367.11305,328.11948,278.23805,265.67483,81.389216,75.387589,73.416286,73.117254,72.759657,71.76674
