"X1","X2","X3","X4","X5","X6","X7","X8","X9","X10","X11","X12","X13","X14"
6598.4148,2895.1759,1824.5724,1171.2946,923.98089,736.55843,704.12106,667.23129,659.96303,655.81877,649.41156,635.64965,635.12492,634.41146
4561.5861,2607.0384,2102.6672,1365.8287,977.0573,787.92316,736.80844,716.10917,707.24274,703.85333,701.34249,700.50343,700.41563,700.23689
6057.224,2910.6556,1772.3202,1160.2463,903.80624,793.66076,759.40197,731.37281,723.10535,719.55058,694.77326,693.33491,692.72129,692.54616
4995.4984,2400.6669,1570.3244,956.45469,692.13642,579.56817,541.80206,535.46995,532.2942,531.40514,528.97333,528.55247,528.52681,526.98526
10533.35,4812.9626,2838.6208,1742.5244,1024.1455,794.97824,723.50896,666.1026,647.3907,643.42632,629.2666,626.46624,626.11756,625.75022
4641.6453,1974.4385,1413.8523,1049.2259,762.95515,619.26566,571.50078,555.99499,540.77689,539.24743,537.4685,535.79206,526.87075,525.37955
4611.1257,1989.4912,1402.7155,941.62216,607.64739,511.95546,440.27043,431.54069,420.71244,416.79559,415.16137,407.04102,405.77177,404.27679
6618.6359,3107.5238,2095.1689,1189.9263,780.46317,646.49945,614.76879,609.47754,608.0116,596.84586,585.53939,584.43048,583.86666,582.99728
6221.2253,3263.5461,2438.0854,1572.5875,1017.6027,782.65011,724.85112,649.64721,638.36417,608.96304,603.78468,598.25702,597.84946,592.35221
6090.4666,2274.3761,1531.0163,1113.6824,882.34745,695.18969,665.53278,659.76476,644.73133,633.72955,632.29186,632.08825,631.93107,631.76501
6461.4028,3303.0383,2187.2491,1420.8362,1072.8653,905.34172,878.03421,867.51166,865.34012,863.7729,863.11738,862.74124,861.65246,861.60468
5909.1888,2506.6325,1850.8171,1407.006,1144.5886,946.08967,890.00604,878.75075,863.60243,852.49366,850.91337,850.41815,849.07874,849.00184
6036.3948,2935.7309,2290.8192,1740.7992,944.49597,757.33097,715.37516,697.27594,672.99963,670.13823,665.91106,665.51339,665.46284,665.07248
3921.4072,1992.6643,1558.1428,1072.2028,767.54289,657.01102,626.90991,620.69358,617.91442,613.95067,613.19521,612.93544,611.56409,610.95234
5970.2275,2541.962,1739.2996,1235.1933,961.97449,810.79961,783.56396,764.53976,762.45542,757.76666,756.90845,755.48519,755.41766,755.34814
7128.431,2559.2032,1804.2958,1337.3558,1059.0284,920.10114,854.84724,849.11185,843.07116,842.66135,842.04677,841.04425,840.86598,839.18312
7123.1758,2941.7017,1935.1923,1352.7921,935.80753,788.05078,731.81622,718.00636,702.67572,698.65008,678.08625,677.16878,676.82255,674.57845
8107.2344,3587.6477,2420.7945,1710.7149,1224.9509,965.63276,849.50091,823.11417,811.91517,801.90095,798.33966,797.58327,793.1019,792.76676
5350.5889,2327.7835,1652.8266,1155.536,958.70575,796.49793,740.18659,715.43009,709.84526,708.05503,707.50428,706.504,706.43543,705.37295
9446.2138,3659.4512,2342.2434,1599.1304,1260.5393,1085.1465,979.47028,947.09483,934.43069,813.09543,806.99721,806.02634,802.37557,802.24816
4785.7444,2225.3584,1529.5696,1147.5436,809.46331,723.66737,707.47004,681.51477,678.00704,677.01422,676.3262,676.29813,676.28432,676.28289
6774.5971,3898.0343,2599.8639,1599.1932,1001.7323,783.32568,748.3721,726.01043,682.98998,673.1522,670.89288,637.28151,633.45998,631.47356
6600.7251,3202.1526,2063.7167,1374.8221,950.08279,801.99185,750.7503,649.79656,640.09858,635.01614,634.38869,633.62096,632.75511,632.57687
6143.4785,3149.3467,2337.9888,1631.1143,1161.608,1003.2123,976.88079,907.40764,886.33565,876.49985,874.27019,873.77915,868.4227,864.04506
7235.5948,3554.2028,2512.1809,1360.1856,1000.2844,822.25443,789.82369,782.2635,778.71396,776.00993,774.60165,774.50202,774.39476,774.33789
6273.3392,3008.7479,2364.7609,1620.3258,1116.7792,1001.662,955.91805,836.26857,830.98451,829.88764,829.57891,823.50668,821.69032,821.56155
6124.9052,3177.2263,2207.0413,1625.9426,1160.4037,990.34818,933.71485,916.1542,899.23745,898.23145,817.32353,816.6171,816.21802,811.96734
6263.0156,2704.5053,1674.8823,1061.1145,732.02966,619.40763,575.6264,551.02914,548.19837,543.68478,528.89585,525.40117,525.20322,524.33027
6203.5943,3140.2847,1880.3295,1236.7314,885.6164,666.63563,627.71252,602.18423,592.11015,583.5377,580.17392,579.95673,579.83164,578.49969
6640.554,3107.783,2322.7407,1697.5894,1085.1175,934.53448,855.37203,843.48773,798.58452,790.84177,788.14433,787.72204,779.05764,778.75593
8770.0682,3773.861,2468.9175,1650.7543,1135.9935,955.47292,901.71604,890.21062,871.29035,869.4825,867.56888,863.53121,863.35897,863.11775
4822.6432,2184.4115,1497.2017,1115.0774,798.57921,608.13493,583.11317,569.79318,566.07005,562.9944,561.83668,559.70177,549.04377,548.86855
4559.344,1881.8686,1430.3784,936.57643,696.91187,617.03085,603.4252,593.24814,592.00605,589.41115,589.00616,587.88325,587.82682,587.16533
6768.9862,3026.8206,2138.2977,1481.2908,1139.0726,971.33241,931.8168,919.06506,913.03954,907.58317,904.9387,904.39375,901.62998,901.23759
8003.9194,4797.0933,3462.5074,2076.309,1449.2721,1002.8425,961.60772,930.6402,927.59936,924.75728,922.17749,881.59257,879.40586,878.80698
6914.4842,3274.2805,2100.3706,1509.8764,891.90983,768.32459,715.40241,684.02579,667.39716,655.62525,654.89411,654.78556,652.63104,652.54494
6555.5552,3392.2729,2296.6482,1632.2048,1095.3808,946.53061,858.11308,825.91311,820.53731,814.18967,810.11969,798.27941,796.69712,796.43623
5120.4975,2615.8077,1912.7721,1503.0692,1033.5516,910.90703,883.8199,858.94647,855.42577,825.17603,818.8315,816.20316,815.40013,810.96768
7353.6899,3294.2708,2166.4185,1449.4974,978.00295,829.56467,789.83338,778.23227,775.19008,773.58362,773.28751,773.07123,772.67239,772.53175
6641.2046,3269.6525,2165.4993,1532.8545,937.09344,733.99713,705.86949,696.69633,693.48915,692.70662,691.98746,691.66127,688.36013,688.26531
7201.8052,2640.9486,1680.2446,1212.7338,823.71669,626.29908,580.61177,574.38607,568.02402,564.9478,562.94067,557.52421,556.33378,555.91497
6561.2457,3124.3563,2078.7193,1311.5459,1001.0332,856.02707,814.51785,782.97631,773.07086,771.76287,752.39853,746.72562,735.01462,734.66511
8675.1333,4052.2479,2685.5772,1717.9746,1116.3813,984.7411,942.55061,929.79857,918.06872,890.18197,884.53955,883.32629,883.23712,882.79483
6341.1843,2786.7024,2095.2515,1508.0658,1077.5554,852.09973,807.34558,793.0685,785.39189,784.44372,780.22006,758.94098,758.74035,752.59413
6784.855,3345.139,2368.0578,1364.0013,928.58731,775.17937,728.76741,705.13575,696.2597,689.6051,688.27151,686.04234,685.72587,685.34933
7439.4731,3752.2133,2224.1679,1478.6763,1073.6046,690.83081,624.59761,588.18502,577.22722,574.71358,574.51186,573.23531,572.00492,571.96905
7147.0411,2923.4993,1781.8633,1186.6078,770.4019,609.6237,554.54317,531.97184,516.58513,514.57291,512.02299,510.49676,501.66437,499.31488
5554.2662,2708.8799,2082.5882,1407.5323,1120.427,917.42445,881.29829,865.64533,856.40967,855.39152,846.13288,844.96246,844.66297,844.05251
6965.4667,2752.5297,1736.7416,1279.7223,942.03258,846.221,780.90239,765.12597,748.44663,743.70268,738.40415,732.58691,731.10879,730.49528
5015.6813,2296.356,1613.7435,1163.5364,808.99791,713.96222,660.38291,632.88599,612.49307,611.27265,608.29449,607.05615,606.43813,605.7538
7159.1467,3684.3007,2717.6444,1893.1697,1118.4098,850.67357,795.61925,769.74732,753.41256,740.52734,737.29839,736.96726,736.49455,736.38957
